100.898	821
102.73	857
104.561	835
106.393	803
108.226	811
110.056	812
111.886	819
113.716	794
115.548	780
117.377	782
119.206	800
121.034	792
122.864	811
124.692	740
126.519	795
128.346	775
130.173	767
132.001	779
133.827	768
135.653	766
137.478	745
139.303	731
141.127	733
142.953	757
144.777	754
146.601	725
148.424	777
150.246	754
152.069	755
153.891	706
155.712	735
157.533	741
159.356	737
161.177	752
162.997	730
164.817	730
166.636	766
168.456	775
170.274	757
172.093	720
173.911	717
175.729	740
177.546	739
179.363	746
181.179	751
182.996	760
184.812	698
186.627	727
188.442	733
190.257	742
192.072	743
193.886	728
195.7	741
197.513	731
199.326	737
201.139	746
202.951	735
204.763	710
206.575	736
208.384	743
210.195	741
212.006	711
213.816	761
215.626	725
217.436	731
219.245	760
221.054	762
222.862	776
224.668	750
226.476	711
228.284	728
230.091	749
231.897	740
233.704	748
235.508	730
237.313	721
239.119	754
240.924	710
242.728	744
244.53	725
246.334	716
248.138	743
249.941	747
251.744	716
253.545	740
255.347	737
257.148	760
258.95	781
260.749	751
262.55	745
264.35	758
266.148	688
267.948	749
269.747	735
271.546	728
273.343	747
275.141	742
276.939	744
278.735	746
280.532	753
282.329	726
284.123	706
285.92	742
287.713	755
289.509	752
291.304	746
293.097	736
294.891	730
296.686	708
298.477	727
300.271	713
302.062	757
303.854	699
305.645	724
307.437	703
309.229	713
311.018	756
312.809	705
314.597	739
316.388	710
318.176	732
319.965	750
321.752	743
323.541	744
325.328	750
327.116	731
328.902	765
330.689	715
332.475	758
334.261	738
336.046	733
337.832	759
339.616	747
341.399	777
343.184	752
344.967	745
346.751	779
348.534	709
350.317	779
352.099	768
353.88	782
355.662	783
357.443	756
359.223	746
361.004	741
362.783	750
364.564	764
366.343	726
368.121	731
369.901	736
371.679	738
373.456	746
375.233	775
377.011	759
378.788	751
380.563	735
382.341	763
384.116	766
385.891	762
387.667	765
389.442	773.5
391.215	782
392.989	690
394.764	731
396.537	748
398.309	743
400.081	768
401.853	754
403.626	725
405.397	783
407.168	729
408.938	747
410.708	771
412.48	779
414.249	764
416.018	791
417.787	787
419.555	785
421.323	744
423.091	767
424.86	731
426.627	751
428.394	754
430.16	786
431.926	743
433.692	804
435.457	773
437.222	801
438.986	783
440.751	755
442.515	727
444.28	759
446.043	767
447.806	793
449.569	753
451.331	733
453.093	754
454.854	749
456.616	766
458.376	750
460.137	785
461.897	743
463.657	739
465.416	733
467.176	763
468.934	770
470.693	753
472.449	787
474.207	739
475.964	741
477.721	763
479.478	735
481.235	744
482.991	759
484.746	753
486.502	762
488.257	784
490.012	784
491.764	762
493.518	766
495.272	790
497.025	787
498.779	774
500.531	763
502.282	741
504.034	750
505.785	770
507.537	746
509.288	791
511.039	806
512.787	759
514.537	781
516.287	761
518.036	783
519.783	811
521.532	747
523.28	785
525.029	738
526.774	775
528.522	787
530.269	772
532.015	782
533.76	780
535.506	742
537.251	788
538.995	775
540.74	768
542.485	731
544.227	788
545.971	743
547.715	834
549.456	797
551.199	792
552.942	770
554.682	779
556.424	776
558.164	774
559.905	749
561.646	757
563.385	778
565.125	754
566.863	833
568.603	810
570.341	784
572.08	755
573.818	763
575.555	777
577.293	815
579.028	776
580.766	800
582.501	778
584.238	780
585.972	772
587.708	779
589.442	809
591.177	781
592.91	775
594.645	760
596.377	773
598.112	792
599.843	809
601.575	808
603.308	797
605.039	804
606.771	776
608.501	809
610.233	770
611.962	794
613.691	808
615.422	772
617.151	750
618.879	746
620.609	750
622.336	770
624.063	794
625.792	750
627.518	783
629.245	807
630.972	780
632.698	796
634.423	780
636.15	770
637.874	766
639.599	765
641.324	775
643.048	796
644.771	796
646.494	802
648.219	817
649.941	825
651.663	759
653.384	794
655.107	792
656.828	801
658.549	816
660.269	789
661.989	807
663.709	817
665.43	789
667.149	804
668.868	859
670.586	801
672.304	781
674.021	854
675.741	805
677.458	801
679.174	813
680.891	801
682.607	802
684.323	789
686.038	801
687.753	776
689.468	821
691.182	829
692.898	776
694.612	780
696.325	807
698.038	817
699.751	807
701.464	780
703.176	808
704.887	820
706.599	788
708.31	769
710.021	778
711.731	772
713.442	779
715.151	789
716.861	798
718.57	776
720.279	748
721.988	772
723.694	773
725.402	778
727.109	769
728.817	810
730.523	789
732.23	776
733.936	778
735.642	809
737.348	809
739.053	805
740.756	791
742.461	809
744.165	823
745.869	782
747.573	788
749.277	788
750.978	819
752.68	803
754.383	808
756.085	782
757.787	819
759.486	816
761.187	813
762.888	784
764.589	819
766.289	796
767.987	846
769.686	847
771.385	803
773.082	811
774.781	810
776.479	828
778.177	811
779.873	849
781.57	797
783.267	839
784.962	837
786.658	784
788.354	811
790.048	822
791.743	836
793.438	790
795.131	788
796.826	798
798.52	867
800.211	826
801.905	814
803.596	813
805.289	832
806.981	830
808.672	786
810.364	799
812.053	800
813.744	816
815.433	800
817.124	822
818.812	821
820.502	810
822.19	810
823.879	789
825.566	830
827.255	835
828.941	786
830.629	812
832.315	816
834.003	830
835.688	811
837.375	830
839.059	837
840.745	818
842.429	787
844.113	785
845.798	819
847.481	804
849.165	821
850.848	826
852.53	816
854.213	833
855.895	840
857.578	809
859.258	826
860.939	791
862.621	800
864.301	853
865.98	797
867.661	838
869.34	817
871.018	851
872.697	834
874.377	830
876.054	847
877.731	861
879.41	853
881.087	868
882.763	844
884.439	909
886.117	914
887.792	912
889.467	897
891.142	841
892.816	876
894.492	865
896.166	843
897.84	843
899.513	837
901.186	821
902.86	782
904.533	813
906.205	777
907.876	794
909.547	799
911.218	773
912.889	801
914.559	793
916.231	797
917.901	785
919.571	752
921.24	812
922.909	807
924.577	768
926.245	748
927.913	769
929.581	778
931.248	766
932.915	789
934.581	784
936.248	777
937.914	744
939.579	808
941.245	781
942.91	783
944.575	767
946.239	807
947.903	798
949.567	744
951.231	820
952.894	804
954.557	800
956.219	786
957.882	811
959.544	771
961.203	775
962.865	804
964.526	765
966.186	750
967.847	785
969.507	769
971.167	809
972.826	827
974.483	773
976.142	797
977.801	794
979.459	794
981.117	788
982.773	765
984.43	823
986.087	820
987.744	820
989.4	802
991.054	790
992.71	788
994.366	824
996.021	833
997.674	772
999.328	794
1000.98	791
1002.63	802
1004.29	809
1005.94	818
1007.59	800
1009.25	822
1010.9	771
1012.55	804
1014.2	780
1015.85	788
1017.5	766
1019.15	791
1020.8	836
1022.45	761
1024.1	756
1025.75	758
1027.4	789
1029.05	775
1030.69	768
1032.34	762
1033.99	781
1035.64	757
1037.28	794
1038.93	759
1040.57	720
1042.22	741
1043.87	793
1045.51	777
1047.16	799
1048.8	765
1050.44	824
1052.09	795
1053.73	798
1055.37	802
1057.02	786
1058.66	796
1060.3	740
1061.94	765
1063.58	763
1065.23	765
1066.87	766
1068.51	788
1070.15	779
1071.79	777
1073.43	784
1075.07	840
1076.7	782
1078.34	762
1079.98	764
1081.62	814
1083.26	779
1084.9	836
1086.53	782
1088.17	781
1089.81	777
1091.44	776
1093.08	797
1094.71	797
1096.35	761
1097.98	781
1099.62	785
1101.25	802
1102.89	792
1104.52	802
1106.15	810
1107.79	772
1109.42	802
1111.05	796
1112.68	720
1114.31	788
1115.95	755
1117.58	761
1119.21	757
1120.84	741
1122.47	747
1124.1	760
1125.73	732
1127.36	762
1128.98	753
1130.61	730
1132.24	734
1133.87	742
1135.5	759
1137.12	702
1138.75	731
1140.38	746
1142	747
1143.63	731
1145.26	735
1146.88	715
1148.51	732
1150.13	719
1151.76	740
1153.38	727
1155	742
1156.63	762
1158.25	724
1159.87	744
1161.5	742
1163.12	740
1164.74	746
1166.36	745
1167.98	755
1169.6	755
1171.22	740
1172.84	733
1174.46	710
1176.08	726
1177.7	723
1179.32	745
1180.94	736
1182.56	733
1184.18	763
1185.8	735
1187.41	768
1189.03	769
1190.65	742
1192.26	741
1193.88	773
1195.5	812
1197.11	743
1198.73	741
1200.34	723
1201.96	754
1203.57	743
1205.19	752
1206.8	733
1208.41	768
1210.03	758
1211.64	755
1213.25	744
1214.86	752
1216.48	733
1218.09	746
1219.7	774
1221.31	699
1222.92	718
1224.53	737
1226.14	730
1227.75	730
1229.36	714
1230.97	724
1232.58	741
1234.19	736
1235.79	737
1237.4	742
1239.01	727
1240.62	697
1242.23	728
1243.83	672
1245.44	698
1247.04	733
1248.65	720
1250.25	700
1251.86	695
1253.46	695
1255.07	701
1256.67	707
1258.28	695
1259.88	699
1261.48	688
1263.09	712
1264.69	727
1266.29	697
1267.89	707
1269.5	713
1271.1	723
1272.7	757
1274.3	705
1275.9	696
1277.5	738
1279.1	727
1280.7	716
1282.3	724
1283.9	704
1285.5	695
1287.09	692
1288.69	751
1290.29	706
1291.89	699
1293.48	702
1295.08	711
1296.68	727
1298.27	723
1299.87	725
1301.47	720
1303.06	718
1304.66	731
1306.25	749
1307.85	767
1309.44	727
1311.03	730
1312.63	741
1314.22	726
1315.81	746
1317.4	734
1319	723
1320.59	693
1322.18	739
1323.77	749
1325.36	741
1326.95	727
1328.54	726
1330.13	735
1331.72	737
1333.31	728
1334.9	730
1336.49	735
1338.08	693
1339.67	713
1341.26	693
1342.84	724
1344.43	718
1346.02	691
1347.6	711
1349.19	731
1350.78	708
1352.36	708
1353.95	691
1355.53	706
1357.12	709
1358.7	700
1360.29	705
1361.87	722
1363.46	719
1365.04	662
1366.62	697
1368.2	673
1369.79	725
1371.37	684
1372.95	670
1374.53	715
1376.11	695
1377.69	667
1379.28	668
1380.85	698
1382.43	686
1384.01	654
1385.59	679
1387.17	687
1388.75	681
1390.33	706
1391.91	692
1393.49	653
1395.07	693
1396.64	695
1398.22	674
1399.8	650
1401.37	713
1402.95	686
1404.52	716
1406.1	664
1407.68	717
1409.25	689
1410.82	684
1412.4	699
1413.97	717
1415.55	677
1417.12	689
1418.69	705
1420.27	669
1421.84	696
1423.41	675
1424.98	739
1426.55	702
1428.13	686
1429.7	709
1431.27	711
1432.84	696
1434.41	681
1435.98	746
1437.55	662
1439.12	707
1440.69	688
1442.25	722
1443.82	703
1445.39	733
1446.96	690
1448.52	701
1450.09	730
1451.66	705
1453.23	734
1454.79	713
1456.36	735
1457.92	710
1459.49	756
1461.05	705
1462.62	741
1464.18	730
1465.75	702
1467.31	691
1468.87	695
1470.44	697
1472	674
1473.56	680
1475.13	676
1476.69	682
1478.25	700
1479.81	693
1481.37	669
1482.93	688
1484.49	664
1486.05	675
1487.61	687
1489.17	644
1490.73	682
1492.29	692
1493.85	678
1495.41	666
1496.97	683
1498.53	665
1500.08	682
1501.64	644
1503.2	679
1504.76	659
1506.31	663
1507.87	658
1509.42	656
1510.98	644
1512.53	693
1514.09	684
1515.64	657
1517.2	670
1518.75	696
1520.31	650
1521.86	656
1523.41	646
1524.96	659
1526.52	658
1528.07	666
1529.62	648
1531.17	655
1532.73	686
1534.28	677
1535.83	677
1537.38	668
1538.93	678
1540.48	668
1542.03	661
1543.58	675
1545.13	681
1546.68	689
1548.22	710
1549.77	714
1551.32	695
1552.87	708
1554.41	698
1555.96	642
1557.51	675
1559.05	686
1560.6	689
1562.15	693
1563.69	680
1565.24	698
1566.78	699
1568.33	689
1569.87	666
1571.42	655
1572.96	678
1574.5	698
1576.04	700
1577.59	705
1579.13	692
1580.67	698
1582.21	688
1583.76	680
1585.3	668
1586.84	689
1588.38	652
1589.92	677
1591.46	670
1593	709
1594.54	646
1596.08	699
1597.62	643
1599.16	643
1600.7	677
1602.24	658
1603.77	687
1605.31	659
1606.85	638
1608.39	679
1609.92	640
1611.46	645
1612.99	657
1614.53	673
1616.07	643
1617.6	644
1619.14	658
1620.67	653
1622.21	635
1623.74	679
1625.27	610
1626.81	639
1628.34	654
1629.87	649
1631.41	667
1632.94	664
1634.47	679
1636	630
1637.53	646
1639.07	674
1640.6	655
1642.13	666
1643.66	671
1645.19	671
1646.72	647
1648.25	668.122
1649.78	636.835
1651.31	685.408
1652.83	669.277
1654.36	651.865
1655.89	636.4
1657.42	686.036
1658.95	679.376
1660.47	661.575
1662	660.36
1663.53	682.509
1665.05	658.643
1666.58	695.409
1668.11	672.66
1669.63	661.165
1671.16	687.841
1672.68	676.29
1674.21	665.375
1675.73	685.607
1677.25	662.026
1678.78	689.685
1680.3	683.451
1681.83	661.037
1683.35	661.323
1684.87	651.449
1686.39	666.781
1687.92	648.977
1689.44	665.104
1690.96	664.024
1692.48	664.94
1694	660.002
1695.52	669.24
1697.04	674.252
1698.56	639.536
1700.08	684.452
1701.6	672.287
1703.12	664.944
1704.64	675.572
1706.16	661.625
1707.68	652.273
1709.19	678.335
1710.71	680.423
1712.23	668.554
1713.75	690.569
1715.26	664.353
1716.78	658
1718.3	660.981
1719.81	674.639
1721.33	640.238
1722.84	664.149
1724.36	658.393
1725.87	667.835
1727.39	659.405
1728.9	660.09
1730.42	642.544
1731.93	637.703
1733.44	662.607
1734.96	669.961
1736.47	638.948
1737.98	661.241
1739.49	654.882
1741.01	634.209
1742.52	656.137
1744.03	665.649
1745.54	670.6
1747.05	667.81
1748.56	652.334
1750.07	662.424
1751.58	673.306
1753.09	664.287
1754.6	654.587
1756.11	670.004
1757.62	671.063
1759.13	662.494
1760.64	679.136
1762.15	662.595
1763.65	638.605
1765.16	638.661
1766.67	665.538
1768.18	686.01
1769.68	686.104
1771.19	665.469
1772.7	669.453
1774.2	639.28
1775.71	671.314
1777.21	686.06
1778.72	653.887
1780.22	686.284
1781.73	648.874
1783.23	662.893
1784.73	674.46
1786.24	668.228
1787.74	694.837
1789.24	685.159
1790.75	724.498
1792.25	667.411
1793.75	692.132
1795.25	667.169
1796.75	689.576
1798.26	683.376
1798.36	683
1799.86	689
1801.37	677
1802.88	691
1804.39	682
1805.89	674
1807.4	694
1808.91	696
1810.41	676
1811.92	699
1813.42	711
1814.93	669
1816.43	676
1817.93	682
1819.44	683
1820.94	669
1822.45	688
1823.95	666
1825.45	676
1826.95	692
1828.46	674
1829.96	690
1831.46	669
1832.96	673
1834.46	674
1835.97	661
1837.47	656
1838.97	686
1840.47	652
1841.97	685
1843.47	653
1844.97	651
1846.47	669
1847.96	621
1849.46	639
1850.96	622
1852.46	639
1853.96	654
1855.45	643
1856.95	681
1858.45	630
1859.94	612
1861.44	621
1862.94	640
1864.43	665
1865.93	642
1867.42	650
1868.92	638
1870.41	659
1871.91	663
1873.4	667
1874.89	621
1876.39	667
1877.88	664
1879.37	667
1880.87	615
1882.36	645
1883.85	651
1885.34	619
1886.83	667
1888.33	649
1889.82	649
1891.31	649
1892.8	658
1894.29	628
1895.78	649
1897.27	656
1898.76	677
1900.25	658
1901.73	634
1903.22	643
1904.71	651
1906.2	654
1907.69	647
1909.17	679
1910.66	694
1912.15	625
1913.64	661
1915.12	672
1916.61	622
1918.09	627
1919.58	646
1921.06	698
1922.55	634
1924.03	676
1925.52	657
1927	696
1928.49	690
1929.97	635
1931.45	668
1932.94	651
1934.42	649
1935.9	690
1937.39	684
1938.87	663
1940.35	692
1941.83	700
1943.31	655
1944.79	662
1946.27	668
1947.75	633
1949.23	650
1950.71	651
1952.19	624
1953.67	687
1955.15	665
1956.63	646
1958.11	652
1959.58	657
1961.06	663
1962.54	622
1964.02	667
1965.49	662
1966.97	658
1968.45	623
1969.93	652
1971.4	639
1972.88	647
1974.35	646
1975.83	666
1977.3	654
1978.78	662
1980.25	615
1981.72	640
1983.2	662
1984.67	641
1986.15	659
1987.62	618
1989.09	633
1990.56	630
1992.04	633
1993.51	661
1994.98	597
1996.45	646
1997.92	615
1999.39	613
2000.86	629
2002.33	628
2003.8	638
2005.27	616
2006.74	640
2008.21	645
2009.68	614
2011.15	633
2012.62	625
2014.09	615
2015.55	609
2017.02	602
2018.49	648
2019.96	616
2021.42	627
2022.89	634
2024.36	630
2025.82	617
2027.29	657
2028.75	662
2030.22	637
2031.68	653
2033.15	636
2034.61	629
2036.08	668
2037.54	635
2039	655
2040.47	641
2041.93	647
2043.39	657
2044.86	628
2046.32	619
2047.78	654
2049.24	658
2050.7	636
2052.16	625
2053.62	660
2055.08	645
2056.54	625
2058	675
2059.46	644
2060.92	653
2062.38	659
2063.84	680
2065.3	628
2066.76	652
2068.22	651
2069.68	637
2071.13	617
2072.59	612
2074.05	635
2075.51	649
2076.96	619
2078.42	609
2079.87	652
2081.33	638
2082.79	624
2084.24	666
2085.7	643
2087.15	627
2088.61	674
2090.06	634
2091.51	628
2092.97	606
2094.42	646
2095.87	648
2097.33	662
2098.78	621
2100.23	638
2101.68	639
2103.14	650
2104.59	646
2106.04	624
2107.49	620
2108.94	616
2110.39	629
2111.84	615
2113.29	630
2114.74	629
2116.19	596
2117.64	599
2119.09	628
2120.54	615
2121.99	605
2123.43	624
2124.88	590
2126.33	641
2127.78	636
2129.22	600
2130.67	613
2132.12	589
2133.56	636
2135.01	603
2136.46	624
2137.9	622
2139.35	610
2140.79	623
2142.23	625
2143.68	626
2145.12	600
2146.57	597
2148.01	616
2149.45	605
2150.9	661
2152.34	631
2153.78	635
2155.22	623
2156.67	603
2158.11	630
2159.55	598
2160.99	620
2162.43	625
2163.87	614
2165.31	646
2166.76	623
2168.19	649
2169.63	626
2171.07	634
2172.51	626
2173.95	623
2175.39	587
2176.83	630
2178.27	618
2179.71	621
2181.14	623
2182.58	608
2184.02	595
2185.45	617
2186.89	599
2188.33	614
2189.76	618
2191.2	590
2192.63	607
2194.07	658
2195.5	618
2196.94	616
2198.37	631
2199.81	621
2201.24	605
2202.67	614
2204.11	626
2205.54	616
2206.97	627
2208.41	629
2209.84	616
2211.27	644
2212.7	635
2214.13	602
2215.57	623
2217	610
2218.43	627
2219.86	635
2221.29	601
2222.72	611
2224.15	633
2225.58	595
2227.01	632
2228.44	614
2229.86	609
2231.29	621
2232.72	580
2234.15	603
2235.58	609
2237	621
2238.43	632
2239.86	610
2241.29	590
2242.71	620
2244.14	599
2245.56	605
2246.99	614
2248.42	584
2249.84	573
2251.27	629
2252.69	594
2254.11	589
2255.54	593
2256.96	623
2258.39	607
2259.81	598
2261.23	605
2262.66	612
2264.08	613
2265.5	586
2266.92	604
2268.34	600
2269.76	584
2271.19	577
2272.61	606
2274.03	615
2275.45	610
2276.87	594
2278.29	602
2279.71	559
2281.13	623
2282.55	595
2283.96	552
2285.38	598
2286.8	610
2288.22	588
2289.64	610
2291.06	592
2292.47	610
2293.89	606
2295.31	597
2296.72	603
2298.14	617
2299.56	611
2300.97	612
2302.39	616
2303.8	590
2305.22	598
2306.63	592
2308.05	595
2309.46	579
2310.88	618
2312.29	595
2313.7	621
2315.12	613
2316.53	600
2317.94	588
2319.35	574
2320.77	577
2322.18	599
2323.59	588
2325	609
2326.41	602
2327.82	629
2329.24	598
2330.65	595
2332.06	586
2333.47	609
2334.88	607
2336.28	627
2337.69	601
2339.1	598
2340.51	556
2341.92	576
2343.33	610
2344.74	587
2346.14	579
2347.55	579
2348.96	575
2350.37	581
2351.77	563
2353.18	558
2354.58	585
2355.99	608
2357.4	587
2358.8	599
2360.21	589
2361.61	592
2363.02	575
2364.42	586
2365.82	541
2367.23	544
2368.63	558
2370.04	572
2371.44	550
2372.84	589
2374.25	559
2375.65	570
2377.05	568
2378.45	551
2379.85	568
2381.25	550
2382.66	542
2384.06	580
2385.46	545
2386.86	578
2388.26	582
2389.66	572
2391.06	579
2392.46	558
2393.85	571
2395.25	560
2396.65	566
2398.05	587
2399.45	555
2400.85	577
2402.24	569
2403.64	546
2405.04	571
2406.44	547
2407.83	579
2409.23	565
2410.62	583
2412.02	556
2413.41	529
2414.81	599
2416.21	580
2417.6	557
2419	584
2420.39	572
2421.78	579
2423.18	576
2424.57	576
2425.96	562
2427.36	592
2428.75	563
2430.14	578
2431.53	579
2432.93	591
2434.32	556
2435.71	576
2437.1	573
2438.49	605
2439.88	579
2441.27	589
2442.66	574
2444.05	569
2445.44	560
2446.83	581
2448.22	573
2449.61	595
2451	569
2452.39	579
2453.78	542
2455.16	562
2456.55	580
2457.94	596
2459.33	575
2460.72	563
2462.1	579
2463.49	585
2464.87	562
2466.26	561
2467.65	539
2469.03	562
2470.42	571
2471.8	562
2473.19	553
2474.57	556
2475.96	578
2477.34	560
2478.72	583
2480.11	591
2481.49	578
2482.87	558
2484.26	563
2485.64	587
2487.02	584
2488.4	571
2489.79	582
2491.17	543
2492.55	599
2493.93	581
2495.31	565
2496.69	560
2498.07	566
2499.45	549
2500.83	553
2502.21	578
2503.59	588
2504.97	593
2506.35	579
2507.73	575
2509.1	569
2510.48	573
2511.86	572
2513.24	536
2514.62	544
2515.99	576
2517.37	539
2518.75	589
2520.12	573
2521.5	563
2522.88	575
2524.25	537
2525.63	585
2527	540
2528.38	582
2529.75	565
2531.13	555
2532.5	579
2533.87	576
2535.25	573
2536.62	573
2537.99	581
2539.37	541
2540.74	575
2542.11	591
2543.48	565
2544.86	562
2546.23	571
2547.6	593
2548.97	543
2550.34	568
2551.71	595
2553.08	589
2554.45	559
2555.82	604
2557.19	588
2558.56	551
2559.93	558
2561.3	545
2562.67	572
2564.04	580
2565.41	580
2566.78	581
2568.14	561
2569.51	578
2570.88	584
2572.25	563
2573.61	564
2574.98	580
2576.34	575
2577.71	577
2579.08	570
2580.44	541
2581.81	563
2583.17	559
2584.54	561
2585.9	589
2587.27	565
2588.63	583
2589.99	573
2591.36	582
2592.72	566
2594.08	550
2595.45	594
2596.81	568
2598.17	572
2599.54	577
2600.9	572
2602.26	555
2603.62	583
2604.98	598
2606.34	553
2607.7	553
2609.06	551
2610.42	574
2611.78	562
2613.14	577
2614.5	578
2615.86	559
2617.22	555
2618.58	552
2619.94	546
2621.3	542
2622.66	553
2624.01	576
2625.37	560
2626.73	561
2628.09	562
2629.44	572
2630.8	579
2632.16	541
2633.51	577
2634.87	568
2636.22	558
2637.58	548
2638.93	566
2640.29	547
2641.64	531
2643	532
2644.35	564
2645.71	563
2647.06	578
2648.42	538
2649.77	575
2651.12	540
2652.47	558
2653.83	558
2655.18	552
2656.53	543
2657.88	550
2659.23	560
2660.59	546
2661.94	535
2663.29	544
2664.64	553
2665.99	518
2667.34	585
2668.69	574
2670.04	579
2671.39	564
2672.74	553
2674.09	583
2675.43	565
2676.78	546
2678.13	539
2679.48	563
2680.83	520
2682.18	563
2683.52	550
2684.87	551
2686.22	561
2687.56	556
2688.91	540
2690.25	535
2691.6	557
2692.95	546
2694.29	565
2695.64	592
2696.98	548
2698.33	561
2699.67	538
2701.02	539
2702.36	556
2703.7	555
2705.05	515
2706.39	548
2707.73	523
2709.08	542
2710.42	563
2711.76	553
2713.1	552
2714.44	550
2715.78	592
2717.13	556
2718.47	581
2719.81	553
2721.15	557
2722.49	546
2723.83	578
2725.17	545
2726.51	554
2727.85	549
2729.19	559
2730.53	544
2731.87	555
2733.2	575
2734.54	585
2735.88	573
2737.22	549
2738.56	573
2739.89	569
2741.23	540
2742.57	579
2743.9	520
2745.24	550
2746.58	550
2747.91	549
2749.25	567
2750.58	529
2751.92	560
2753.25	532
2754.59	558
2755.92	532
2757.26	533
2758.59	579
2759.92	534
2761.26	561
2762.59	543
2763.92	542
2765.26	566
2766.59	543
2767.92	536
2769.25	543
2770.59	532
2771.92	560
2773.25	529
2774.58	551
2775.91	534
2777.24	532
2778.57	532
2779.9	544
2781.23	536
2782.56	524
2783.89	558
2785.22	544
2786.55	533
2787.88	559
2789.21	532
2790.54	558
2791.86	532
2793.19	542
2794.52	505
2795.85	519
2797.17	527
2798.5	551
2799.83	518
2801.16	535
2802.48	529
2803.81	545
2805.13	541
2806.46	564
2807.78	522
2809.11	535
2810.43	524
2811.76	512
2813.08	510
2814.41	533
2815.73	532
2817.05	556
2818.38	556
2819.7	530
2821.02	540
2822.35	534
2823.67	525
2824.99	565
2826.31	535
2827.63	560
2828.96	546
2830.28	535
2831.6	503
2832.92	542
2834.24	539
2835.56	552
2836.88	571
2838.2	527
2839.52	557
2840.84	555
2842.16	560
2843.48	527
2844.8	529
2846.12	520
2847.43	531
2848.75	543
2850.07	551
2851.39	520
2852.71	516
2854.02	559
2855.34	553
2856.66	554
2857.97	553
2859.29	559
2860.6	565
2861.92	541
2863.24	556
2864.55	568
2865.87	577
2867.18	575
2868.5	565
2869.81	579
2871.12	592
2872.44	549
2873.75	585
2875.07	593
2876.38	594
2877.69	620
2879.01	627
2880.32	612
2881.63	594
2882.94	634
2884.25	602
2885.57	636
2886.88	657
2888.19	632
2889.5	615
2890.81	631
2892.12	624
2893.43	613
2894.74	614
2896.05	626
2897.36	666
2898.67	612
2899.98	622
2901.29	611
2902.6	594
2903.9	629
2905.21	594
2906.52	597
2907.83	575
2909.14	591
2910.44	611
2911.75	608
2913.06	617
2914.36	591
2915.67	594
2916.98	574
2918.28	611
2919.59	607
2920.89	573
2922.2	617
2923.5	609
2924.81	619
2926.11	610
2927.42	643
2928.72	703
2930.02	703
2931.33	685
2932.63	633
2933.93	720
2935.24	736
2936.54	714
2937.84	738
2939.14	691
2940.45	701
2941.75	655
2943.05	665
2944.35	664
2945.65	638
2946.95	637
2948.25	626
2949.55	622
2950.85	639
2952.15	596.168
2953.45	598.361
2954.75	568.489
2956.05	593.211
2957.35	565.161
2958.65	576.797
2959.95	565.622
2961.25	542.888
2962.55	556.986
2963.84	545.299
2965.14	555.377
2966.44	555.282
2967.74	549.386
2969.03	555.262
2970.33	575.633
2971.63	576.768
2972.92	599.144
2974.22	577.928
2975.51	592.925
2976.81	607.132
2978.11	599.289
2979.4	599.034
2980.7	622.035
2981.99	622.217
2983.29	599.907
2984.58	594.136
2985.87	557.553
2987.17	590.332
2988.46	570.984
2989.75	576.128
2991.05	586.091
2992.34	560.759
2993.63	555.305
2994.93	548.267
2996.22	522.178
2997.51	532.865
2998.8	525.938
3000.09	537.409
3001.39	547.072
3002.68	529.234
3003.97	523.191
3005.26	523.148
3006.55	525.24
3007.84	538.098
3009.13	510.292
3010.42	521.198
3011.71	518.444
3013	524.672
3014.29	519.375
3015.57	503.326
3016.86	501.708
3018.15	526.696
3019.44	511.601
3020.73	519.381
3022.02	502.24
3023.3	515.682
3024.59	521.475
3025.88	541.473
3027.17	525.258
3028.45	520.619
3029.74	517.226
3031.02	516.769
3032.31	512.891
3033.59	505.783
3034.88	520.464
3036.17	511.417
3037.45	508.399
3038.74	537.946
3040.02	528.404
3041.31	524.773
3042.59	535.436
3043.87	526.961
3045.16	517.589
3046.44	539.332
3047.72	523.206
3049.01	510.774
3050.29	525.41
3051.57	525.824
3052.85	521.607
3054.14	509.96
3055.42	518.515
3056.7	532.598
3057.98	540.193
3059.26	522.705
3060.54	523.885
3061.83	518.507
3063.11	525.997
3064.39	522.372
3065.67	530.199
3066.95	523.648
3068.23	511.043
3069.51	511.202
3070.79	514.414
3072.06	535.908
3073.34	521.945
3074.62	532.294
3075.9	526.398
3077.18	518.934
3078.46	516.939
3079.73	531.779
3081.01	501.183
3082.21	505
3083.5	526
3084.78	511
3086.06	495
3087.34	506
3088.63	497
3089.91	515
3091.19	517
3092.47	510
3093.75	498
3095.03	493
3096.31	492
3097.59	510
3098.88	495
3100.16	489
3101.44	490
3102.72	494
3104	484
3105.27	511
3106.55	484
3107.83	488
3109.11	506
3110.39	497
3111.67	486
3112.95	505
3114.22	507
3115.5	512
3116.78	487
3118.06	490
3119.33	495
3120.61	503
3121.88	511
3123.16	509
3124.44	473
3125.71	499
3126.99	467
3128.26	502
3129.54	501
3130.81	497
3132.09	502
3133.36	465
3134.64	495
3135.91	496
3137.19	505
3138.46	502
3139.73	486
3141.01	494
3142.28	496
3143.55	478
3144.82	460
3146.1	496
3147.37	494
3148.64	496
3149.91	509
3151.18	464
3152.45	488
3153.73	492
3155	509
3156.27	472
3157.54	486
3158.81	475
3160.08	464
3161.35	494
3162.62	508
3163.89	478
3165.15	484
3166.42	518
3167.69	472
3168.96	491
3170.23	515
3171.5	473
3172.76	494
3174.03	503
3175.3	448
3176.57	470
3177.83	467
3179.1	464
3180.37	509
3181.63	462
3182.9	481
3184.16	510
3185.43	506
3186.69	445
3187.96	451
3189.22	482
3190.49	490
3191.75	486
3193.02	466
3194.28	458
3195.55	457
3196.81	456
3198.07	467
3199.34	475
3200.6	481
3201.86	485
3203.12	473
3204.39	460
3205.65	481
3206.91	492
3208.17	489
3209.43	474
3210.69	444
3211.96	465
3213.22	468
3214.48	498
3215.74	500
3217	485
3218.26	492
3219.52	463
3220.78	473
3222.04	486
3223.3	464
3224.55	494
3225.81	473
3227.07	481
3228.33	479
3229.59	453
3230.84	468
3232.1	463
3233.36	460
3234.62	473
3235.87	472
3237.13	477
3238.39	458
3239.64	492
3240.9	450
3242.15	453
3243.41	461
3244.67	451
3245.92	483
3247.18	471
3248.43	475
3249.69	477
3250.94	475
3252.19	468
3253.45	478
3254.7	447
3255.95	469
3257.21	439
3258.46	448
3259.72	436
3260.97	454
3262.22	478
3263.47	461
3264.72	463
3265.98	467
3267.23	453
3268.48	454
3269.73	435
3270.98	441
3272.23	468
3273.48	472
3274.73	450
3275.98	459
3277.23	467
3278.48	449
3279.73	454
3280.98	445
3282.23	454
3283.48	445
3284.73	491
3285.98	450
3287.22	460
3288.47	447
3289.72	455
3290.97	444
3292.21	464
3293.46	426
3294.71	446
3295.96	410
3297.2	441
3298.45	429
3299.69	443
3300.94	437
3302.19	450
3303.43	446
3304.68	453
3305.92	426
3307.17	446
3308.41	451
3309.66	425
3310.9	440
3312.14	441
3313.39	440
3314.63	440
3315.87	413
3317.12	445
3318.36	435
3319.6	435
3320.84	440
3322.09	414
3323.33	447
3324.57	436
3325.81	420
3327.05	448
3328.29	436
3329.54	440
3330.78	425
3332.02	438
3333.26	420
3334.5	422
3335.74	418
3336.98	437
3338.22	439
3339.46	408
3340.69	437
3341.93	414
3343.17	410
3344.41	433
3345.65	436
3346.89	414
3348.12	440
3349.36	440
3350.6	447
3351.84	414
3353.07	417
3354.31	425
3355.55	426
3356.78	423
3358.02	427
3359.26	409
3360.49	425
3361.73	419
3362.96	423
3364.2	439
3365.43	408
3366.67	458
3367.9	430
3369.14	422
3370.37	435
3371.6	418
3372.84	403
3374.07	434
3375.3	412
3376.54	415
3377.77	408
3379	408
3380.24	442
3381.47	410
3382.7	429
3383.93	435
3385.16	398
3386.39	403
3387.62	405
3388.86	401
3390.09	409
3391.32	408
3392.55	416
3393.78	415
3395.01	437
3396.24	401
3397.47	408
3398.7	430
3399.93	413
3401.15	412
3402.38	408
3403.61	368
3404.84	392
3406.07	388
3407.29	393
3408.52	414
3409.75	426
3410.98	399
3412.2	405
3413.43	423
3414.66	391
3415.88	429
3417.11	398
3418.34	415
3419.56	408
3420.79	378
3422.01	411
3423.24	390
3424.46	402
3425.69	380
3426.91	400
3428.14	420
3429.36	390
3430.58	395
3431.81	400
3433.03	422
3434.25	420
3435.48	384
3436.7	405
3437.92	400
3439.15	398
3440.37	415
3441.59	400
3442.81	379
3444.03	382
3445.25	387
3446.48	389
3447.7	384
3448.92	388
3450.14	387
3451.36	401
3452.58	399
3453.8	403
3455.02	368
3456.24	389
3457.46	395
3458.68	384
3459.89	393
3461.11	381
3462.33	415
3463.55	382
3464.77	365
3465.99	413
3467.2	397
3468.42	350
3469.64	387
3470.86	362
3472.07	363
3473.29	382
3474.51	384
3475.72	388
3476.94	376
3478.15	384
3479.37	370
3480.59	367
3481.8	387
3483.02	392
3484.23	361
3485.45	390
3486.66	391
3487.87	364
3489.09	380
3490.3	399
3491.52	378
3492.73	378
3493.94	380
3495.15	384
3496.37	358
3497.58	362
3498.79	378
3500	385
3501.22	369
3502.43	375
3503.64	362
3504.85	362
3506.06	384
3507.27	358
3508.48	376
3509.69	375
3510.91	368
3512.12	378
3513.32	390
3514.53	372
3515.74	346
3516.95	373
3518.16	388
3519.37	360
3520.58	340
3521.79	366
3523	341
3524.21	367
3525.41	352
3526.62	377
3527.83	385
3529.04	374
3530.24	350
3531.45	343
3532.66	376
3533.86	353
3535.07	355
3536.27	340
3537.48	382
3538.69	369
3539.89	368
3541.1	368
3542.3	355
3543.51	383
3544.71	329
3545.92	350
3547.12	347
3548.32	370
3549.53	344
3550.73	334
3551.94	356
3553.14	351
3554.34	353
3555.54	369
3556.75	361
3557.95	354
3559.15	331
3560.35	348
3561.56	350
3562.76	359
3563.96	338
3565.16	356
3566.36	340
3567.56	336
3568.76	369
3569.96	378
3571.16	352
3572.36	343
3573.56	335
3574.76	347
3575.96	337
3577.16	374
3578.36	360
3579.56	338
3580.76	339
3581.96	328
3583.15	349
3584.35	339
3585.55	353
3586.75	351
3587.95	326
3589.14	357
3590.34	334
3591.54	337
3592.73	341
3593.93	325
3595.13	356
3596.32	338
3597.52	333
3598.71	326
3599.91	333
3601.1	354
3602.3	315
3603.49	317
3604.69	331
3605.88	320
3607.08	311
3608.27	338
3609.46	335
3610.66	353
3611.85	329
3613.04	319
3614.24	345
3615.43	324
3616.62	321
3617.81	338
3619.01	340
3620.2	315
3621.39	345
3622.58	357
3623.77	340
3624.97	334
3626.16	323
3627.35	341
3628.54	331
3629.73	303
3630.92	335
3632.11	324
3633.3	331
3634.49	298
3635.68	311
3636.87	327
3638.06	327
3639.24	305
3640.43	324
3641.62	317
3642.81	296
3644	319
3645.19	323
3646.37	347
3647.56	319
3648.75	330
3649.94	327
3651.12	318
3652.31	333
3653.5	331
3654.68	321
3655.87	310
3657.05	324
3658.24	288
3659.42	313
3660.61	316
3661.79	314
3662.98	348
3664.16	326
3665.35	321
3666.53	279
3667.72	306
3668.9	300
3670.08	336
3671.27	319
3672.45	317
3673.63	322
3674.82	317
3676	303
3677.18	304
3678.36	322
3679.55	293
3680.73	310
3681.91	307
3683.09	305
3684.27	292
3685.45	290
3686.63	321
3687.82	313
3689	295
3690.18	309
3691.36	291
3692.54	306
3693.72	277
3694.9	300
3696.07	299
3697.25	302
3698.43	306
3699.61	288
3700.79	287
3701.97	312
3703.15	287
3704.32	295
3705.5	290
3706.68	284
3707.86	298
3709.03	280
3710.21	320
3711.39	291
3712.57	277
3713.74	268
3714.92	292
3716.09	300
3717.27	302
3718.45	287
3719.62	291
3720.8	291
3721.97	307
3723.15	307
3724.32	293
3725.49	283
3726.67	302
3727.84	276
3729.02	301
3730.19	286
3731.36	299
3732.54	300
3733.71	303
3734.88	303
3736.06	276
3737.23	268
3738.4	299
3739.57	293
3740.75	287
3741.92	273
3743.09	302
3744.26	273
3745.43	278
3746.6	275
3747.77	284
3748.94	288
3750.11	278
3751.28	283
3752.45	296
3753.62	289
3754.79	272
3755.96	287
3757.13	292
3758.3	277
3759.47	270
3760.64	263
3761.81	289
3762.97	278
3764.14	276
3765.31	275
3766.48	273
3767.65	294
3768.81	282
3769.98	273
3771.15	276
3772.31	288
3773.48	291
3774.65	272
3775.81	263
3776.98	294
3778.14	280
3779.31	282
3780.48	277
3781.64	277
3782.8	268
3783.97	284
3785.13	279
3786.3	272
3787.46	279
3788.63	283
3789.79	282
3790.95	261
3792.12	255
3793.28	285
3794.44	256
3795.61	256
3796.77	260
3797.93	279
3799.09	276
3800.26	280
3801.42	246
3802.58	257
3803.74	263
3804.9	266
3806.06	279
3807.22	269
3808.38	288
3809.55	264
3810.71	276
3811.87	286
3813.03	285
3814.18	254
3815.34	282
3816.5	247
3817.66	251
3818.82	261
3819.98	263.5
3821.14	266
3822.3	245
3823.46	271
3824.61	269
3825.77	277
3826.93	268
3828.09	260
3829.24	255
3830.4	273
3831.56	253
3832.71	282
3833.87	268
3835.03	244
3836.18	244
3837.34	252
3838.5	266
3839.65	260
3840.81	260
3841.96	251
3843.12	263
3844.27	249
3845.43	254
3846.58	267
3847.73	268
3848.89	261
3850.04	259
3851.2	255
3852.35	253
3853.5	263
3854.66	249
3855.81	258
3856.96	264
3858.11	249
3859.27	236
3860.42	256
3861.57	246
3862.72	257
3863.87	257
3865.02	256
3866.18	246
3867.33	286
3868.48	241
3869.63	240
3870.78	264
3871.93	253
3873.08	269
3874.23	251
3875.38	269
3876.53	253
3877.68	244
3878.83	257
3879.97	244
3881.12	218
3882.27	248
3883.42	257
3884.57	257
3885.72	267
3886.86	250
3888.01	248
3889.16	245
3890.31	244
3891.45	255
3892.6	228
3893.75	256
3894.89	244
3896.04	228
3897.18	242
3898.33	247
3899.48	256
3900.62	234
3901.77	230
3902.91	242
3904.06	239
3905.2	241
3906.35	231
3907.49	248
3908.63	235
3909.78	254
3910.92	231
3912.07	245
3913.21	254
3914.35	244
3915.5	225
3916.64	237
3917.78	229
3918.92	248
3920.07	252
3921.21	227
3922.35	232
3923.49	250
3924.63	217
3925.77	249
3926.92	236
3928.06	252
3929.2	215
3930.34	225
3931.48	236
3932.62	230
3933.76	234
3934.9	215
3936.04	247
3937.18	245
3938.32	227
3939.46	235
3940.59	225
3941.73	229
3942.87	226
3944.01	244
3945.15	228
3946.29	246
3947.42	233
3948.56	241
3949.7	230
3950.84	233
3951.97	236
3953.11	239
3954.25	230
3955.38	217
3956.52	234
3957.66	232
3958.79	241
3959.93	214
3961.06	239
3962.2	244
3963.33	223
3964.47	215
3965.6	245
3966.74	225
3967.87	233
3969.01	230
3970.14	235
3971.27	228
3972.41	212
3973.54	228
3974.68	241
3975.81	232
3976.94	233
3978.07	215
3979.21	231
3980.34	239
3981.47	249
3982.6	220
3983.73	213
3984.87	228
3986	212
3987.13	228
3988.26	220
3989.39	225
3990.52	203
3991.65	224
3992.78	228
3993.91	227
3995.04	215
3996.17	210
3997.3	229
3998.43	210
3999.56	213
