100.898	4216
102.73	4128
104.561	4115
106.393	4040
108.226	4076
110.056	4011
111.886	3932
113.716	3808
115.548	3828
117.377	3788
119.206	3758
121.034	3742
122.864	3676
124.692	3663
126.519	3620
128.346	3581
130.173	3580
132.001	3453
133.827	3531
135.653	3532
137.478	3529
139.303	3525
141.127	3532
142.953	3515
144.777	3456
146.601	3452
148.424	3472
150.246	3479
152.069	3476
153.891	3546
155.712	3486
157.533	3423
159.356	3478
161.177	3410
162.997	3382
164.817	3308
166.636	3377
168.456	3389
170.274	3332
172.093	3344
173.911	3319
175.729	3368
177.546	3336
179.363	3330
181.179	3392
182.996	3242
184.812	3333
186.627	3224
188.442	3409
190.257	3337
192.072	3333
193.886	3311
195.7	3294
197.513	3340
199.326	3267
201.139	3328
202.951	3282
204.763	3298
206.575	3220
208.384	3273
210.195	3284
212.006	3261
213.816	3131
215.626	3237
217.436	3244
219.245	3178
221.054	3238
222.862	3202
224.668	3229
226.476	3251
228.284	3252
230.091	3240
231.897	3231
233.704	3253
235.508	3179
237.313	3207
239.119	3227
240.924	3203
242.728	3200
244.53	3184
246.334	3206
248.138	3216
249.941	3179
251.744	3193
253.545	3221
255.347	3186
257.148	3216
258.95	3268
260.749	3225
262.55	3179
264.35	3275
266.148	3327
267.948	3243
269.747	3243
271.546	3268
273.343	3238
275.141	3229
276.939	3176
278.735	3142
280.532	3209
282.329	3166
284.123	3232
285.92	3243
287.713	3274
289.509	3172
291.304	3158
293.097	3229
294.891	3165
296.686	3193
298.477	3124
300.271	3237
302.062	3184
303.854	3229
305.645	3213
307.437	3158
309.229	3237
311.018	3161
312.809	3188
314.597	3269
316.388	3180
318.176	3167
319.965	3244
321.752	3216
323.541	3256
325.328	3257
327.116	3198
328.902	3243
330.689	3272
332.475	3276
334.261	3316
336.046	3297
337.832	3254
339.616	3327
341.399	3293
343.184	3239
344.967	3204
346.751	3322
348.534	3288
350.317	3284
352.099	3280
353.88	3240
355.662	3271
357.443	3331
359.223	3294
361.004	3330
362.783	3266
364.564	3200
366.343	3237
368.121	3284.5
369.901	3332
371.679	3200
373.456	3282
375.233	3317
377.011	3229
378.788	3331
380.563	3235
382.341	3260
384.116	3222
385.891	3315
387.667	3277
389.442	3295.5
391.215	3314
392.989	3319
394.764	3266
396.537	3400
398.309	3341
400.081	3407
401.853	3342
403.626	3423
405.397	3411
407.168	3370
408.938	3457
410.708	3412
412.48	3441
414.249	3473
416.018	3551
417.787	3507
419.555	3515
421.323	3604
423.091	3594
424.86	3685
426.627	3639
428.394	3707
430.16	3781
431.926	3730
433.692	3671
435.457	3761
437.222	3734
438.986	3694
440.751	3662
442.515	3602
444.28	3557
446.043	3580
447.806	3437
449.569	3505
451.331	3484
453.093	3411
454.854	3500
456.616	3404
458.376	3391
460.137	3449
461.897	3465
463.657	3418
465.416	3355
467.176	3342
468.934	3356
470.693	3394
472.449	3387
474.207	3350
475.964	3380
477.721	3400
479.478	3362
481.235	3328
482.991	3360
484.746	3318
486.502	3356
488.257	3423
490.012	3386
491.764	3434
493.518	3355
495.272	3386
497.025	3418
498.779	3349
500.531	3380
502.282	3386
504.034	3421
505.785	3342
507.537	3350
509.288	3370
511.039	3368
512.787	3396
514.537	3415
516.287	3328
518.036	3407
519.783	3386
521.532	3366
523.28	3341
525.029	3471
526.774	3459
528.522	3328
530.269	3437
532.015	3373
533.76	3371
535.506	3398
537.251	3373
538.995	3394
540.74	3427
542.485	3348
544.227	3397
545.971	3376
547.715	3372
549.456	3393
551.199	3490
552.942	3482
554.682	3390
556.424	3386
558.164	3407
559.905	3419
561.646	3483
563.385	3461
565.125	3444
566.863	3470
568.603	3496
570.341	3492
572.08	3444
573.818	3441
575.555	3528
577.293	3513
579.028	3455
580.766	3442
582.501	3502
584.238	3393
585.972	3464
587.708	3444
589.442	3454
591.177	3424
592.91	3418
594.645	3419
596.377	3420
598.112	3480
599.843	3383
601.575	3349
603.308	3395
605.039	3407
606.771	3416
608.501	3429
610.233	3328
611.962	3342
613.691	3424
615.422	3306
617.151	3360
618.879	3403
620.609	3394
622.336	3396
624.063	3398
625.792	3368
627.518	3405
629.245	3497
630.972	3308
632.698	3375
634.423	3390
636.15	3420
637.874	3466
639.599	3447
641.324	3454
643.048	3385
644.771	3436
646.494	3409
648.219	3469
649.941	3559
651.663	3414
653.384	3472
655.107	3503
656.828	3473
658.549	3434
660.269	3436
661.989	3504
663.709	3496
665.43	3485
667.149	3507
668.868	3467
670.586	3464
672.304	3485
674.021	3539
675.741	3466
677.458	3500
679.174	3508
680.891	3469
682.607	3435
684.323	3424
686.038	3398
687.753	3452
689.468	3471
691.182	3460
692.898	3409
694.612	3424
696.325	3445
698.038	3435
699.751	3453
701.464	3499
703.176	3420
704.887	3457
706.599	3383
708.31	3372
710.021	3419
711.731	3400
713.442	3436
715.151	3428
716.861	3298
718.57	3388
720.279	3420
721.988	3391
723.694	3421
725.402	3429
727.109	3468
728.817	3443
730.523	3433
732.23	3355
733.936	3450
735.642	3371
737.348	3438
739.053	3383
740.756	3498
742.461	3506
744.165	3451
745.869	3455
747.573	3435
749.277	3479
750.978	3479
752.68	3427
754.383	3484
756.085	3498
757.787	3520
759.486	3514
761.187	3597
762.888	3560
764.589	3470
766.289	3523
767.987	3454
769.686	3538
771.385	3477
773.082	3548
774.781	3490
776.479	3528
778.177	3520
779.873	3506
781.57	3497
783.267	3492
784.962	3540
786.658	3480
788.354	3430
790.048	3538
791.743	3484
793.438	3564
795.131	3461
796.826	3510
798.52	3440
800.211	3479
801.905	3432
803.596	3536
805.289	3492
806.981	3509
808.672	3407
810.364	3494
812.053	3519
813.744	3380
815.433	3533
817.124	3399
818.812	3525
820.502	3543
822.19	3468
823.879	3539
825.566	3566
827.255	3429
828.941	3526
830.629	3548
832.315	3441
834.003	3549
835.688	3515
837.375	3507
839.059	3570
840.745	3540
842.429	3586
844.113	3570
845.798	3574
847.481	3595
849.165	3644
850.848	3638
852.53	3697
854.213	3677
855.895	3726
857.578	3773
859.258	3875
860.939	3899
862.621	3955
864.301	4121
865.98	4202
867.661	4466
869.34	4740
871.018	4924
872.697	5383
874.377	5636
876.054	6084
877.731	6507
879.41	6770
881.087	6850
882.763	6975
884.439	6709
886.117	6368
887.792	5911
889.467	5431
891.142	5035
892.816	4685
894.492	4376
896.166	4166
897.84	4050
899.513	3959
901.186	3707
902.86	3701
904.533	3631
906.205	3579
907.876	3603
909.547	3573
911.218	3578
912.889	3467
914.559	3453
916.231	3529
917.901	3429
919.571	3370
921.24	3457
922.909	3459
924.577	3425
926.245	3487
927.913	3537
929.581	3455
931.248	3448
932.915	3412
934.581	3465
936.248	3487
937.914	3487
939.579	3471
941.245	3477
942.91	3498
944.575	3469
946.239	3475
947.903	3410
949.567	3470
951.231	3463
952.894	3457
954.557	3501
956.219	3486
957.882	3538
959.544	3471
961.203	3443
962.865	3568
964.526	3502
966.186	3436
967.847	3518
969.507	3461
971.167	3610
972.826	3497
974.483	3467
976.142	3504
977.801	3472
979.459	3474
981.117	3450
982.773	3470
984.43	3470
986.087	3479
987.744	3462
989.4	3504
991.054	3471
992.71	3470
994.366	3398
996.021	3465
997.674	3470
999.328	3366
1000.98	3442
1002.63	3397
1004.29	3519
1005.94	3426
1007.59	3494
1009.25	3477
1010.9	3474
1012.55	3483
1014.2	3379
1015.85	3523
1017.5	3407
1019.15	3385
1020.8	3549
1022.45	3422
1024.1	3526
1025.75	3584
1027.4	3514
1029.05	3583
1030.69	3600
1032.34	3709
1033.99	3719
1035.64	3805
1037.28	3913
1038.93	3957
1040.57	4068
1042.22	4148
1043.87	4175
1045.51	4293
1047.16	4385
1048.8	4420
1050.44	4421
1052.09	4382
1053.73	4375
1055.37	4338
1057.02	4277
1058.66	4088
1060.3	3956
1061.94	3961
1063.58	3978
1065.23	3870
1066.87	4005
1068.51	3908
1070.15	3919
1071.79	3995
1073.43	3972
1075.07	4062
1076.7	4035
1078.34	4121
1079.98	4118
1081.62	4133
1083.26	4245
1084.9	4294
1086.53	4335
1088.17	4410
1089.81	4526
1091.44	4497
1093.08	4566
1094.71	4559
1096.35	4434
1097.98	4387
1099.62	4351
1101.25	4227
1102.89	4133
1104.52	3924
1106.15	3925
1107.79	3819
1109.42	3718
1111.05	3728
1112.68	3661
1114.31	3611
1115.95	3631
1117.58	3627
1119.21	3600
1120.84	3587
1122.47	3560
1124.1	3596
1125.73	3534
1127.36	3418
1128.98	3490
1130.61	3374
1132.24	3458
1133.87	3369
1135.5	3314
1137.12	3378
1138.75	3301
1140.38	3267
1142	3297
1143.63	3267
1145.26	3356
1146.88	3252
1148.51	3232
1150.13	3344
1151.76	3206
1153.38	3208
1155	3204
1156.63	3285
1158.25	3229
1159.87	3324
1161.5	3211
1163.12	3234
1164.74	3240
1166.36	3201
1167.98	3317
1169.6	3323
1171.22	3262
1172.84	3327
1174.46	3326
1176.08	3303
1177.7	3303
1179.32	3321
1180.94	3363
1182.56	3339
1184.18	3273
1185.8	3326
1187.41	3327
1189.03	3362
1190.65	3345
1192.26	3353
1193.88	3445
1195.5	3315
1197.11	3286
1198.73	3312
1200.34	3327
1201.96	3331
1203.57	3299
1205.19	3316
1206.8	3371
1208.41	3295
1210.03	3312
1211.64	3300
1213.25	3261
1214.86	3180
1216.48	3266
1218.09	3285
1219.7	3177
1221.31	3197
1222.92	3242
1224.53	3287
1226.14	3257
1227.75	3216
1229.36	3211
1230.97	3201
1232.58	3267
1234.19	3251
1235.79	3227
1237.4	3224
1239.01	3176
1240.62	3136
1242.23	3169
1243.83	3174
1245.44	3190
1247.04	3210
1248.65	3235
1250.25	3186
1251.86	3193
1253.46	3246
1255.07	3255
1256.67	3257
1258.28	3353
1259.88	3273
1261.48	3318
1263.09	3308
1264.69	3430
1266.29	3450
1267.89	3508
1269.5	3458
1271.1	3536
1272.7	3619
1274.3	3571
1275.9	3629
1277.5	3656
1279.1	3549
1280.7	3602
1282.3	3573
1283.9	3507
1285.5	3396
1287.09	3408
1288.69	3444
1290.29	3402
1291.89	3415
1293.48	3367
1295.08	3331
1296.68	3314
1298.27	3360
1299.87	3326
1301.47	3310
1303.06	3322
1304.66	3357
1306.25	3306
1307.85	3255
1309.44	3335
1311.03	3297
1312.63	3315
1314.22	3311
1315.81	3239
1317.4	3341
1319	3375
1320.59	3274
1322.18	3324
1323.77	3323
1325.36	3263
1326.95	3279
1328.54	3256
1330.13	3267
1331.72	3236
1333.31	3126
1334.9	3266
1336.49	3230
1338.08	3122
1339.67	3171
1341.26	3200
1342.84	3131
1344.43	3190
1346.02	3229
1347.6	3225
1349.19	3163
1350.78	3127
1352.36	3171
1353.95	3111
1355.53	3171
1357.12	3063
1358.7	3083
1360.29	3180
1361.87	3120
1363.46	3126
1365.04	3029
1366.62	3109
1368.2	3111
1369.79	3144
1371.37	3128
1372.95	3152
1374.53	3096
1376.11	3137
1377.69	3205
1379.28	3128
1380.85	3210
1382.43	3215
1384.01	3145
1385.59	3141
1387.17	3166
1388.75	3242
1390.33	3184
1391.91	3217
1393.49	3255
1395.07	3323
1396.64	3228
1398.22	3173
1399.8	3298
1401.37	3308
1402.95	3224
1404.52	3316
1406.1	3341
1407.68	3319
1409.25	3306
1410.82	3310
1412.4	3421
1413.97	3340
1415.55	3424
1417.12	3452
1418.69	3462
1420.27	3458
1421.84	3519
1423.41	3505
1424.98	3612
1426.55	3521
1428.13	3576
1429.7	3647
1431.27	3661
1432.84	3663
1434.41	3729
1435.98	3792
1437.55	3735
1439.12	3890
1440.69	3903
1442.25	4000
1443.82	4126
1445.39	4279
1446.96	4321
1448.52	4504
1450.09	4467
1451.66	4449
1453.23	4570
1454.79	4536
1456.36	4483
1457.92	4394
1459.49	4341
1461.05	4202
1462.62	4084
1464.18	3911
1465.75	3838
1467.31	3816
1468.87	3622
1470.44	3609
1472	3669
1473.56	3614
1475.13	3513
1476.69	3499
1478.25	3494
1479.81	3480
1481.37	3524
1482.93	3460
1484.49	3522
1486.05	3466
1487.61	3489
1489.17	3419
1490.73	3382
1492.29	3371
1493.85	3305
1495.41	3265
1496.97	3204
1498.53	3220
1500.08	3164
1501.64	3149
1503.2	3071
1504.76	3100
1506.31	3053
1507.87	3044
1509.42	3002
1510.98	3097
1512.53	3059
1514.09	3060
1515.64	3023
1517.2	3053
1518.75	3104
1520.31	3023
1521.86	2997
1523.41	3038
1524.96	2990
1526.52	2975
1528.07	3041
1529.62	3044
1531.17	3006
1532.73	3074
1534.28	3043
1535.83	3073
1537.38	2992
1538.93	3008
1540.48	3087
1542.03	2970
1543.58	2982
1545.13	3068
1546.68	3007
1548.22	2988
1549.77	2974
1551.32	2995
1552.87	2996
1554.41	3036
1555.96	2991
1557.51	2942
1559.05	2976
1560.6	3014
1562.15	2949
1563.69	2998
1565.24	2986
1566.78	3035
1568.33	3030
1569.87	2943
1571.42	2970
1572.96	2996
1574.5	3017
1576.04	2965
1577.59	2995
1579.13	2869
1580.67	2993
1582.21	2855
1583.76	2985
1585.3	2908
1586.84	2935
1588.38	2830
1589.92	2910
1591.46	2840
1593	2883
1594.54	2882
1596.08	2928
1597.62	2886
1599.16	2886
1600.7	2861
1602.24	2849
1603.77	2875
1605.31	2788
1606.85	2838
1608.39	2931
1609.92	2810
1611.46	2896
1612.99	2814
1614.53	2873
1616.07	2904
1617.6	2858
1619.14	2848
1620.67	2847
1622.21	2840
1623.74	2822
1625.27	2898
1626.81	2861
1628.34	2892
1629.87	2845
1631.41	2843
1632.94	2783
1634.47	2886
1636	2847
1637.53	2797
1639.07	2805
1640.6	2839
1642.13	2897
1643.66	2825
1645.19	2898
1646.72	2926
1648.25	2857.47
1649.78	2841.24
1651.31	2832.74
1652.83	2874.34
1654.36	2854.44
1655.89	2894.18
1657.42	2935.28
1658.95	2889.35
1660.47	2926.38
1662	2918.06
1663.53	2932.22
1665.05	2873.45
1666.58	2931.89
1668.11	2886.78
1669.63	2949.13
1671.16	2938.5
1672.68	2908.83
1674.21	2924.61
1675.73	2897.38
1677.25	2936.34
1678.78	2896.92
1680.3	2962.67
1681.83	2923.33
1683.35	2931.04
1684.87	2942.19
1686.39	2950.21
1687.92	2897.94
1689.44	2920.57
1690.96	2954.67
1692.48	2975.58
1694	2927.37
1695.52	2910.79
1697.04	2918.83
1698.56	2914.8
1700.08	2881.8
1701.6	2894.59
1703.12	2870.09
1704.64	2887.68
1706.16	2834.73
1707.68	2912.46
1709.19	2898.58
1710.71	2924.65
1712.23	2893.92
1713.75	2870.14
1715.26	2884.76
1716.78	2887.91
1718.3	2897.96
1719.81	2841.75
1721.33	2871.66
1722.84	2819.31
1724.36	2909.76
1725.87	2835.53
1727.39	2812.87
1728.9	2845.36
1730.42	2883.63
1731.93	2845.44
1733.44	2820.01
1734.96	2875.19
1736.47	2883.33
1737.98	2887.35
1739.49	2840.05
1741.01	2827.95
1742.52	2846.99
1744.03	2855.8
1745.54	2868.95
1747.05	2845.56
1748.56	2867.93
1750.07	2842.23
1751.58	2874.48
1753.09	2890.8
1754.6	2845.89
1756.11	2879.15
1757.62	2899.37
1759.13	2838.42
1760.64	2942.28
1762.15	2927.8
1763.65	2833.08
1765.16	2886.93
1766.67	2917.84
1768.18	2947.01
1769.68	2899.22
1771.19	2942.2
1772.7	2887.27
1774.2	2851.91
1775.71	2961.47
1777.21	2913.56
1778.72	2900.51
1780.22	2964.43
1781.73	2939.72
1783.23	2906.38
1784.73	2878.86
1786.24	2980.65
1787.74	2921.76
1789.24	2935.33
1790.75	2913.66
1792.25	3029.53
1793.75	2918.04
1795.25	2894.81
1796.75	2949.03
1798.26	2959.41
1798.36	2961
1799.86	2972
1801.37	3013
1802.88	2964
1804.39	2963
1805.89	2980
1807.4	2884
1808.91	2928
1810.41	2990
1811.92	2972
1813.42	2895
1814.93	2913
1816.43	2881
1817.93	2866
1819.44	2909
1820.94	2917
1822.45	2922
1823.95	2934
1825.45	2914
1826.95	2870
1828.46	2904
1829.96	2871
1831.46	2843
1832.96	2840
1834.46	2896
1835.97	2841
1837.47	2892
1838.97	2833
1840.47	2876
1841.97	2875
1843.47	2816
1844.97	2872
1846.47	2838
1847.96	2787
1849.46	2809
1850.96	2783
1852.46	2816
1853.96	2785
1855.45	2807
1856.95	2807
1858.45	2828
1859.94	2758
1861.44	2753
1862.94	2748
1864.43	2747
1865.93	2762
1867.42	2716
1868.92	2768
1870.41	2826
1871.91	2830
1873.4	2834
1874.89	2750
1876.39	2827
1877.88	2818
1879.37	2763
1880.87	2821
1882.36	2754
1883.85	2785
1885.34	2778
1886.83	2776
1888.33	2858
1889.82	2870
1891.31	2882
1892.8	2828
1894.29	2742
1895.78	2886
1897.27	2841
1898.76	2801
1900.25	2838
1901.73	2887
1903.22	2839
1904.71	2769
1906.2	2827
1907.69	2796
1909.17	2907
1910.66	2833
1912.15	2842
1913.64	2809
1915.12	2828
1916.61	2826
1918.09	2901
1919.58	2901
1921.06	2815
1922.55	2825
1924.03	2822
1925.52	2859
1927	2874
1928.49	2875
1929.97	2883
1931.45	2883
1932.94	2917
1934.42	2837
1935.9	2943
1937.39	2857
1938.87	2839
1940.35	2811
1941.83	2934
1943.31	2786
1944.79	2827
1946.27	2821
1947.75	2775
1949.23	2837
1950.71	2879
1952.19	2818
1953.67	2843
1955.15	2885
1956.63	2871
1958.11	2885
1959.58	2857
1961.06	2843
1962.54	2780
1964.02	2775
1965.49	2843
1966.97	2769
1968.45	2788
1969.93	2786
1971.4	2781
1972.88	2730
1974.35	2823
1975.83	2758
1977.3	2794
1978.78	2690
1980.25	2734
1981.72	2711
1983.2	2736
1984.67	2813
1986.15	2721
1987.62	2761
1989.09	2704
1990.56	2741
1992.04	2746
1993.51	2760
1994.98	2813
1996.45	2742
1997.92	2691
1999.39	2693
2000.86	2717
2002.33	2778
2003.8	2766
2005.27	2742
2006.74	2696
2008.21	2676
2009.68	2659
2011.15	2789
2012.62	2722
2014.09	2720
2015.55	2707
2017.02	2735
2018.49	2805
2019.96	2689
2021.42	2688
2022.89	2731
2024.36	2750
2025.82	2808
2027.29	2686
2028.75	2755
2030.22	2736
2031.68	2698
2033.15	2665
2034.61	2796
2036.08	2687
2037.54	2771
2039	2745
2040.47	2729
2041.93	2770
2043.39	2752
2044.86	2790
2046.32	2767
2047.78	2808
2049.24	2760
2050.7	2756
2052.16	2720
2053.62	2816
2055.08	2733
2056.54	2772
2058	2801
2059.46	2776
2060.92	2797
2062.38	2786
2063.84	2786
2065.3	2754
2066.76	2737
2068.22	2736
2069.68	2793
2071.13	2746
2072.59	2760
2074.05	2760
2075.51	2730
2076.96	2717
2078.42	2746
2079.87	2743
2081.33	2770
2082.79	2701
2084.24	2744
2085.7	2748
2087.15	2765
2088.61	2709
2090.06	2688
2091.51	2656
2092.97	2645
2094.42	2710
2095.87	2721
2097.33	2639
2098.78	2672
2100.23	2736
2101.68	2739
2103.14	2638
2104.59	2611
2106.04	2687
2107.49	2629
2108.94	2675
2110.39	2637
2111.84	2649
2113.29	2683
2114.74	2622
2116.19	2666
2117.64	2610
2119.09	2626
2120.54	2677
2121.99	2617
2123.43	2610
2124.88	2576
2126.33	2631
2127.78	2587
2129.22	2648
2130.67	2546
2132.12	2564
2133.56	2588
2135.01	2632
2136.46	2620
2137.9	2614
2139.35	2653
2140.79	2549
2142.23	2592
2143.68	2631
2145.12	2542
2146.57	2634
2148.01	2576
2149.45	2598
2150.9	2612
2152.34	2613
2153.78	2648
2155.22	2612
2156.67	2597
2158.11	2672
2159.55	2662
2160.99	2707
2162.43	2626
2163.87	2667
2165.31	2616
2166.76	2635
2168.19	2552
2169.63	2570
2171.07	2598
2172.51	2656
2173.95	2619
2175.39	2669
2176.83	2654
2178.27	2625
2179.71	2656
2181.14	2632
2182.58	2679
2184.02	2736
2185.45	2571
2186.89	2665
2188.33	2613
2189.76	2672
2191.2	2600
2192.63	2559
2194.07	2662
2195.5	2670
2196.94	2612
2198.37	2707
2199.81	2643
2201.24	2660
2202.67	2712
2204.11	2625
2205.54	2610
2206.97	2641
2208.41	2642
2209.84	2662
2211.27	2651
2212.7	2657
2214.13	2564
2215.57	2645
2217	2641
2218.43	2596
2219.86	2606
2221.29	2619
2222.72	2614
2224.15	2615
2225.58	2611
2227.01	2631
2228.44	2686
2229.86	2580
2231.29	2631
2232.72	2596
2234.15	2609
2235.58	2560
2237	2587
2238.43	2610
2239.86	2510
2241.29	2557
2242.71	2614
2244.14	2604
2245.56	2612
2246.99	2563
2248.42	2600
2249.84	2542
2251.27	2591
2252.69	2559
2254.11	2553
2255.54	2584
2256.96	2580
2258.39	2544
2259.81	2544
2261.23	2555
2262.66	2533
2264.08	2558
2265.5	2566
2266.92	2538
2268.34	2552
2269.76	2515
2271.19	2579
2272.61	2544
2274.03	2533
2275.45	2530
2276.87	2561
2278.29	2509
2279.71	2501
2281.13	2530
2282.55	2550
2283.96	2529
2285.38	2554
2286.8	2468
2288.22	2558
2289.64	2528
2291.06	2493
2292.47	2618
2293.89	2483
2295.31	2539
2296.72	2560
2298.14	2529
2299.56	2563
2300.97	2558
2302.39	2535
2303.8	2490
2305.22	2480
2306.63	2576
2308.05	2522
2309.46	2524
2310.88	2465
2312.29	2456
2313.7	2522
2315.12	2510
2316.53	2506
2317.94	2521
2319.35	2481
2320.77	2575
2322.18	2522
2323.59	2499
2325	2467
2326.41	2465
2327.82	2464
2329.24	2480
2330.65	2498
2332.06	2497
2333.47	2489
2334.88	2433
2336.28	2467
2337.69	2546
2339.1	2417
2340.51	2537
2341.92	2497
2343.33	2501
2344.74	2419
2346.14	2492
2347.55	2529
2348.96	2436
2350.37	2426
2351.77	2515
2353.18	2392
2354.58	2478
2355.99	2460
2357.4	2445
2358.8	2432
2360.21	2486
2361.61	2404
2363.02	2397
2364.42	2483
2365.82	2376
2367.23	2471
2368.63	2432
2370.04	2423
2371.44	2454
2372.84	2358
2374.25	2351
2375.65	2404
2377.05	2448
2378.45	2380
2379.85	2424
2381.25	2411
2382.66	2474
2384.06	2425
2385.46	2341
2386.86	2369
2388.26	2360
2389.66	2376
2391.06	2376
2392.46	2358
2393.85	2430
2395.25	2394
2396.65	2354
2398.05	2314
2399.45	2313
2400.85	2377
2402.24	2378
2403.64	2384
2405.04	2400
2406.44	2373
2407.83	2352
2409.23	2400
2410.62	2384
2412.02	2441
2413.41	2409
2414.81	2379
2416.21	2428
2417.6	2385
2419	2433
2420.39	2359
2421.78	2379
2423.18	2371
2424.57	2423
2425.96	2419
2427.36	2413
2428.75	2416
2430.14	2444
2431.53	2467
2432.93	2475
2434.32	2403
2435.71	2457
2437.1	2479
2438.49	2389
2439.88	2460
2441.27	2456
2442.66	2465
2444.05	2444
2445.44	2463
2446.83	2439
2448.22	2458
2449.61	2415
2451	2429
2452.39	2476
2453.78	2456
2455.16	2433
2456.55	2387
2457.94	2488
2459.33	2431
2460.72	2430
2462.1	2468
2463.49	2507
2464.87	2392
2466.26	2432
2467.65	2478
2469.03	2506
2470.42	2508
2471.8	2453
2473.19	2426
2474.57	2390
2475.96	2456
2477.34	2445
2478.72	2472
2480.11	2451
2481.49	2377
2482.87	2471
2484.26	2415
2485.64	2441
2487.02	2461
2488.4	2387
2489.79	2475
2491.17	2410
2492.55	2438
2493.93	2436
2495.31	2403
2496.69	2406
2498.07	2402
2499.45	2411
2500.83	2372
2502.21	2434
2503.59	2425
2504.97	2410
2506.35	2414
2507.73	2429
2509.1	2412
2510.48	2416
2511.86	2375
2513.24	2435
2514.62	2428
2515.99	2430
2517.37	2384
2518.75	2413
2520.12	2422
2521.5	2469
2522.88	2418
2524.25	2349
2525.63	2407
2527	2399
2528.38	2390
2529.75	2444
2531.13	2428
2532.5	2430
2533.87	2418
2535.25	2428
2536.62	2478
2537.99	2461
2539.37	2364
2540.74	2435
2542.11	2413
2543.48	2481
2544.86	2427
2546.23	2475
2547.6	2467
2548.97	2502
2550.34	2425
2551.71	2472
2553.08	2476
2554.45	2460
2555.82	2402
2557.19	2456
2558.56	2413
2559.93	2428
2561.3	2491
2562.67	2485
2564.04	2424
2565.41	2444
2566.78	2483
2568.14	2424
2569.51	2424
2570.88	2402
2572.25	2468
2573.61	2476
2574.98	2424
2576.34	2433
2577.71	2468
2579.08	2455
2580.44	2452
2581.81	2462
2583.17	2437
2584.54	2479
2585.9	2408
2587.27	2421
2588.63	2482
2589.99	2478
2591.36	2476
2592.72	2467
2594.08	2458
2595.45	2430
2596.81	2415
2598.17	2487
2599.54	2488
2600.9	2453
2602.26	2449
2603.62	2479
2604.98	2479
2606.34	2458
2607.7	2377
2609.06	2451
2610.42	2412
2611.78	2460
2613.14	2405
2614.5	2423
2615.86	2445
2617.22	2414
2618.58	2405
2619.94	2401
2621.3	2414
2622.66	2362
2624.01	2418
2625.37	2392
2626.73	2451
2628.09	2446
2629.44	2445
2630.8	2364
2632.16	2389
2633.51	2381
2634.87	2424
2636.22	2380
2637.58	2447
2638.93	2407
2640.29	2406
2641.64	2406
2643	2441
2644.35	2411
2645.71	2338
2647.06	2416
2648.42	2402
2649.77	2327
2651.12	2405
2652.47	2398
2653.83	2432
2655.18	2422
2656.53	2397
2657.88	2373
2659.23	2398
2660.59	2372
2661.94	2447
2663.29	2443
2664.64	2439
2665.99	2441
2667.34	2395
2668.69	2374
2670.04	2433
2671.39	2398
2672.74	2485
2674.09	2433
2675.43	2412
2676.78	2417
2678.13	2379
2679.48	2429
2680.83	2446
2682.18	2463
2683.52	2397
2684.87	2465
2686.22	2473
2687.56	2441
2688.91	2561
2690.25	2560
2691.6	2575
2692.95	2554
2694.29	2627
2695.64	2635
2696.98	2621
2698.33	2597
2699.67	2654
2701.02	2723
2702.36	2808
2703.7	2799
2705.05	2813
2706.39	2858
2707.73	2866
2709.08	2918
2710.42	2868
2711.76	2924
2713.1	3003
2714.44	2965
2715.78	3024
2717.13	2916
2718.47	3020
2719.81	2990
2721.15	3028
2722.49	3071
2723.83	3022
2725.17	2977
2726.51	2971
2727.85	2932
2729.19	2959
2730.53	2883
2731.87	2879
2733.2	2889
2734.54	2814
2735.88	2830
2737.22	2779
2738.56	2871
2739.89	2757
2741.23	2882
2742.57	2890
2743.9	2821
2745.24	2792
2746.58	2812
2747.91	2825
2749.25	2933
2750.58	2858
2751.92	2871
2753.25	2871
2754.59	2842
2755.92	2914
2757.26	2801
2758.59	2727
2759.92	2722
2761.26	2732
2762.59	2796
2763.92	2755
2765.26	2676
2766.59	2632
2767.92	2684
2769.25	2650
2770.59	2630
2771.92	2663
2773.25	2610
2774.58	2644
2775.91	2545
2777.24	2631
2778.57	2632
2779.9	2589
2781.23	2613
2782.56	2586
2783.89	2637
2785.22	2608
2786.55	2572
2787.88	2568
2789.21	2573
2790.54	2567
2791.86	2631
2793.19	2641
2794.52	2675
2795.85	2606
2797.17	2717
2798.5	2692
2799.83	2717
2801.16	2709
2802.48	2684
2803.81	2698
2805.13	2801
2806.46	2772
2807.78	2796
2809.11	2756
2810.43	2861
2811.76	2882
2813.08	2882
2814.41	2905
2815.73	3046
2817.05	3081
2818.38	3061
2819.7	3034
2821.02	3094
2822.35	3235
2823.67	3171
2824.99	3204
2826.31	3298
2827.63	3390
2828.96	3372
2830.28	3462
2831.6	3504
2832.92	3487
2834.24	3656
2835.56	3660
2836.88	3716
2838.2	3713
2839.52	3796
2840.84	3781
2842.16	3941
2843.48	3958
2844.8	4105
2846.12	3902
2847.43	4063
2848.75	4123
2850.07	4213
2851.39	4293
2852.71	4445
2854.02	4469
2855.34	4754
2856.66	4791
2857.97	4902
2859.29	5123
2860.6	5373
2861.92	5660
2863.24	5747
2864.55	6143
2865.87	6386
2867.18	6721
2868.5	7012
2869.81	7624
2871.12	8044
2872.44	8371
2873.75	8772
2875.07	9018
2876.38	9348
2877.69	9567
2879.01	9655
2880.32	9742
2881.63	9835
2882.94	9650
2884.25	9660
2885.57	9395
2886.88	9288
2888.19	9199
2889.5	9059
2890.81	8930
2892.12	8693
2893.43	8502
2894.74	8384
2896.05	8300
2897.36	8087
2898.67	7935
2899.98	7815
2901.29	7526
2902.6	7431
2903.9	7519
2905.21	7364
2906.52	7200
2907.83	7217
2909.14	7365
2910.44	7405
2911.75	7413
2913.06	7711
2914.36	7966
2915.67	8194
2916.98	8729
2918.28	9324
2919.59	9806
2920.89	10501
2922.2	11307
2923.5	12134
2924.81	12796
2926.11	13440
2927.42	13879
2928.72	14304
2930.02	14394
2931.33	14287
2932.63	14080
2933.93	13475
2935.24	12761
2936.54	12181
2937.84	11716
2939.14	10805
2940.45	10119
2941.75	9358
2943.05	8807
2944.35	8409
2945.65	7877
2946.95	7392
2948.25	7048
2949.55	6614
2950.85	6293
2952.15	6226.55
2953.45	5993.66
2954.75	5863.39
2956.05	5832.01
2957.35	5824.86
2958.65	5888.82
2959.95	5969.74
2961.25	6047.77
2962.55	6210.46
2963.84	6526.04
2965.14	6688.2
2966.44	6870.09
2967.74	7167.78
2969.03	7388.31
2970.33	7561.43
2971.63	7712.55
2972.92	7842.95
2974.22	7785.88
2975.51	7735.25
2976.81	7735.37
2978.11	7442.84
2979.4	7264.74
2980.7	6991.89
2981.99	6691.86
2983.29	6353.59
2984.58	6018.73
2985.87	5740.24
2987.17	5383.3
2988.46	5146.06
2989.75	4828.97
2991.05	4620.19
2992.34	4424.27
2993.63	4222.62
2994.93	4010.93
2996.22	3845.5
2997.51	3796.2
2998.8	3683.13
3000.09	3578.41
3001.39	3422.44
3002.68	3430.58
3003.97	3358.31
3005.26	3303.04
3006.55	3203.9
3007.84	3188.29
3009.13	3064.5
3010.42	3067.79
3011.71	3035.22
3013	2956.32
3014.29	2920.55
3015.57	2951.24
3016.86	2928.87
3018.15	2879.95
3019.44	2793.17
3020.73	2772.25
3022.02	2772.61
3023.3	2796.24
3024.59	2765.71
3025.88	2754.9
3027.17	2707.47
3028.45	2698.44
3029.74	2665.25
3031.02	2668.83
3032.31	2661.67
3033.59	2688.35
3034.88	2643.26
3036.17	2620.75
3037.45	2622.2
3038.74	2640.06
3040.02	2564.17
3041.31	2551.53
3042.59	2550.62
3043.87	2571.76
3045.16	2570.75
3046.44	2547.84
3047.72	2533.78
3049.01	2510.11
3050.29	2514.88
3051.57	2516.73
3052.85	2496.16
3054.14	2462.76
3055.42	2493.66
3056.7	2430.72
3057.98	2473.28
3059.26	2419.32
3060.54	2420.81
3061.83	2495.52
3063.11	2419.19
3064.39	2361.42
3065.67	2393.8
3066.95	2434.45
3068.23	2394.47
3069.51	2417.91
3070.79	2397.25
3072.06	2328.03
3073.34	2411.45
3074.62	2377.08
3075.9	2347.85
3077.18	2433.48
3078.46	2363.62
3079.73	2359.39
3081.01	2306.31
3082.21	2336
3083.5	2369
3084.78	2395
3086.06	2375
3087.34	2348
3088.63	2284
3089.91	2349
3091.19	2305
3092.47	2383
3093.75	2315
3095.03	2307
3096.31	2317
3097.59	2279
3098.88	2265
3100.16	2286
3101.44	2288
3102.72	2311
3104	2291
3105.27	2266
3106.55	2279
3107.83	2315
3109.11	2226
3110.39	2241
3111.67	2243
3112.95	2278
3114.22	2241
3115.5	2316
3116.78	2289
3118.06	2302
3119.33	2247
3120.61	2261
3121.88	2325
3123.16	2316
3124.44	2273
3125.71	2277
3126.99	2301
3128.26	2257
3129.54	2311
3130.81	2287
3132.09	2288
3133.36	2258
3134.64	2274
3135.91	2244
3137.19	2288
3138.46	2277
3139.73	2335
3141.01	2344
3142.28	2337
3143.55	2335
3144.82	2333
3146.1	2288
3147.37	2332
3148.64	2285
3149.91	2272
3151.18	2376
3152.45	2308
3153.73	2344
3155	2286
3156.27	2318
3157.54	2323
3158.81	2303.5
3160.08	2284
3161.35	2369
3162.62	2293
3163.89	2379
3165.15	2326
3166.42	2348
3167.69	2345
3168.96	2321
3170.23	2288
3171.5	2349
3172.76	2333
3174.03	2339
3175.3	2349
3176.57	2347
3177.83	2407
3179.1	2320
3180.37	2406
3181.63	2376
3182.9	2374
3184.16	2417
3185.43	2353
3186.69	2372
3187.96	2403
3189.22	2387
3190.49	2398
3191.75	2331
3193.02	2381
3194.28	2453
3195.55	2470
3196.81	2408
3198.07	2421
3199.34	2407
3200.6	2436
3201.86	2456
3203.12	2426
3204.39	2418
3205.65	2438
3206.91	2386
3208.17	2454
3209.43	2389
3210.69	2416
3211.96	2495
3213.22	2406
3214.48	2554
3215.74	2447
3217	2470
3218.26	2476
3219.52	2465
3220.78	2492
3222.04	2460
3223.3	2475
3224.55	2456
3225.81	2490
3227.07	2511
3228.33	2416
3229.59	2452
3230.84	2506
3232.1	2461
3233.36	2533
3234.62	2496
3235.87	2493
3237.13	2577
3238.39	2595
3239.64	2498
3240.9	2524
3242.15	2508
3243.41	2475
3244.67	2490
3245.92	2512
3247.18	2486
3248.43	2488
3249.69	2529
3250.94	2506
3252.19	2575
3253.45	2533
3254.7	2508
3255.95	2508
3257.21	2471
3258.46	2471
3259.72	2463
3260.97	2429
3262.22	2483
3263.47	2489
3264.72	2490
3265.98	2496
3267.23	2501
3268.48	2464
3269.73	2548
3270.98	2465
3272.23	2383
3273.48	2415
3274.73	2474
3275.98	2499
3277.23	2445
3278.48	2422
3279.73	2438
3280.98	2531
3282.23	2508
3283.48	2414
3284.73	2488
3285.98	2448
3287.22	2448
3288.47	2490
3289.72	2414
3290.97	2433
3292.21	2440
3293.46	2420
3294.71	2470
3295.96	2408
3297.2	2507
3298.45	2448
3299.69	2412
3300.94	2470
3302.19	2455
3303.43	2386
3304.68	2420
3305.92	2398
3307.17	2349
3308.41	2384
3309.66	2394
3310.9	2410
3312.14	2442
3313.39	2403
3314.63	2396
3315.87	2426
3317.12	2439
3318.36	2373
3319.6	2412
3320.84	2405
3322.09	2379
3323.33	2336
3324.57	2408
3325.81	2422
3327.05	2383
3328.29	2374
3329.54	2395
3330.78	2356
3332.02	2413
3333.26	2377
3334.5	2392
3335.74	2359
3336.98	2416
3338.22	2348
3339.46	2367
3340.69	2368
3341.93	2369
3343.17	2357
3344.41	2405
3345.65	2386
3346.89	2361
3348.12	2456
3349.36	2367
3350.6	2407
3351.84	2311
3353.07	2336
3354.31	2351
3355.55	2376
3356.78	2405
3358.02	2370
3359.26	2362
3360.49	2349
3361.73	2363
3362.96	2320
3364.2	2360
3365.43	2383
3366.67	2386
3367.9	2366
3369.14	2329
3370.37	2329
3371.6	2352
3372.84	2353
3374.07	2345
3375.3	2379
3376.54	2363
3377.77	2363
3379	2419
3380.24	2391
3381.47	2353
3382.7	2342
3383.93	2381
3385.16	2319
3386.39	2332
3387.62	2321
3388.86	2341
3390.09	2362
3391.32	2371
3392.55	2376
3393.78	2368
3395.01	2355
3396.24	2370
3397.47	2367
3398.7	2297
3399.93	2376
3401.15	2342
3402.38	2372
3403.61	2384
3404.84	2380
3406.07	2317
3407.29	2354
3408.52	2308
3409.75	2364
3410.98	2291
3412.2	2334
3413.43	2342
3414.66	2350
3415.88	2289
3417.11	2323
3418.34	2262
3419.56	2263
3420.79	2309
3422.01	2249
3423.24	2316
3424.46	2246
3425.69	2271
3426.91	2275
3428.14	2282
3429.36	2263
3430.58	2250
3431.81	2241
3433.03	2243
3434.25	2254
3435.48	2253
3436.7	2204
3437.92	2218
3439.15	2256
3440.37	2222
3441.59	2173
3442.81	2165
3444.03	2207
3445.25	2180
3446.48	2167
3447.7	2153
3448.92	2139
3450.14	2154
3451.36	2136
3452.58	2101
3453.8	2135
3455.02	2133
3456.24	2128
3457.46	2133
3458.68	2052
3459.89	2092
3461.11	2134
3462.33	2085
3463.55	2058
3464.77	2091
3465.99	2077
3467.2	2030
3468.42	2061
3469.64	2079
3470.86	2050
3472.07	2004
3473.29	2063
3474.51	1991
3475.72	1982
3476.94	1980
3478.15	2016
3479.37	1913
3480.59	1954
3481.8	1956
3483.02	1935
3484.23	1985
3485.45	1909
3486.66	1904
3487.87	1922
3489.09	1935
3490.3	1936
3491.52	1893
3492.73	1919
3493.94	1901
3495.15	1930
3496.37	1856
3497.58	1862
3498.79	1850
3500	1834
3501.22	1849
3502.43	1815
3503.64	1796
3504.85	1798
3506.06	1791
3507.27	1806
3508.48	1768
3509.69	1781
3510.91	1811
3512.12	1857
3513.32	1797
3514.53	1801
3515.74	1782
3516.95	1774
3518.16	1726
3519.37	1730
3520.58	1780
3521.79	1771
3523	1718
3524.21	1762
3525.41	1689
3526.62	1730
3527.83	1677
3529.04	1712
3530.24	1711
3531.45	1712
3532.66	1676
3533.86	1669
3535.07	1678
3536.27	1629
3537.48	1662
3538.69	1605
3539.89	1629
3541.1	1663
3542.3	1641
3543.51	1607
3544.71	1579
3545.92	1630
3547.12	1617
3548.32	1564
3549.53	1586
3550.73	1583
3551.94	1583
3553.14	1560
3554.34	1554
3555.54	1581
3556.75	1561
3557.95	1528
3559.15	1529
3560.35	1533
3561.56	1474
3562.76	1518
3563.96	1466
3565.16	1479
3566.36	1527
3567.56	1531
3568.76	1500
3569.96	1494
3571.16	1471
3572.36	1505
3573.56	1468
3574.76	1510
3575.96	1560
3577.16	1436
3578.36	1429
3579.56	1407
3580.76	1442
3581.96	1395
3583.15	1429
3584.35	1450
3585.55	1433
3586.75	1384
3587.95	1459
3589.14	1424
3590.34	1384
3591.54	1423
3592.73	1408
3593.93	1385
3595.13	1384
3596.32	1374
3597.52	1335
3598.71	1347
3599.91	1381
3601.1	1324
3602.3	1381
3603.49	1389
3604.69	1339
3605.88	1303
3607.08	1328
3608.27	1303
3609.46	1326
3610.66	1386
3611.85	1365
3613.04	1331
3614.24	1296
3615.43	1330
3616.62	1345
3617.81	1261
3619.01	1275
3620.2	1288
3621.39	1305
3622.58	1272
3623.77	1289
3624.97	1259
3626.16	1313
3627.35	1236
3628.54	1234
3629.73	1277
3630.92	1234
3632.11	1305
3633.3	1245
3634.49	1234
3635.68	1254
3636.87	1226
3638.06	1244
3639.24	1224
3640.43	1214
3641.62	1253
3642.81	1213
3644	1213
3645.19	1162
3646.37	1196
3647.56	1190
3648.75	1162
3649.94	1213
3651.12	1183
3652.31	1184
3653.5	1161
3654.68	1216
3655.87	1152
3657.05	1199
3658.24	1166
3659.42	1137
3660.61	1136
3661.79	1169
3662.98	1201
3664.16	1178
3665.35	1180
3666.53	1142
3667.72	1161
3668.9	1140
3670.08	1156
3671.27	1137
3672.45	1079
3673.63	1154
3674.82	1159
3676	1107
3677.18	1164
3678.36	1141
3679.55	1147
3680.73	1158
3681.91	1132
3683.09	1157
3684.27	1103
3685.45	1090
3686.63	1139
3687.82	1084
3689	1121
3690.18	1155
3691.36	1125
3692.54	1068
3693.72	1100
3694.9	1078
3696.07	1033
3697.25	1096
3698.43	1068
3699.61	1076
3700.79	1048
3701.97	1044
3703.15	1061
3704.32	1065
3705.5	1033
3706.68	1051
3707.86	1002
3709.03	1029
3710.21	1024
3711.39	1036
3712.57	1040
3713.74	1035
3714.92	1031
3716.09	1011
3717.27	1036
3718.45	1036
3719.62	999
3720.8	1007
3721.97	1025
3723.15	1029
3724.32	1015
3725.49	1012
3726.67	968
3727.84	1021
3729.02	995
3730.19	1000
3731.36	983
3732.54	995
3733.71	1012
3734.88	987
3736.06	1008
3737.23	1022
3738.4	990
3739.57	968
3740.75	975
3741.92	1010
3743.09	998
3744.26	969
3745.43	982
3746.6	956
3747.77	1018
3748.94	970
3750.11	972
3751.28	973
3752.45	993
3753.62	942
3754.79	927
3755.96	926
3757.13	970
3758.3	945
3759.47	957
3760.64	969
3761.81	948
3762.97	909
3764.14	961
3765.31	965
3766.48	952
3767.65	983
3768.81	937
3769.98	952
3771.15	918
3772.31	907
3773.48	926
3774.65	949
3775.81	934
3776.98	964
3778.14	943
3779.31	913
3780.48	944
3781.64	917
3782.8	946
3783.97	919
3785.13	957
3786.3	903
3787.46	923
3788.63	925
3789.79	944
3790.95	909
3792.12	902
3793.28	913
3794.44	901
3795.61	920
3796.77	879
3797.93	925
3799.09	912
3800.26	901
3801.42	922
3802.58	886
3803.74	913
3804.9	887
3806.06	887
3807.22	877
3808.38	875
3809.55	926
3810.71	867
3811.87	878
3813.03	889
3814.18	840
3815.34	893
3816.5	909
3817.66	884
3818.82	909
3819.98	893.5
3821.14	878
3822.3	842
3823.46	878
3824.61	870
3825.77	853
3826.93	861
3828.09	861
3829.24	866
3830.4	881
3831.56	884
3832.71	873
3833.87	848
3835.03	835
3836.18	847
3837.34	845
3838.5	858
3839.65	842
3840.81	884
3841.96	848
3843.12	831
3844.27	824
3845.43	875
3846.58	840
3847.73	845
3848.89	844
3850.04	828
3851.2	858
3852.35	816
3853.5	851
3854.66	865
3855.81	869
3856.96	845
3858.11	821
3859.27	828
3860.42	863
3861.57	841
3862.72	830
3863.87	811
3865.02	832
3866.18	844
3867.33	822
3868.48	790
3869.63	809
3870.78	827
3871.93	821
3873.08	823
3874.23	827
3875.38	823
3876.53	786
3877.68	813
3878.83	787
3879.97	794
3881.12	783
3882.27	831
3883.42	780
3884.57	768
3885.72	792
3886.86	764
3888.01	819
3889.16	815
3890.31	773
3891.45	777
3892.6	787
3893.75	732
3894.89	795
3896.04	774
3897.18	758
3898.33	773
3899.48	760
3900.62	770
3901.77	796
3902.91	799
3904.06	766
3905.2	747
3906.35	769
3907.49	754
3908.63	793
3909.78	775
3910.92	753
3912.07	743
3913.21	760
3914.35	738
3915.5	738
3916.64	795
3917.78	735
3918.92	760
3920.07	779
3921.21	771
3922.35	749
3923.49	744
3924.63	717
3925.77	779
3926.92	711
3928.06	783
3929.2	772
3930.34	714
3931.48	722
3932.62	773
3933.76	753
3934.9	742
3936.04	721
3937.18	758
3938.32	742
3939.46	739
3940.59	711
3941.73	758
3942.87	725
3944.01	726
3945.15	765
3946.29	734
3947.42	739
3948.56	732
3949.7	726
3950.84	757
3951.97	725
3953.11	702
3954.25	706
3955.38	729
3956.52	717
3957.66	720
3958.79	732
3959.93	772
3961.06	737
3962.2	713
3963.33	737
3964.47	719
3965.6	710
3966.74	710
3967.87	730
3969.01	704
3970.14	710
3971.27	708
3972.41	697
3973.54	731
3974.68	706
3975.81	700
3976.94	729
3978.07	692
3979.21	710
3980.34	706
3981.47	673
3982.6	714
3983.73	676
3984.87	684
3986	687
3987.13	698
3988.26	701
3989.39	704
3990.52	722
3991.65	696
3992.78	714
3993.91	709
3995.04	692
3996.17	683
3997.3	674
3998.43	652
3999.56	694
