100.426	1935
101.709	1976
102.992	1994
104.275	1930
105.558	1904
106.841	1943
108.123	1938
109.405	1902
110.687	1909
111.969	1868
113.251	1915
114.532	1840
115.813	1886
117.094	1888
118.375	1815
119.655	1829
120.936	1797
122.216	1771
123.496	1896
124.774	1842
126.053	1853
127.333	1804
128.612	1787
129.891	1796
131.169	1776
132.448	1781
133.726	1787
135.004	1719
136.28	1793
137.558	1761
138.835	1759
140.112	1750
141.389	1748
142.666	1741
143.941	1752
145.218	1714
146.494	1753
147.77	1784
149.045	1690
150.319	1752
151.595	1792
152.87	1696
154.145	1761
155.418	1751
156.692	1735
157.967	1747
159.241	1696
160.513	1740
161.787	1721
163.06	1669
164.333	1693
165.605	1733
166.878	1672
168.15	1697
169.421	1671
170.694	1712
171.966	1701
173.236	1722
174.507	1686
175.779	1689
177.049	1689
178.319	1651
179.589	1661
180.859	1696
182.13	1663
183.398	1622
184.668	1662
185.936	1699
187.206	1656
188.474	1685
189.743	1690
191.012	1711
192.279	1633
193.548	1693
194.814	1682
196.082	1622
197.349	1707
198.616	1695
199.882	1703
201.15	1668
202.415	1690
203.682	1626
204.947	1707
206.214	1650
207.478	1687
208.744	1637
210.009	1659
211.273	1610
212.538	1685
213.802	1647
215.067	1586
216.33	1629
217.593	1637
218.858	1645
220.12	1633
221.384	1583
222.647	1614
223.909	1603
225.172	1592
226.434	1612
227.695	1584
228.958	1613
230.219	1631
231.48	1591
232.742	1604
234.002	1614
235.263	1567
236.523	1640
237.784	1554
239.044	1634
240.303	1634
241.564	1575
242.823	1594
244.082	1617
245.34	1550
246.6	1597
247.858	1599
249.116	1571
250.374	1552
251.632	1504
252.89	1579
254.148	1557
255.405	1513
256.661	1522
257.918	1544
259.174	1535
260.432	1517
261.688	1520
262.944	1541
264.199	1541
265.455	1547
266.71	1564
267.965	1499
269.219	1530
270.474	1579
271.728	1490
272.984	1560
274.238	1562
275.492	1515
276.745	1517
277.998	1525
279.252	1512
280.504	1513
281.757	1494
283.01	1542
284.262	1536
285.514	1548
286.766	1509
288.018	1540
289.269	1571
290.521	1555
291.772	1491
293.023	1547
294.273	1498
295.524	1561
296.774	1497
298.023	1517
299.273	1492
300.522	1488
301.772	1550
303.021	1517.5
304.27	1485
305.519	1465
306.768	1536
308.016	1511
309.263	1506
310.511	1494
311.759	1505
313.007	1506
314.254	1460
315.501	1541
316.747	1474
317.994	1506
319.241	1475
320.487	1536
321.733	1487
322.978	1499
324.224	1491
325.469	1486
326.715	1471
327.959	1481
329.204	1466
330.449	1483
331.692	1473
332.936	1486
334.181	1506
335.425	1427
336.667	1431
337.911	1470
339.154	1457
340.396	1506
341.639	1474
342.882	1526
344.123	1447
345.366	1493
346.608	1464
347.849	1459
349.09	1461
350.331	1418
351.572	1400
352.813	1423
354.053	1445
355.294	1392
356.533	1413
357.774	1405
359.012	1416
360.252	1460
361.491	1382
362.731	1383
363.969	1425
365.208	1396
366.447	1405
367.684	1398
368.923	1378
370.16	1370
371.397	1393
372.635	1377
373.871	1334
375.109	1353
376.345	1362
377.583	1359
378.818	1366
380.055	1367
381.29	1336
382.525	1386
383.762	1368
384.996	1323
386.232	1351
387.466	1328
388.701	1351
389.936	1309
391.17	1305
392.403	1324
393.638	1319
394.871	1333
396.104	1318
397.338	1341
398.57	1324
399.803	1378
401.036	1361
402.268	1334
403.5	1368
404.731	1343
405.964	1338
407.195	1382
408.426	1379
409.657	1336
410.889	1347
412.119	1351
413.349	1353
414.579	1388
415.809	1379
417.04	1331
418.269	1365
419.498	1424
420.727	1388
421.956	1404
423.184	1357
424.414	1388
425.642	1371
426.87	1421
428.098	1390
429.326	1352
430.553	1389
431.78	1368
433.007	1396
434.234	1426
435.462	1336
436.688	1426
437.915	1376
439.141	1368
440.366	1417
441.592	1371
442.817	1343
444.043	1345
445.268	1359
446.492	1343
447.717	1299
448.941	1287
450.166	1330
451.39	1331
452.614	1329
453.837	1330
455.061	1345
456.284	1346
457.507	1301
458.729	1272
459.951	1297
461.174	1311
462.396	1272
463.618	1265
464.84	1285
466.062	1298
467.283	1303
468.505	1252
469.724	1255
470.945	1286
472.166	1262
473.386	1283
474.607	1252
475.827	1278
477.045	1240
478.265	1260
479.485	1199
480.704	1266
481.923	1228
483.141	1217
484.36	1227
485.578	1243
486.797	1247
488.013	1237
489.231	1246
490.449	1256
491.665	1211
492.883	1233
494.1	1228
495.317	1190
496.533	1237
497.749	1204
498.966	1213
500.181	1219
501.397	1197
502.611	1232
503.827	1224
505.042	1199
506.256	1156
507.471	1202
508.686	1253
509.9	1220
511.114	1197
512.327	1185
513.541	1196
514.754	1203
515.967	1200
517.181	1173
518.393	1192
519.606	1197
520.818	1223
522.031	1162
523.242	1237
524.454	1186
525.665	1174
526.877	1205
528.087	1218
529.299	1140
530.509	1169
531.719	1188
532.93	1179
534.14	1196
535.35	1187
536.559	1199
537.77	1198
538.978	1226
540.187	1191
541.397	1185
542.605	1186
543.814	1192
545.022	1178
546.229	1166
547.438	1149
548.645	1189
549.852	1167
551.06	1134
552.267	1173
553.473	1177
554.68	1134
555.887	1145
557.093	1140
558.298	1125
559.505	1151
560.711	1128
561.916	1113
563.121	1152
564.327	1069
565.531	1082
566.735	1059
567.94	1083
569.143	1131
570.349	1114
571.552	1053
572.755	1058
573.959	1115
575.162	1004
576.364	1097
577.568	1080
578.771	1110
579.973	1079
581.175	1019
582.377	1046
583.578	1075
584.78	1037
585.981	1044
587.182	1048
588.383	1079
589.585	1066
590.786	1065
591.986	1063
593.186	992
594.386	1017
595.586	1068
596.785	1075
597.985	1018
599.184	1046
600.383	1084
601.582	1014
602.78	1077
603.979	1057
605.177	1048
606.375	1023
607.572	1060
608.769	1061
609.967	1048
611.164	1054
612.361	1039
613.558	1038
614.755	1014
615.951	1067
617.148	1017
618.344	1028
619.538	1012
620.734	1014
621.93	1042
623.125	1013
624.32	1025
625.515	1024
626.709	1039
627.903	1014
629.098	1008
630.292	1001
631.486	1029
632.679	1059
633.872	1018
635.066	1003
636.259	1002
637.451	1001
638.644	1038
639.837	1010
641.028	997
642.22	987
643.413	981
644.605	971
645.795	1036
646.987	1011
648.178	990
649.368	1010
650.559	972
651.749	962
652.939	986
654.13	969
655.319	969
656.509	967
657.699	950
658.887	1016
660.077	967
661.265	992
662.454	959
663.642	979
664.83	978
666.018	979
667.206	958
668.393	1005
669.581	977
670.768	990
671.955	983
673.142	993
674.329	967
675.515	1014
676.702	1022
677.887	941
679.074	998
680.259	950
681.445	954
682.63	972
683.814	982
685	978
686.184	969
687.369	950
688.553	1006
689.736	954
690.921	953
692.104	975
693.287	978
694.471	981
695.654	938
696.836	987
698.02	977
699.202	963
700.384	990
701.567	990
702.749	954
703.93	948
705.111	956
706.293	983
707.474	981
708.655	948
709.835	941
711.017	927
712.197	946
713.377	944
714.556	948
715.736	916
716.916	915
718.096	944
719.274	957
720.453	921
721.632	937
722.81	973
723.988	936
725.168	953
726.345	918
727.523	938
728.701	899
729.878	917
731.055	927
732.232	941
733.408	901
734.585	891
735.761	911
736.938	899
738.113	874
739.289	867
740.465	908
741.64	891
742.816	907
743.991	910
745.165	921
746.34	899
747.515	895
748.689	932
749.863	893
751.037	897
752.211	908
753.384	890
754.558	913
755.731	919
756.903	907
758.076	877
759.248	920
760.421	903
761.593	895
762.765	903
763.937	907
765.108	906
766.279	882
767.451	898
768.622	893
769.793	897
770.962	852
772.133	876
773.303	884
774.474	870
775.642	920
776.812	907
777.982	906
779.152	883
780.32	870
781.489	846
782.658	889
783.825	881
784.994	901
786.163	885
787.331	909
788.498	926
789.666	884
790.832	889
792	851
793.167	896
794.333	902
795.5	864
796.667	821
797.832	868
798.998	867
800.163	840
801.329	826
802.494	795
803.66	874
804.824	831
805.989	867
807.153	863
808.318	859
809.483	855
810.646	842
811.81	831
812.974	854
814.137	845
815.301	820
816.463	814
817.627	854
818.789	829
819.952	835
821.114	831
822.275	850
823.438	812
824.599	819
825.761	827
826.922	831
828.083	808
829.244	810
830.405	827
831.565	808
832.726	834
833.886	806
835.045	794
836.206	808
837.365	811
838.524	832
839.683	799
840.843	815
842.001	827
843.159	810
844.318	847
845.477	837
846.635	837
847.792	816
848.949	795
850.108	824
851.265	822
852.422	848
853.578	840
854.735	833
855.891	805
857.049	853
858.205	820
859.36	816
860.516	853
861.671	854
862.827	831
863.982	874
865.137	894
866.291	844
867.446	900
868.601	876
869.756	908
870.909	939
872.063	1012
873.217	1005
874.37	1053
875.524	1072
876.677	1154
877.83	1192
878.982	1245
880.135	1290
881.287	1224
882.439	1271
883.59	1205
884.742	1162
885.894	1126
887.045	1095
888.196	1030
889.347	987
890.498	941
891.649	902
892.8	870
893.95	833.5
895.099	797
896.249	828
897.399	767
898.549	768
899.698	791
900.848	789
901.995	748
903.144	742
904.293	751
905.442	720
906.589	759
907.737	767
908.885	748
910.033	742
911.18	695
912.327	740
913.475	736
914.622	712
915.768	722
916.914	732
918.061	742
919.206	705
920.353	729
921.499	738
922.643	707
923.789	720
924.933	717
926.079	732
927.224	732
928.368	703
929.513	693
930.656	707
931.801	709
932.945	709
934.088	689
935.232	722
936.375	716
937.518	716
938.661	719
939.804	711
940.946	672
942.089	689
943.23	707
944.373	714
945.514	712
946.656	712
947.797	737
948.939	744
950.079	761
951.22	695
952.361	712
953.501	715.5
954.642	719
955.782	732
956.921	714
958.061	726
959.2	706
960.339	684
961.479	709
962.618	741
963.756	709
964.896	691
966.034	736
967.171	735
968.31	701
969.448	710
970.585	695
971.722	721
972.86	672
973.997	664
975.134	728
976.27	697
977.406	692
978.544	722
979.68	701
980.815	666
981.951	675
983.086	679
984.223	678
985.358	672
986.493	706
987.627	671
988.762	707
989.896	649
991.03	684
992.164	692
993.298	690
994.433	659
995.566	672
996.7	679
997.833	678
998.966	654
1000.1	678
1001.23	668
1002.36	634
1003.5	633
1004.63	669
1005.76	663
1006.89	667
1008.02	615
1009.15	650
1010.29	652
1011.42	671
1012.55	639
1013.68	650
1014.81	678
1015.94	671
1017.07	636
1018.2	661
1019.33	637
1020.46	623
1021.59	648
1022.71	649
1023.84	643
1024.97	654
1026.1	660
1027.23	654
1028.36	650
1029.49	637
1030.61	680
1031.74	649
1032.87	686
1034	657
1035.12	655
1036.25	686
1037.38	670
1038.5	701
1039.63	693
1040.76	723
1041.88	714
1043.01	728
1044.13	674
1045.26	737
1046.38	717
1047.51	733
1048.63	723
1049.76	726
1050.88	715
1052.01	756
1053.13	716
1054.25	722
1055.38	736
1056.5	721
1057.63	685
1058.75	670
1059.87	636
1060.99	649
1062.12	666
1063.24	661
1064.36	686
1065.48	695
1066.61	635
1067.73	630
1068.85	651
1069.97	658
1071.09	673
1072.21	654
1073.33	649
1074.45	658
1075.57	669
1076.69	627
1077.82	651
1078.93	675
1080.05	625
1081.17	676
1082.29	680
1083.41	659
1084.53	703
1085.65	679
1086.77	694
1087.89	710
1089.01	723
1090.12	716
1091.24	711
1092.36	724
1093.48	711
1094.59	711
1095.71	677
1096.83	698
1097.94	689
1099.06	667
1100.18	677
1101.29	658
1102.41	689
1103.53	666
1104.64	637
1105.76	627
1106.87	652
1107.99	631
1109.1	619
1110.22	618
1111.33	647
1112.45	657
1113.56	619
1114.68	602
1115.79	633
1116.9	607
1118.02	619
1119.13	612
1120.24	625
1121.36	604
1122.47	636
1123.58	620
1124.69	584
1125.81	586
1126.92	594
1128.03	609
1129.14	603
1130.25	618
1131.37	575
1132.48	610
1133.59	583
1134.7	586
1135.81	565
1136.92	565
1138.03	578
1139.14	576
1140.25	547
1141.36	560
1142.47	576
1143.58	552
1144.69	584
1145.8	559
1146.9	567
1148.01	575
1149.12	555
1150.23	554
1151.34	546
1152.45	547
1153.55	546
1154.66	541
1155.77	567
1156.88	541
1157.98	569
1159.09	545
1160.2	535
1161.3	514
1162.41	525
1163.52	518
1164.62	527
1165.73	548
1166.83	508
1167.94	517
1169.04	518
1170.15	530
1171.25	530
1172.36	544
1173.46	533
1174.57	514
1175.67	534
1176.78	511
1177.88	517
1178.98	497
1180.09	524
1181.19	510
1182.29	511
1183.4	525
1184.5	493
1185.6	496
1186.7	500
1187.81	498
1188.91	501
1190.01	501
1191.11	489
1192.21	491
1193.31	500
1194.41	503
1195.52	519
1196.62	459.456
1197.72	492.985
1198.82	485.058
1199.92	497.922
1201.02	470.693
1202.12	468.668
1203.22	473.887
1204.32	475.498
1205.42	491.084
1206.52	507.343
1207.61	489.125
1208.71	482.897
1209.81	476.534
1210.91	489.03
1212.01	483.889
1213.11	489.24
1214.21	475.841
1215.3	492.738
1216.4	478.304
1217.5	475.68
1218.6	499.24
1219.69	480.052
1220.79	484.09
1221.89	489.591
1222.98	495.243
1224.08	487.335
1225.17	495.185
1226.27	480.534
1227.37	491.015
1228.46	497.987
1229.56	485.974
1230.65	510.798
1231.75	484.108
1232.84	491.884
1233.94	513.031
1235.03	507.83
1236.13	496.196
1237.22	512.841
1238.31	511.967
1239.41	489.096
1240.5	501.089
1241.6	493.924
1242.69	489.602
1243.78	514.73
1244.88	495.22
1245.97	509.129
1247.06	495.181
1248.15	499.325
1249.24	492.346
1250.34	492.557
1251.43	524.678
1252.52	526.647
1253.61	506.043
1254.7	507.614
1255.8	510.71
1256.89	513.311
1257.98	510.576
1259.07	495.94
1260.16	512.532
1261.25	514.375
1262.34	511.471
1263.43	510.111
1264.52	531.504
1265.61	546.913
1266.7	520.952
1267.79	528.286
1268.87	538.378
1269.96	545.837
1271.05	532.031
1272.14	545.876
1273.23	535.268
1274.32	563.925
1275.41	558.517
1276.49	550.285
1277.58	548.517
1278.67	531.126
1279.76	522.953
1280.84	521.605
1281.93	540.512
1283.02	517.265
1284.1	492.277
1285.19	499.873
1286.28	501.758
1287.36	480.295
1288.45	496.188
1289.53	500.396
1290.62	490.27
1291.71	489.75
1292.79	485.443
1293.88	484.067
1294.96	475.091
1296.05	486.235
1297.13	482.838
1298.21	473.831
1299.3	479.589
1300.38	482.935
1301.47	474.483
1302.55	468.735
1303.63	458.586
1304.72	482.729
1305.8	474.393
1306.88	448.895
1307.65	473
1308.74	492
1309.83	469
1310.92	451
1312	457
1313.09	455
1314.18	443
1315.26	441
1316.35	440
1317.44	423
1318.52	451
1319.61	462
1320.7	479
1321.78	455
1322.87	464
1323.95	446
1325.04	449
1326.12	459
1327.21	442
1328.29	457
1329.38	435
1330.46	455
1331.55	443
1332.63	438
1333.72	455
1334.8	430
1335.88	468
1336.97	435
1338.05	451
1339.13	399
1340.22	435
1341.3	436
1342.38	428
1343.47	420
1344.55	426
1345.63	419
1346.71	420
1347.79	450
1348.88	436
1349.96	437
1351.04	450
1352.12	454
1353.2	426
1354.28	435
1355.36	444
1356.44	455
1357.52	466
1358.6	458
1359.68	450
1360.76	434
1361.84	443
1362.92	426
1364	455
1365.08	458
1366.16	440
1367.24	447
1368.32	454
1369.39	423
1370.47	453
1371.55	443.5
1372.63	434
1373.71	450
1374.78	428
1375.86	462
1376.94	460
1378.02	455
1379.09	429
1380.17	456
1381.24	444
1382.32	456
1383.4	452
1384.47	472
1385.55	440
1386.62	455
1387.7	445
1388.78	465
1389.85	464
1390.93	455
1392	445
1393.08	451
1394.15	444
1395.22	438
1396.3	471
1397.37	473
1398.45	446
1399.52	431
1400.59	447
1401.67	458
1402.74	471
1403.81	442
1404.88	455
1405.96	448
1407.03	457
1408.1	461
1409.17	425
1410.25	453
1411.32	458
1412.39	456
1413.46	460
1414.53	484
1415.6	457
1416.67	451
1417.74	460
1418.82	440
1419.88	453
1420.96	458
1422.03	444
1423.1	443
1424.16	452
1425.23	450
1426.3	435
1427.37	457
1428.44	473
1429.51	469
1430.58	455
1431.65	463
1432.72	483
1433.79	474
1434.85	456
1435.92	449
1436.99	494
1438.06	447
1439.12	513
1440.19	515
1441.26	512
1442.32	530
1443.39	527
1444.46	553
1445.52	544
1446.59	555
1447.65	554
1448.72	576
1449.79	564
1450.85	575
1451.92	540
1452.98	553
1454.05	550
1455.11	594
1456.18	525
1457.24	539
1458.31	572
1459.37	504
1460.43	483
1461.5	496
1462.56	486
1463.63	476
1464.69	470
1465.75	464
1466.81	454
1467.88	483
1468.94	459
1470	452
1471.06	450
1472.13	443
1473.19	443
1474.25	460
1475.31	458
1476.37	443
1477.44	440
1478.5	458
1479.56	449
1480.62	450
1481.68	440
1482.74	471
1483.8	422
1484.86	450
1485.92	457
1486.98	425
1488.04	448
1489.1	426
1490.16	427
1491.22	426
1492.27	422
1493.33	395
1494.39	423
1495.45	386
1496.51	399
1497.57	387
1498.63	396
1499.68	397
1500.74	372
1501.8	394
1502.85	369
1503.91	368
1504.97	365
1506.03	376
1507.08	395
1508.14	380
1509.2	373
1510.25	352
1511.31	367
1512.36	364
1513.42	371
1514.47	362
1515.53	375
1516.58	369
1517.64	346
1518.69	355
1519.75	346
1520.8	327
1521.86	342
1522.91	328
1523.97	360
1525.02	324
1526.07	357
1527.13	368
1528.18	330
1529.23	322
1530.29	323
1531.34	327
1532.39	326
1533.44	343
1534.5	353
1535.55	337
1536.6	334
1537.65	345
1538.7	330
1539.75	337
1540.81	303
1541.86	308
1542.91	330
1543.96	332
1545.01	309
1546.06	319
1547.11	323
1548.16	318
1549.21	323
1550.26	317
1551.31	326
1552.36	280
1553.41	313
1554.46	305
1555.51	319
1556.56	310
1557.6	301
1558.65	303
1559.7	307
1560.75	280
1561.8	305
1562.85	310
1563.89	315
1564.94	314
1565.99	297
1567.03	306
1568.08	294
1569.13	321
1570.18	317
1571.22	293
1572.27	300
1573.31	306
1574.36	313
1575.41	307
1576.45	311
1577.5	288
1578.54	300
1579.59	331
1580.63	277
1581.68	303
1582.72	304
1583.77	312
1584.81	311
1585.86	302
1586.9	309
1587.94	317
1588.99	329
1590.03	306
1591.07	311
1592.12	306
1593.16	311
1594.2	319
1595.25	312
1596.29	315
1597.33	318
1598.37	318
1599.41	312
1600.46	295
1601.5	309
1602.54	319
1603.58	299
1604.62	308
1605.66	296
1606.71	307
1607.75	300
1608.79	314
1609.83	287
1610.87	305
1611.91	306
1612.95	295
1613.99	303
1615.03	306
1616.07	302
1617.11	304
1618.14	313
1619.18	297
1620.22	318
1621.26	300
1622.3	306
1623.34	306
1624.38	305
1625.42	283
1626.45	295
1627.49	299
1628.53	297
1629.56	313
1630.6	296
1631.64	302
1632.68	297
1633.71	301
1634.75	306
1635.79	300
1636.82	286
1637.86	299
1638.89	278
1639.93	297
1640.97	286
1642	285
1643.04	299
1644.07	297
1645.11	303
1646.14	297
1647.18	299
1648.21	288
1649.24	286
1650.28	282
1651.31	291
1652.35	267
1653.38	281
1654.41	301
1655.45	296
1656.48	289
1657.51	268
1658.55	275
1659.58	277
1660.61	272
1661.64	265
1662.67	278
1663.71	282
1664.74	274
1665.77	267
1666.8	278
1667.83	269
1668.86	268
1669.9	267
1670.93	246
1671.96	269
1672.99	284
1674.02	265
1675.05	256
1676.08	262
1677.11	260
1678.14	269
1679.17	256
1680.2	248
1681.23	256
1682.26	254
1683.28	256
1684.31	253
1685.34	273
1686.37	257
1687.4	248
1688.43	271
1689.46	273
1690.48	257
1691.51	250
1692.54	257
1693.57	240
1694.59	253
1695.62	246
1696.65	222
1697.67	282
1698.7	254
1699.73	260
1700.75	239
1701.78	244
1702.8	231
1703.83	262
1704.86	246
1705.88	254
1706.91	247
1707.93	251
1708.96	239
1709.98	253
1711.01	255
1712.03	243
1713.05	241
1714.08	247
1715.1	246
1716.13	254
1717.15	232
1718.17	237
1719.2	244
1720.22	239
1721.24	235
1722.27	284
1723.29	243
1724.31	258
1725.34	234
1726.36	245
1727.38	224
1728.4	227
1729.42	243
1730.44	239
1731.47	237
1732.49	221
1733.51	242
1734.53	219
1735.55	268
1736.57	246
1737.59	252
1738.61	239
1739.63	231
1740.65	249
1741.67	233
1742.69	244
1743.71	238
1744.73	239
1745.75	247
1746.77	210
1747.79	234
1748.81	242
1749.82	224
1750.84	234
1751.86	236
1752.88	237
1753.9	229
1754.92	244
1755.93	242
1756.95	229
1757.97	237
1758.99	227
1760	243
1761.02	229
1762.04	240
1763.05	239
1764.07	240
1765.09	239
1766.1	223
1767.12	246
1768.13	242
1769.15	234
1770.16	229
1771.18	223
1772.19	246
1773.21	234
1774.22	256
1775.24	219
1776.25	227
1777.27	226
1778.28	239
1779.3	230
1780.31	233
1781.32	250
1782.34	213
1783.35	231
1784.36	244
1785.38	238
1786.39	244
1787.4	221
1788.41	231
1789.43	224
1790.44	236
1791.45	239
1792.46	225
1793.48	223
1794.49	238
1795.5	247
1796.51	249
1797.52	237
1798.53	234
1799.54	219
1800.55	235
1801.56	231
1802.58	210
1803.58	247
1804.6	228
1805.61	228
1806.61	232
1807.62	222
1808.63	222
1809.64	225
1810.65	222
1811.66	244
1812.67	238
1813.68	247
1814.69	213
1815.7	220
1816.7	242
1817.71	215
1818.72	222
1819.73	229
1820.73	225
1821.74	219
1822.75	206
1823.76	221
1824.76	212
1825.77	202
1826.78	224
1827.78	191
1828.79	217
1829.8	199
1830.8	240
1831.81	228
1832.81	200
1833.82	212
1834.83	206
1835.83	234
1836.84	202
1837.84	221
1838.85	208
1839.85	205
1840.85	198
1841.86	209
1842.86	203
1843.87	210
1844.87	208
1845.87	197
1846.88	198
1847.88	210
1848.89	195
1849.89	212
1850.89	204
1851.89	186
1852.9	197
1853.9	202
1854.9	213
1855.9	193
1856.91	202
1857.91	199
1858.91	188
1859.91	190
1860.91	192
1861.91	202
1862.91	204
1863.92	196
1864.92	202
1865.92	231
1866.92	194
1867.92	194
1868.92	192
1869.92	181
1870.92	203
1871.92	196
1872.92	177
1873.92	175
1874.91	194
1875.91	196
1876.91	195
1877.91	187
1878.91	180
1879.91	189
1880.91	189
1881.9	202
1882.9	194.5
1883.9	187
1884.9	197
1885.9	183
1886.89	179
1887.89	198
1888.89	192
1889.88	181
1890.88	191
1891.88	209
1892.87	194
1893.87	188
1894.87	173
1895.86	194
1896.86	184
1897.85	185
1898.85	179
1899.84	181
1900.84	182
1901.83	175
1902.83	190
1903.83	191
1904.82	192
1905.81	184
1906.81	183
1907.8	187
1908.8	180
1909.79	170
1910.78	188
1911.78	170
1912.77	177
1913.76	169
1914.76	180
1915.75	188
1916.74	192
1917.74	172
1918.73	194
1919.72	187
1920.71	188
1921.7	173
1922.7	190
1923.69	181
1924.68	174
1925.67	198
1926.66	183
1927.65	171
1928.64	179
1929.64	192
1930.63	172
1931.62	186
1932.61	176
1933.6	183
1934.59	186
1935.58	189
1936.57	183
1937.56	179
1938.54	184
1939.53	200
1940.52	178
1941.51	177
1942.5	186
1943.49	186
1944.48	157
1945.47	201
1946.45	172
1947.44	165
1948.43	184
1949.42	184
1950.41	166
1951.39	175
1952.38	180
1953.37	180
1954.35	183
1955.34	176
1956.33	175
1957.32	174
1958.3	176
1959.29	182
1960.27	161
1961.26	186
1962.25	170
1963.23	177
1964.22	165
1965.2	163
1966.19	181
1967.17	170
1968.16	171
1969.14	161
1970.13	174
1971.11	164
1972.1	157
1973.08	170
1974.06	172
1975.05	152
1976.03	166
1977.01	165
1978	175
1978.98	175
1979.96	158
1980.95	168
1981.93	150
1982.91	166
1983.89	170
1984.88	163
1985.86	163
1986.84	158
1987.82	162
1988.8	181
1989.79	163
1990.77	173
1991.75	183
1992.73	163
1993.71	155
1994.69	173
1995.67	161
1996.65	175
1997.63	159
1998.61	169
1999.59	167
2000.57	163
2001.55	155
2002.53	165
2003.51	151
2004.49	165
2005.47	159
2006.45	166
2007.43	158
2008.41	153
2009.38	163
2010.36	150
2011.34	155
2012.32	158
2013.3	159
2014.28	159
2015.25	157
2016.23	164
2017.21	167
2018.18	171
2019.16	159
2020.14	159
2021.12	165
2022.09	158
2023.07	164
2024.04	162
2025.02	135
2026	162
2026.97	170
2027.95	169
2028.92	169
2029.9	160
2030.87	155
2031.85	171
2032.82	162
2033.8	162
2034.77	161
2035.75	168
2036.72	150
2037.7	171
2038.67	169
2039.64	169
2040.62	154
2041.59	164
2042.57	173
2043.54	172
2044.51	154
2045.48	158
2046.46	156
2047.43	154
2048.4	171
2049.37	157
2050.35	158
2051.32	162
2052.29	147
2053.26	150
2054.24	166
2055.21	155
2056.18	153
2057.15	150
2058.12	155
2059.09	151
2060.06	161
2061.03	161
2062	158
2062.97	159
2063.94	149
2064.91	139
2065.88	173
2066.85	156
2067.82	141
2068.79	164
2069.76	155
2070.73	157
2071.7	160
2072.67	157
2073.64	156
2074.61	158
2075.57	151
2076.54	155
2077.51	154
2078.48	148
2079.45	147
2080.41	147
2081.38	158
2082.35	143
2083.32	153
2084.28	153
2085.25	150
2086.22	152
2087.18	147
2088.15	151
2089.12	156
2090.08	151
2091.05	151
2092.01	147
2092.98	143
2093.95	136
2094.91	144
2095.88	148
2096.84	148
2097.81	155
2098.77	148
2099.74	156
2100.7	156
2101.67	161
2102.63	161
2103.59	138
2104.56	163
2105.52	126
2106.49	145
2107.45	142
2108.41	154
2109.38	149
2110.34	151
2111.3	137
2112.26	152
2113.23	151
2114.19	124
2115.15	153
2116.11	146
2117.08	145
2118.04	141
2119	128
2119.96	141
2120.92	146
2121.88	138
2122.85	150
2123.81	137
2124.77	137
2125.73	128
2126.69	132
2127.65	147
2128.61	152
2129.57	138
2130.53	143
2131.49	136
2132.45	154
2133.41	128
2134.37	150
2135.33	140
2136.29	136
2137.25	137
2138.21	135
2139.16	118
2140.12	145
2141.08	143
2142.04	124
2143	137
2143.95	139
2144.91	144
2145.87	147
2146.83	144
2147.79	143.027
2148.74	133.619
2149.7	142.63
2150.66	154.16
2151.61	140.273
2152.57	144.638
2153.53	134.769
2154.48	134.457
2155.44	124.677
2156.4	136.227
2157.35	132.961
2158.31	132.785
2159.26	131.898
2160.22	133.991
2161.17	138.504
2162.13	135.643
2163.08	138.821
2164.04	125.712
2164.99	132.458
2165.95	137.776
2166.9	134.89
2167.86	132.216
2168.81	139.349
2169.77	134.399
2170.72	127.106
2171.67	143.533
2172.63	129.961
2173.58	128.587
2174.53	130.895
2175.49	124.611
2176.44	131.186
2177.39	136.5
2178.34	126.724
2179.3	130.57
2180.25	128.356
2181.2	139.382
2182.15	129.823
2183.11	128.412
2184.06	129.071
2185.01	129.265
2185.96	130.673
2186.91	129.811
2187.86	135.75
2188.82	131.277
2189.77	131.82
2190.72	134.925
2191.67	130.135
2192.62	129.557
2193.57	131.294
2194.52	127.704
2195.47	129.15
2196.42	130.425
2197.37	126.943
2198.32	141.24
2199.27	131.563
2200.22	123.711
2201.17	127.817
2202.12	133.166
2203.07	135.935
2204.02	132.439
2204.96	130.933
2205.91	127.81
2206.86	126.659
2207.81	125.44
2208.76	133.342
2209.71	134.059
2210.65	129.96
2211.6	129.857
2212.55	134.043
2213.5	128.393
2214.44	131.866
2215.39	129.364
2216.34	125.127
2217.28	122.038
2218.23	130.702
2219.18	131.76
2220.12	126.284
2221.07	122.786
2222.02	123.326
2222.96	125.91
2223.91	125.824
2224.85	129.544
2225.8	132.447
2226.74	127.413
2227.69	123.926
2228.63	124.76
2229.58	126.936
2230.52	130.836
2231.47	131.285
2232.41	130.193
2233.36	133.588
2234.3	136.624
2235.25	128.959
2236.19	132.466
2237.14	130.379
2238.08	132.493
2239.02	134.42
2239.97	131.21
2240.91	127.067
2241.85	130.851
2242.5	133
2243.45	138
2244.39	127
2245.34	137
2246.29	129
2247.24	126
2248.18	131
2249.13	141
2250.08	143
2251.02	145
2251.97	131
2252.92	119
2253.86	134
2254.81	132
2255.76	122
2256.7	123
2257.65	126
2258.59	135
2259.54	142
2260.48	130
2261.43	129
2262.37	130
2263.32	117
2264.26	110
2265.21	124
2266.15	133
2267.1	120
2268.04	136
2268.98	133
2269.93	126
2270.87	128
2271.81	122
2272.76	129
2273.7	131
2274.64	117
2275.59	141
2276.53	137
2277.47	114
2278.42	133
2279.36	132
2280.3	127
2281.24	123
2282.18	136
2283.13	120
2284.07	131
2285.01	126
2285.95	121
2286.89	126
2287.83	121
2288.77	116
2289.72	122
2290.66	127
2291.6	130
2292.54	143
2293.48	128
2294.42	131
2295.36	143
2296.3	115
2297.24	123
2298.18	119
2299.12	118.5
2300.06	118
2301	128
2301.94	126
2302.87	117
2303.81	111
2304.75	125
2305.69	118
2306.63	117
2307.57	118
2308.5	113
2309.44	117
2310.38	119
2311.32	130
2312.26	117
2313.19	114
2314.13	116
2315.07	118
2316	134
2316.94	118
2317.88	113
2318.81	113
2319.75	124
2320.69	118
2321.62	130
2322.56	119
2323.5	125
2324.43	129
2325.37	129
2326.3	122
2327.24	127
2328.17	126
2329.11	118
2330.04	120
2330.98	143
2331.91	121
2332.85	114
2333.78	124
2334.72	123
2335.65	130
2336.58	128
2337.52	125
2338.45	132
2339.38	115
2340.32	126
2341.25	118
2342.18	126
2343.12	114
2344.05	108
2344.98	127
2345.91	110
2346.85	133
2347.78	118
2348.71	109
2349.64	117
2350.57	118
2351.51	125
2352.44	121
2353.37	129
2354.3	124
2355.23	125
2356.16	136
2357.09	117
2358.02	118
2358.96	119
2359.89	123
2360.82	123
2361.75	118
2362.68	128
2363.61	127
2364.54	126
2365.47	126
2366.4	128
2367.32	129
2368.25	117
2369.18	126
2370.11	109
2371.04	120
2371.97	122
2372.9	115
2373.83	107
2374.75	124
2375.68	117
2376.61	117
2377.54	134
2378.47	128
2379.39	118
2380.32	122
2381.25	125
2382.18	120
2383.1	123
2384.03	116
2384.96	117
2385.88	110
2386.81	123
2387.73	142
2388.66	123
2389.59	129
2390.51	123
2391.44	120
2392.36	113
2393.29	111
2394.22	127
2395.14	122
2396.07	117
2396.99	126
2397.92	107
2398.84	116
2399.76	127
2400.69	109
2401.61	131
2402.54	115
2403.46	125
2404.39	124
2405.31	125
2406.23	120
2407.16	113
2408.08	122
2409	120
2409.93	135
2410.85	121
2411.77	127
2412.69	120
2413.62	109
2414.54	124
2415.46	118
2416.38	126
2417.31	110
2418.23	118
2419.15	105
2420.07	116
2420.99	114
2421.91	114
2422.83	108
2423.76	119
2424.68	101
2425.6	132
2426.52	122
2427.44	119
2428.36	124
2429.28	126
2430.2	133
2431.12	106
2432.04	117
2432.96	113
2433.88	116
2434.8	127
2435.72	112
2436.64	106
2437.55	124
2438.47	119
2439.39	117
2440.31	109
2441.23	108
2442.15	125
2443.06	116
2443.98	115
2444.9	120
2445.82	124
2446.74	120
2447.65	121
2448.57	117
2449.49	111
2450.4	110
2451.32	111
2452.24	108
2453.16	107
2454.07	120
2454.99	111
2455.9	112
2456.82	106
2457.74	111
2458.65	116
2459.57	128
2460.48	111
2461.4	120
2462.31	125
2463.23	107
2464.14	109
2465.06	116
2465.97	109
2466.89	126
2467.8	113
2468.72	110
2469.63	116
2470.55	129
2471.46	104
2472.37	114
2473.29	102
2474.2	115
2475.11	115
2476.03	109
2476.94	117
2477.85	112
2478.77	114
2479.68	128
2480.59	124
2481.5	124
2482.42	103
2483.33	113
2484.24	107
2485.15	116
2486.06	123
2486.98	123
2487.89	103
2488.8	117
2489.71	102
2490.62	117
2491.53	108
2492.44	104
2493.35	115
2494.26	117
2495.18	120
2496.08	101
2497	112
2497.91	108
2498.82	119
2499.72	108
2500.64	105
2501.54	111
2502.45	116
2503.36	115
2504.27	112
2505.18	112
2506.09	103
2507	105
2507.91	100
2508.82	106
2509.72	115
2510.63	107
2511.54	104
2512.45	110
2513.36	107
2514.26	112
2515.17	111
2516.08	102
2516.99	115
2517.89	110
2518.8	107
2519.71	113
2520.61	111
2521.52	128
2522.43	108
2523.33	108
2524.24	113
2525.14	105
2526.05	116
2526.96	120
2527.86	103
2528.77	106
2529.67	108
2530.58	114
2531.48	117
2532.39	107
2533.29	114
2534.2	112
2535.1	119
2536.01	121
2536.91	107
2537.81	115
2538.72	118
2539.62	105
2540.53	103
2541.43	123
2542.33	112
2543.24	108
2544.14	108
2545.04	116
2545.95	121
2546.85	118
2547.75	120
2548.65	101
2549.56	99
2550.46	108
2551.36	115
2552.26	102
2553.17	117
2554.07	107
2554.97	104
2555.87	96
2556.77	108
2557.67	114
2558.57	111
2559.48	97
2560.38	119
2561.28	94
2562.18	112
2563.08	107
2563.98	114
2564.88	107
2565.78	107
2566.68	119
2567.58	108
2568.48	124
2569.38	108
2570.28	107
2571.18	115
2572.08	96
2572.97	127
2573.87	108
2574.77	111
2575.67	119
2576.57	100
2577.47	101
2578.37	116
2579.26	101
2580.16	102
2581.06	105
2581.96	113
2582.85	102
2583.75	111
2584.65	102
2585.55	116
2586.44	110
2587.34	105
2588.24	104
2589.13	100
2590.03	110
2590.93	95
2591.82	112
2592.72	105
2593.61	105
2594.51	100
2595.41	95
2596.3	102
2597.2	100
2598.09	108
2598.99	102
2599.88	109
2600.78	104
2601.67	106
2602.57	100
2603.46	107
2604.36	105
2605.25	110
2606.14	114
2607.04	114
2607.93	110
2608.83	107
2609.72	103
2610.61	99
2611.51	108
2612.4	103
2613.29	102
2614.19	106
2615.08	97
2615.97	99
2616.86	102
2617.76	115
2618.65	89
2619.54	100
2620.43	105
2621.32	106
2622.22	94
2623.11	102
2624	105
2624.89	106
2625.78	101
2626.67	111
2627.56	106
2628.46	98
2629.35	98
2630.24	92
2631.13	102
2632.02	97
2632.91	97
2633.8	98
2634.69	102
2635.58	94
2636.47	91
2637.36	100
2638.25	94
2639.14	101
2640.02	91
2640.91	102
2641.8	121
2642.69	89
2643.58	102
2644.47	104
2645.36	96
2646.25	105
2647.13	94
2648.02	100
2648.91	92
2649.8	101
2650.68	97
2651.57	110
2652.46	97
2653.35	98
2654.23	94
2655.12	96
2656.01	111
2656.89	102
2657.78	106
2658.67	82
2659.55	90
2660.44	103
2661.33	95
2662.21	110
2663.1	107
2663.98	104
2664.87	95
2665.75	103
2666.64	101
2667.52	94
2668.41	97
2669.29	100
2670.18	94
2671.06	88
2671.95	105
2672.83	106
2673.72	103
2674.6	103
2675.49	100
2676.37	112
2677.25	102
2678.14	93
2679.02	100
2679.9	108
2680.79	105
2681.67	108
2682.55	108
2683.44	90
2684.32	101
2685.2	94
2686.08	99
2686.97	106
2687.85	98
2688.73	105
2689.61	109
2690.49	106
2691.38	88
2692.26	105
2693.14	98
2694.02	108
2694.9	104
2695.78	117
2696.66	120
2697.54	116
2698.42	121
2699.3	102
2700.19	117
2701.07	115
2701.95	114
2702.83	128
2703.71	119
2704.58	116
2705.47	119
2706.34	121
2707.22	121
2708.1	130
2708.98	134
2709.86	140
2710.74	125
2711.62	124
2712.5	125
2713.38	128
2714.25	138
2715.13	133
2716.01	127
2716.89	129
2717.77	139
2718.64	141
2719.52	128
2720.4	136
2721.28	116
2722.15	129
2723.03	143
2723.91	135
2724.78	145
2725.66	118
2726.54	108
2727.41	116
2728.29	121
2729.17	127
2730.04	117
2730.92	115
2731.79	136
2732.67	127
2733.55	111
2734.42	112
2735.3	119
2736.17	119
2737.05	117
2737.92	113
2738.8	101
2739.67	134
2740.55	119
2741.42	112
2742.29	114
2743.17	132
2744.04	109
2744.92	117
2745.79	115
2746.66	113
2747.54	122
2748.41	125
2749.28	130
2750.16	124
2751.03	127
2751.9	115
2752.77	128
2753.65	140
2754.52	123
2755.39	130
2756.27	124
2757.14	121
2758.01	130
2758.88	107
2759.75	123
2760.62	107
2761.5	116
2762.37	113
2763.24	128
2764.11	120
2764.98	110
2765.85	112
2766.72	114
2767.59	105
2768.46	116
2769.33	103
2770.2	94
2771.07	106
2771.94	101
2772.81	105
2773.68	99
2774.55	123
2775.42	104
2776.29	126
2777.16	118
2778.03	118
2778.9	107
2779.77	117
2780.64	115
2781.51	108
2782.37	113
2783.24	107
2784.11	110
2784.98	107
2785.85	116
2786.71	111
2787.58	101
2788.45	108
2789.32	116
2790.18	110
2791.05	115
2791.92	120
2792.79	106
2793.65	111
2794.52	110
2795.39	124
2796.25	118
2797.12	108
2797.98	125
2798.85	105
2799.72	109
2800.58	110
2801.45	123
2802.31	123
2803.18	119
2804.04	111
2804.91	133
2805.77	126
2806.64	128
2807.5	122
2808.37	130
2809.23	129
2810.1	134
2810.96	128
2811.83	131
2812.69	129
2813.55	128
2814.42	131
2815.28	133
2816.15	119
2817.01	157
2817.87	135
2818.74	138
2819.6	130
2820.46	148
2821.32	133
2822.19	137
2823.05	132
2823.91	141
2824.77	151
2825.64	158
2826.5	146
2827.36	154
2828.22	147
2829.08	161
2829.95	159
2830.81	160
2831.67	161
2832.53	168
2833.39	156
2834.25	158
2835.11	182
2835.97	173
2836.83	172
2837.69	186
2838.55	168
2839.41	185
2840.27	168
2841.13	177
2841.99	169
2842.85	183
2843.71	184
2844.57	180
2845.43	188
2846.29	191
2847.15	204
2848.01	189
2848.87	198
2849.73	205
2850.59	224
2851.44	200
2852.3	222
2853.16	211
2854.02	250
2854.88	228
2855.73	225
2856.59	237
2857.45	229
2858.31	259
2859.16	252
2860.02	256
2860.88	268
2861.74	293
2862.59	311
2863.45	302
2864.31	307
2865.16	327
2866.02	339
2866.88	351
2867.73	361
2868.59	427
2869.44	413
2870.3	436
2871.15	440
2872.01	454
2872.86	455
2873.72	469
2874.58	476
2875.43	472
2876.28	490
2877.14	514
2877.99	506
2878.85	511
2879.7	471
2880.56	493
2881.41	477
2882.27	479
2883.12	495
2883.97	479
2884.83	494
2885.68	438
2886.53	466
2887.39	464
2888.24	447
2889.09	434
2889.95	439
2890.8	447
2891.65	441
2892.5	420
2893.36	410
2894.21	415
2895.06	404
2895.91	387
2896.76	385
2897.62	388
2898.47	368
2899.32	381
2900.17	386
2901.02	379
2901.87	362
2902.72	343
2903.58	341
2904.43	347
2905.28	342
2906.13	331
2906.98	370
2907.83	349
2908.68	329
2909.53	346
2910.38	354
2911.23	368
2912.08	353
2912.93	399
2913.78	400
2914.63	408
2915.48	409
2916.33	439
2917.17	444
2918.02	479
2918.87	493
2919.72	495
2920.57	563
2921.42	591
2922.27	590
2923.11	660
2923.96	655
2924.81	675
2925.66	709
2926.51	719
2927.35	723
2928.2	735
2929.05	681
2929.89	703
2930.74	715
2931.59	694
2932.43	657
2933.28	653
2934.13	604
2934.97	594
2935.82	564
2936.67	537
2937.51	481
2938.36	498
2939.2	468
2940.05	456
2940.9	403
2941.74	415
2942.59	382
2943.43	374
2944.28	365
2945.12	345
2945.97	338
2946.81	306
2947.66	308
2948.5	285
2949.35	271
2950.19	261
2951.03	277
2951.88	268
2952.72	255
2953.56	254
2954.41	258
2955.25	278
2956.09	259
2956.94	261
2957.78	255
2958.62	257
2959.47	267
2960.31	270
2961.15	282
2962	271
2962.84	288
2963.68	294
2964.52	310
2965.36	314
2966.21	294
2967.05	334
2967.89	344
2968.73	339
2969.57	366
2970.41	359
2971.26	336
2972.1	348
2972.94	375
2973.78	353
2974.62	368
2975.46	326
2976.3	353
2977.14	325.071
2977.98	322.022
2978.82	314.611
2979.66	322.997
2980.5	289.433
2981.34	286.463
2982.18	267.234
2983.02	263.433
2983.86	258.93
2984.7	250.659
2985.54	236.619
2986.38	196.522
2987.22	218.337
2988.05	204.802
2988.89	215.139
2989.73	205.737
2990.57	197.365
2991.41	177.08
2992.25	175.643
2993.08	175.552
2993.92	163.446
2994.76	162.834
2995.6	155.92
2996.44	162.347
2997.27	149.863
2998.11	154.857
2998.95	150.978
2999.78	138.496
3000.62	141.008
3001.46	132.648
3002.3	132.229
3003.13	141.151
3003.97	127.509
3004.8	124.957
3005.64	131.107
3006.48	126.005
3007.31	127.037
3008.15	123.424
3008.99	118.159
3009.82	123.172
3010.66	116.116
3011.49	128.309
3012.33	120.467
3013.16	112.594
3014	116.709
3014.83	114.167
3015.67	114.737
3016.5	105.944
3017.34	112.354
3018.17	113.27
3019.01	103.937
3019.84	98.5728
3020.67	107.62
3021.51	106.741
3022.34	114.48
3023.18	108.822
3024.01	112.575
3024.84	113.711
3025.68	99.923
3026.51	97.6691
3027.34	103.622
3028.18	102.54
3029.01	107.947
3029.84	100.973
3030.67	106.346
3031.51	102.947
3032.34	106.776
3033.17	105.183
3034	102.655
3034.84	89.2776
3035.67	96.7999
3036.5	99.7763
3037.33	97.3668
3038.16	92.6821
3038.99	93.7783
3039.83	97.9129
3040.66	99.0835
3041.49	100.188
3042.32	98.1729
3043.15	98.1551
3043.98	102.738
3044.81	101.022
3045.64	102.395
3046.47	99.1755
3047.3	97.785
3048.13	105.633
3048.96	103.197
3049.79	98.0183
3050.62	92.807
3051.45	93.2265
3052.28	98.439
3053.11	98.8514
3053.94	97.2729
3054.77	92.4565
3055.6	91.6892
3056.43	94.5509
3057.26	89.6341
3058.09	90.8328
3058.92	95.2654
3059.74	93.1215
3060.57	93.2828
3060.94	96
3061.77	91
3062.61	102
3063.44	89
3064.27	86
3065.1	105
3065.94	83
3066.77	79
3067.6	92
3068.43	101
3069.26	90
3070.1	91
3070.93	92
3071.76	88
3072.59	90
3073.42	80
3074.25	84
3075.08	90
3075.91	91
3076.74	84
3077.57	88
3078.41	90
3079.24	89
3080.07	86
3080.9	91
3081.73	78
3082.56	93
3083.39	97
3084.22	96
3085.04	91
3085.87	95
3086.7	97
3087.53	82
3088.36	87
3089.19	86
3090.02	93
3090.85	93
3091.68	93
3092.51	79
3093.33	95
3094.16	84
3094.99	76
3095.82	89
3096.65	93
3097.47	82
3098.3	97
3099.13	99
3099.96	98
3100.78	100
3101.61	102
3102.44	77
3103.26	94
3104.09	86
3104.92	81
3105.74	87
3106.57	85
3107.4	86
3108.22	87
3109.05	81
3109.88	80
3110.7	79.5
3111.53	79
3112.35	84
3113.18	85
3114	86
3114.83	95
3115.65	86
3116.48	84
3117.3	82
3118.13	83
3118.95	90
3119.78	84
3120.6	81
3121.43	84
3122.25	89
3123.08	86
3123.9	82
3124.72	79
3125.55	74
3126.37	81
3127.2	87
3128.02	91
3128.84	76
3129.67	94
3130.49	75
3131.31	84
3132.13	77
3132.96	83
3133.78	90
3134.6	86
3135.42	98
3136.25	88
3137.07	80
3137.89	94
3138.71	85
3139.53	82
3140.36	81
3141.18	83
3142	85
3142.82	80
3143.64	88
3144.46	86
3145.28	73
3146.11	91
3146.93	104
3147.75	83
3148.57	85
3149.39	92
3150.21	74
3151.03	85
3151.85	87
3152.67	83
3153.49	88
3154.31	84
3155.13	83
3155.95	81
3156.77	78
3157.59	94
3158.41	89
3159.22	92
3160.04	77
3160.86	98
3161.68	88
3162.5	73
3163.32	78
3164.14	87
3164.96	94
3165.77	69
3166.59	81
3167.41	77
3168.23	87
3169.05	92
3169.86	89
3170.68	81
3171.5	88
3172.32	83
3173.13	75
3173.95	97
3174.77	96
3175.58	79
3176.4	82
3177.22	77
3178.03	88
3178.85	88
3179.67	93
3180.48	78
3181.3	86
3182.11	87
3182.93	82
3183.74	82
3184.56	74
3185.38	93
3186.19	92
3187.01	95
3187.82	81
3188.64	93
3189.45	101
3190.27	100
3191.08	94
3191.89	84
3192.71	84
3193.52	92
3194.34	94
3195.15	107
3195.97	96
3196.78	84
3197.59	92
3198.41	95
3199.22	87
3200.03	80
3200.85	96
3201.66	99
3202.47	87
3203.29	91
3204.1	94
3204.91	102
3205.72	86
3206.54	107
3207.35	98
3208.16	78
3208.97	81
3209.79	102
3210.6	101
3211.41	91
3212.22	82
3213.03	96
3213.84	83
3214.65	84
3215.47	99
3216.28	95
3217.09	106
3217.9	92
3218.71	84
3219.52	90
3220.33	101
3221.14	97
3221.95	108
3222.76	89
3223.57	104
3224.38	94
3225.19	100
3226	105
3226.81	89
3227.62	90
3228.43	97
3229.24	96
3230.05	104
3230.86	96
3231.67	105
3232.48	91
3233.28	100
3234.09	113
3234.9	85
3235.71	95
3236.52	92
3237.33	101
3238.13	93
3238.94	92
3239.75	102
3240.56	97
3241.37	89
3242.17	112
3242.98	97
3243.79	104
3244.59	102
3245.4	90
3246.21	106
3247.02	97
3247.82	97
3248.63	91
3249.44	90
3250.24	93
3251.05	90
3251.85	105
3252.66	96
3253.47	98
3254.27	85
3255.08	95
3255.88	93
3256.69	97
3257.49	92
3258.3	107
3259.1	98
3259.91	102
3260.71	94
3261.52	98
3262.32	97
3263.13	93
3263.93	96
3264.74	88
3265.54	105
3266.35	93
3267.15	110
3267.95	102
3268.76	88
3269.56	102
3270.36	111
3271.17	108
3271.97	96
3272.77	90
3273.58	84
3274.38	97
3275.18	100
3275.99	96
3276.79	81
3277.59	98
3278.39	110
3279.2	101
3280	93
3280.8	106
3281.6	91
3282.4	105
3283.21	98
3284.01	91
3284.81	97
3285.61	88
3286.41	96
3287.21	106
3288.01	90
3288.82	86
3289.62	93
3290.42	94
3291.22	109
3292.02	97
3292.82	111
3293.62	95
3294.42	96
3295.22	99
3296.02	95
3296.82	92
3297.62	99
3298.42	97
3299.22	92
3300.02	100
3300.82	91
3301.62	102
3302.42	98
3303.21	104
3304.01	88
3304.81	89
3305.61	104
3306.41	87
3307.21	94
3308.01	96
3308.8	97
3309.6	89
3310.4	95
3311.2	97
3312	78
3312.79	88
3313.59	102
3314.39	97
3315.19	91
3315.98	96
3316.78	107
3317.58	99
3318.37	100
3319.17	94
3319.97	95
3320.76	100
3321.56	92
3322.36	106
3323.15	94
3323.95	96
3324.75	96
3325.54	100
3326.34	110
3327.13	94
3327.93	93
3328.72	99
3329.52	97
3330.31	99
3331.11	105
3331.9	92
3332.7	96
3333.49	105
3334.29	81
3335.08	107
3335.88	97
3336.67	93
3337.47	95
3338.26	94
3339.05	93
3339.85	83
3340.64	83
3341.44	90
3342.23	108
3343.02	98
3343.82	91
3344.61	97
3345.4	98
3346.2	100
3346.99	96
3347.78	97
3348.57	98
3349.37	105
3350.16	105
3350.95	96
3351.74	103
3352.54	92
3353.33	92
3354.12	92
3354.91	95
3355.7	88
3356.49	108
3357.29	96
3358.08	98
3358.87	100
3359.66	101
3360.45	96
3361.24	95
3362.03	108
3362.82	99
3363.61	96
3364.4	102
3365.19	94
3365.98	91
3366.78	106
3367.57	102
3368.36	98
3369.15	102
3369.93	101
3370.72	93
3371.51	86
3372.3	105
3373.09	103
3373.88	89
3374.67	104
3375.46	82
3376.25	88
3377.04	92
3377.83	95
3378.61	102
3379.4	98
3380.19	100
3380.98	88
3381.77	92
3382.56	91
3383.34	92
3384.13	100
3384.92	96
3385.71	100
3386.49	87
3387.28	99
3388.07	108
3388.86	90
3389.64	100
3390.43	107
3391.22	89
3392	90
3392.79	106
3393.58	99
3394.36	94
3395.15	89
3395.93	103
3396.72	95
3397.51	104
3398.29	90
3399.08	103
3399.86	89
3400.65	96
3401.44	96
3402.22	98
3403.01	91
3403.79	106
3404.57	99
3405.36	92
3406.14	88
3406.93	94
3407.71	99
3408.5	102
3409.28	101
3410.07	100
3410.85	81
3411.63	104
3412.42	87
3413.2	112
3413.99	88
3414.77	94
3415.55	101
3416.34	93
3417.12	86
3417.9	90
3418.69	97
3419.47	89
3420.25	84
3421.03	89
3421.82	87
3422.6	100
3423.38	89
3424.16	106
3424.95	87
3425.73	79
3426.51	81
3427.29	88
3428.07	90
3428.85	92
3429.64	88
3430.42	101
3431.2	93
3431.98	99
3432.76	80
3433.54	91
3434.32	88
3435.1	93
3435.88	87
3436.66	93
3437.45	90
3438.23	102
3439.01	89
3439.79	90
3440.57	86
3441.35	93
3442.13	98
3442.9	98
3443.68	93
3444.46	78
3445.24	103
3446.02	96
3446.8	102
3447.58	88
3448.36	88
3449.14	87
3449.92	75
3450.7	92
3451.47	81
3452.25	89
3453.03	89
3453.81	78
3454.59	98
3455.36	83
3456.14	80
3456.92	95
3457.7	98
3458.47	96
3459.25	83
3460.03	88
3460.81	93
3461.58	83
3462.36	90
3463.14	81
3463.91	93
3464.69	82
3465.47	87
3466.24	73
3467.02	94
3467.8	84
3468.57	98
3469.35	80
3470.12	99
3470.9	80
3471.68	83
3472.45	82
3473.23	78
3474	81
3474.78	82
3475.55	86
3476.33	72
3477.1	85
3477.88	82
3478.65	83
3479.43	94
3480.2	75
3480.98	81
3481.75	87
3482.52	78
3483.3	80
3484.07	85
3484.85	79
3485.62	80
3486.39	88
3487.17	83
3487.94	84
3488.71	80
3489.49	77
3490.26	81
3491.03	90
3491.81	74
3492.58	83
3493.35	80
3494.12	72
3494.9	93
3495.67	76
3496.44	82
3497.21	82
3497.99	75
3498.76	71
3499.53	78
3500.3	70
3501.07	82
3501.84	86
3502.62	79
3503.39	73
3504.16	77.5
3504.93	82
3505.7	79
3506.47	61
3507.24	85
3508.01	82
3508.78	65
3509.55	91
3510.32	74
3511.09	75
3511.86	84
3512.63	84
3513.41	77
3514.17	79
3514.94	73
3515.71	77
3516.48	72
3517.25	82
3518.02	80
3518.79	70
3519.56	80
3520.33	77
3521.1	77
3521.87	80
3522.64	72
3523.4	77
3524.17	71
3524.94	68
3525.71	80
3526.48	70
3527.25	62
3528.01	71
3528.78	71
3529.55	65
3530.32	75
3531.08	73
3531.85	64
3532.62	70
3533.39	80
3534.15	76
3534.92	67
3535.69	82
3536.45	67
3537.22	72
3537.99	76
3538.75	66
3539.52	69
3540.29	64
3541.05	74
3541.82	69
3542.58	74
3543.35	69
3544.12	68
3544.88	67
3545.65	69
3546.41	73
3547.18	72
3547.94	72
3548.71	66
3549.47	70
3550.24	68
3551	72
3551.77	70
3552.53	78
3553.3	68
3554.06	63
3554.83	68
3555.59	78
3556.35	70
3557.12	74
3557.88	83
3558.65	72
3559.41	66
3560.17	74
3560.94	63
3561.7	70
3562.46	62
3563.23	65
3563.99	67
3564.75	65
3565.51	67
3566.28	65
3567.04	70
3567.8	66
3568.56	70
3569.33	70
3570.09	60
3570.85	67
3571.61	63
3572.37	67
3573.14	65
3573.9	68
3574.66	65
3575.42	64
3576.18	73
3576.94	73
3577.7	61
3578.47	68
3579.23	61
3579.99	66
3580.75	68
3581.51	59
3582.27	63
3583.03	61
3583.79	62
3584.55	79
3585.31	66
3586.07	77
3586.83	70
3587.59	69
3588.35	64
3589.11	65
3589.87	65
3590.63	63
3591.39	68
3592.15	61
3592.91	67
3593.66	56
3594.42	61
3595.18	64
3595.94	73
3596.7	62
3597.46	66
3598.22	75
3598.97	65
3599.73	59
3600.49	66
3601.25	65
3602.01	72
3602.76	63
3603.52	68
3604.28	66
3605.04	67
3605.79	73
3606.55	56
3607.31	58
3608.06	58
3608.82	55
3609.58	61
3610.33	59
3611.09	66
3611.85	68
3612.6	73
3613.36	65
3614.12	57
3614.87	63
3615.63	53
3616.38	57
3617.14	60
3617.9	56
3618.65	63
3619.41	53
3620.16	63
3620.92	63
3621.67	62
3622.43	57
3623.18	77
3623.94	57
3624.69	52
3625.45	62
3626.2	61
3626.96	61
3627.71	62
3628.46	70
3629.22	62
3629.97	66
3630.72	58
3631.48	61
3632.23	62
3632.99	70
3633.74	61
3634.49	58
3635.25	59
3636	57
3636.75	65
3637.51	64
3638.26	60
3639.01	59
3639.76	60
3640.52	64
3641.27	53
3642.02	51
3642.77	63
3643.53	65
3644.28	55
3645.03	60
3645.78	65
3646.53	66
3647.28	58
3648.04	62
3648.79	57
3649.54	69
3650.29	51
3651.04	58
3651.79	53
3652.54	56
3653.29	58
3654.04	61
3654.8	62
3655.55	61
3656.3	50
3657.05	56
3657.8	65
3658.55	60
3659.3	57
3660.05	59
3660.8	58
3661.55	61
3662.3	55
3663.05	73
3663.79	56
3664.54	53
3665.29	64
3666.04	52
3666.79	60
3667.54	60
3668.29	61
3669.04	63
3669.79	56
3670.53	66
3671.28	49
3672.03	60
3672.78	53
3673.53	58
3674.27	64
3675.02	62
3675.77	64
3676.52	54
3677.27	54
3678.01	66
3678.76	58
3679.51	63
3680.26	50
3681	61
3681.75	56
3682.5	62
3683.24	59
3683.99	58
3684.74	60
3685.48	56
3686.23	59
3686.97	55
3687.72	62
3688.47	65
3689.21	58
3689.96	51
3690.7	49
3691.45	57
3692.2	53
3692.94	53
3693.69	55
3694.43	46
3695.18	60
3695.92	64
3696.67	60
3697.41	66
3698.16	61
3698.9	55
3699.65	57
3700.39	52
3701.13	58
3701.88	65
3702.62	60
3703.37	58
3704.11	59
3704.85	46
3705.6	61
3706.34	52
3707.08	63
3707.83	44
3708.57	56.9559
3709.31	53.9508
3710.06	47.514
3710.8	61.9584
3711.54	57.8228
3712.29	46.4956
3713.03	60.9938
3713.77	57.5549
3714.51	54.8317
3715.26	53.0936
3716	50.7977
3716.74	58.7475
3717.48	49.9973
3718.22	59.2694
3718.97	55.6851
3719.71	53.0057
3720.45	57.9184
3721.19	61.2137
3721.93	63.496
3722.67	49.7605
3723.42	42.7156
3724.16	53.0789
3724.9	56.3998
3725.64	59.1191
3726.38	52.1342
3727.12	56.0933
3727.86	51.4733
3728.6	58.1067
3729.34	53.7791
3730.08	54.4828
3730.82	54.1002
3731.56	58.2705
3732.3	58.7641
3733.04	49.4684
3733.78	57.7546
3734.52	55.297
3735.26	54
3736	45.2104
3736.74	52.0133
3737.48	51.9506
3738.22	49.5957
3738.96	57.7015
3739.7	52.9187
3740.44	51.743
3741.18	54.9228
3741.91	57.2234
3742.65	57.0297
3743.39	58.1269
3744.13	57.2507
3744.87	58.0396
3745.61	50.1953
3746.34	53.0268
3747.08	54.8261
3747.82	53.9438
3748.56	49.5689
3749.3	52.7151
3750.03	52.6481
3750.77	53.0454
3751.51	52.1964
3752.25	57.2448
3752.98	59.5362
3753.72	55.4259
3754.46	57.9703
3755.19	58.5516
3755.93	54.9497
3756.67	51.6528
3757.41	51.0504
3758.14	54.4227
3758.88	53.3344
3759.61	50.8464
3760.35	53.489
3761.09	50.28
3761.82	52.1836
3762.56	54.9622
3763.29	48.1491
3764.03	52.1068
3764.77	57.2266
3765.5	59.4787
3766.24	55.0179
3766.97	56.3993
3767.71	56.0597
3768.44	52.4856
3769.18	55.3057
3769.91	55.4816
3770.65	56.3335
3771.38	54.2086
3772.12	47.4136
3772.85	50.371
3773.59	58.0964
3774.32	54.849
3775.05	53.1305
3775.79	56.1708
3776.52	54.4289
3777.26	51.9026
3777.99	52.9854
3778.72	54.376
3779.46	55.6125
3780.19	55.0139
3780.93	53.3091
3781.66	54.896
3782.39	54.5403
3782.77	54
3783.51	54
3784.25	56
3784.98	55
3785.72	55
3786.46	52
3787.19	49
3787.93	52
3788.67	55
3789.4	55
3790.14	55
3790.88	53
3791.61	53
3792.35	53
3793.08	58
3793.82	58
3794.56	51
3795.29	50
3796.03	51
3796.76	59
3797.5	49
3798.23	51
3798.97	58
3799.7	53
3800.44	56
3801.17	55
3801.91	47
3802.64	54
3803.38	63
3804.11	53
3804.85	61
3805.58	59
3806.32	53
3807.05	56
3807.79	48
3808.52	50
3809.25	48
3809.99	58
3810.72	49
3811.45	56
3812.19	52
3812.92	54
3813.65	49
3814.39	48
3815.12	50
3815.85	49
3816.59	63
3817.32	54
3818.05	57
3818.78	60
3819.52	53
3820.25	58
3820.98	53
3821.71	51
3822.45	47
3823.18	51
3823.91	49
3824.64	53
3825.37	52
3826.11	52
3826.84	53
3827.57	54
3828.3	61
3829.03	50
3829.76	54
3830.49	53
3831.22	56
3831.96	58
3832.69	57
3833.42	55
3834.15	49
3834.88	54
3835.61	67
3836.34	54
3837.07	53
3837.8	62
3838.53	54
3839.26	66
3839.99	59
3840.72	61
3841.45	51
3842.18	40
3842.91	49
3843.64	52
3844.37	51
3845.09	54
3845.82	55
3846.55	53
3847.28	54
3848.01	46
3848.74	54
3849.47	56
3850.2	50
3850.92	63
3851.65	66
3852.38	57
3853.11	51
3853.84	61
3854.56	50
3855.29	52
3856.02	62
3856.75	51
3857.48	57
3858.2	56
3858.93	52
3859.66	58
3860.38	49
3861.11	56
3861.84	53
3862.56	60
3863.29	52
3864.02	64
3864.74	46
3865.47	57
3866.2	48
3866.92	56
3867.65	55
3868.38	54
3869.1	64
3869.83	62
3870.55	50
3871.28	51
3872	53
3872.73	50
3873.45	60
3874.18	51
3874.91	56
3875.63	59
3876.36	57
3877.08	58
3877.81	53
3878.53	53
3879.25	51
3879.98	57
3880.7	58
3881.43	54
3882.15	58
3882.88	53
3883.6	58
3884.32	57
3885.05	51
3885.77	60
3886.5	50
3887.22	55
3887.94	54
3888.67	55
3889.39	50
3890.11	62
3890.83	58
3891.56	55
3892.28	48
3893	48
3893.73	56
3894.45	55
3895.17	54
3895.89	51
3896.62	54
3897.34	49
3898.06	53
3898.78	54
3899.5	59
3900.23	58
3900.95	51
3901.67	60
3902.39	45
3903.11	62
3903.83	53
3904.55	45
3905.28	52
3906	57
3906.72	51
3907.44	48
3908.16	55
3908.88	57
3909.6	57
3910.32	61
3911.04	54
3911.76	56
3912.48	52
3913.2	59
3913.92	60
3914.64	55
3915.36	48
3916.08	55
3916.8	52
3917.52	57
3918.24	55
3918.96	50
3919.68	62
3920.4	54
3921.12	49
3921.84	52
3922.55	59
3923.27	56
3923.99	58
3924.71	59
3925.43	55
3926.15	52
3926.87	51
3927.58	51
3928.3	57
3929.02	51
3929.74	60
3930.46	54
3931.17	58
3931.89	51
3932.61	55
3933.33	51
3934.04	57
3934.76	54
3935.48	56
3936.2	55
3936.91	53
3937.63	50
3938.35	52
3939.06	65
3939.78	52
3940.49	49
3941.21	56
3941.93	59
3942.64	55
3943.36	50
3944.08	56
3944.79	61
3945.51	46
3946.22	54
3946.94	48
3947.65	60
3948.37	58
3949.09	58
3949.8	52
3950.52	54
3951.23	59
3951.95	47
3952.66	52
3953.38	54
3954.09	54
3954.8	58
3955.52	57
3956.23	53
3956.95	52
3957.66	49
3958.38	62
3959.09	49
3959.8	48
3960.52	61
3961.23	54
3961.95	50
3962.66	57
3963.37	51
3964.09	50
3964.8	53
3965.51	69
3966.23	50
3966.94	59
3967.65	63
3968.36	61
3969.08	61
3969.79	53
3970.5	60
3971.21	64
3971.93	57
3972.64	55
3973.35	54
3974.06	46
3974.78	58
3975.49	56
3976.2	55
3976.91	51
3977.62	59
3978.33	50
3979.04	59
3979.76	65
3980.47	51
3981.18	51
3981.89	51
3982.6	61
3983.31	58
3984.02	57
3984.73	51
3985.44	53
3986.15	52
3986.86	54
3987.57	49
3988.28	54
3988.99	62
3989.7	54
3990.41	49
3991.12	52
3991.83	60
3992.54	49
3993.25	58
3993.96	57
3994.67	60
3995.38	64
3996.09	54
3996.8	53
3997.51	54
3998.22	59
3998.93	58
3999.63	60
