100.791	5664
101.61	5518
102.429	5499
103.248	5415
104.067	5419
104.885	5365
105.703	5309
106.523	5220
107.341	5198
108.158	5115
108.976	5093
109.795	4999
110.612	4943
111.43	4882
112.248	4895
113.066	4749
113.883	4687
114.7	4747
115.518	4701
116.335	4608
117.151	4525
117.968	4504
118.784	4500
119.602	4440
120.418	4418
121.234	4359
122.05	4344
122.866	4262
123.682	4243
124.499	4180
125.315	4146
126.13	4109
126.946	4113
127.761	3943
128.576	3992
129.391	3943
130.206	4024
131.021	3906
131.836	3877
132.651	3833
133.467	3807
134.281	3795
135.096	3676
135.91	3689
136.724	3713
137.538	3604
138.352	3590
139.166	3482
139.98	3533
140.793	3405
141.607	3435
142.419	3381
143.233	3355
144.046	3269
144.859	3357
145.672	3267
146.485	3249
147.298	3174
148.111	3216
148.923	3217
149.736	3158
150.548	3046
151.36	3085
152.172	3035
152.984	3053
153.796	3028
154.608	3028
155.42	2956
156.23	2944
157.042	2950
157.853	2867
158.665	2909
159.475	2768
160.286	2838
161.097	2752
161.908	2715
162.718	2773
163.529	2705
164.339	2645
165.15	2699
165.959	2619
166.77	2551
167.58	2557
168.389	2575
169.199	2581
170.009	2536
170.818	2559
171.628	2502
172.437	2497
173.246	2482
174.055	2383
174.863	2495
175.673	2424
176.482	2416
177.29	2343
178.099	2302
178.906	2290
179.715	2251
180.523	2302
181.331	2260
182.139	2254
182.947	2260
183.755	2217
184.562	2165
185.37	2169
186.177	2135
186.984	2196
187.791	2116
188.598	2109
189.405	2085
190.211	2076
191.018	2032
191.825	2039
192.632	2003
193.438	2023
194.243	1946
195.05	1966
195.856	1939
196.662	1907
197.467	1885
198.273	1837
199.079	1909
199.884	1894
200.689	1857
201.495	1861
202.3	1782
203.104	1817
203.91	1782
204.714	1774
205.519	1764
206.323	1755
207.128	1691
207.932	1671
208.736	1697
209.54	1685
210.345	1714
211.148	1660
211.952	1587
212.755	1617
213.559	1643
214.363	1588
215.166	1631
215.969	1563
216.772	1539
217.575	1592
218.378	1537
219.181	1528
219.984	1519
220.786	1469
221.588	1486
222.391	1495
223.193	1447
223.995	1467
224.797	1445
225.598	1421
226.4	1432
227.202	1372
228.003	1378
228.805	1398
229.606	1418
230.407	1323
231.208	1359
232.009	1299
232.81	1338
233.611	1321
234.411	1346
235.212	1286
236.012	1306
236.813	1243
237.613	1301
238.413	1242
239.213	1262
240.013	1285
240.813	1266
241.613	1272
242.412	1204
243.211	1252
244.011	1205
244.81	1180
245.609	1177
246.408	1152
247.206	1217
248.005	1214
248.804	1175
249.603	1175
250.401	1161
251.199	1161
251.997	1106
252.796	1161
253.594	1105
254.391	1070
255.189	1097
255.987	1086
256.785	1120
257.582	1065
258.379	1080
259.177	1092
259.973	1042
260.77	1076
261.568	1049
262.364	1021
263.161	1081
263.958	1053
264.754	1017
265.55	992
266.346	962
267.142	977
267.939	989
268.734	935
269.53	962
270.325	955
271.121	913
271.916	930
272.712	923
273.507	929
274.302	893
275.097	909
275.892	922
276.687	896
277.482	913
278.276	874
279.071	893
279.865	908
280.659	865
281.453	849
282.248	841
283.041	845
283.835	845
284.629	843
285.422	836
286.216	797
287.009	806
287.802	825
288.596	814
289.388	780
290.181	774
290.974	782
291.767	780
292.559	783
293.352	781
294.144	740
294.936	766
295.728	730
296.521	709
297.313	754
298.104	740
298.896	741
299.688	718
300.479	757
301.271	725
302.062	734
302.853	697
303.644	681
304.435	695
305.226	669
306.017	704
306.807	645
307.597	655
308.389	645
309.179	644
309.969	682
310.759	647
311.549	663
312.339	634
313.128	634
313.918	624
314.707	647
315.497	610
316.286	652
317.075	605
317.864	605
318.653	641
319.442	599
320.231	613
321.019	599
321.808	609
322.596	586
323.385	581
324.173	583
324.961	571
325.749	593
326.537	588
327.325	569
328.113	573
328.901	565
329.688	558
330.475	585
331.262	573
332.049	580
332.837	560
333.624	553
334.411	559
335.197	548
335.983	545
336.77	553
337.557	533
338.343	535
339.129	570
339.915	554
340.701	552
341.487	531
342.272	539
343.058	564
343.844	520
344.629	539
345.414	508
346.2	515
346.985	515
347.769	550
348.554	503
349.34	521
350.124	531
350.908	498
351.692	533
352.477	531
353.262	522
354.045	524
354.83	542
355.613	493
356.397	503
357.181	525
357.964	529
358.748	515
359.531	489
360.315	523
361.097	517
361.881	509
362.663	522
363.447	508
364.229	476
365.012	495
365.794	515
366.577	504
367.359	493
368.141	520
368.923	529
369.705	491
370.487	544
371.268	522
372.05	495
372.832	472
373.613	507
374.394	519
375.176	509
375.956	514
376.737	492
377.519	486
378.299	515
379.079	495
379.861	490
380.641	494
381.421	494
382.202	506
382.982	478
383.762	519
384.541	497
385.321	482
386.101	501
386.881	465
387.66	489
388.439	478
389.218	486
389.998	480
390.777	479
391.556	504
392.335	481
393.113	493
393.892	486
394.67	479
395.449	503
396.228	523
397.006	494
397.784	489
398.562	507
399.34	503
400.117	471
400.895	498
401.673	492
402.45	478
403.227	461
404.005	502
404.782	491
405.559	485
406.336	500
407.112	494
407.889	472
408.666	486
409.442	476
410.219	495
410.995	491
411.771	495
412.547	482
413.323	505
414.099	489
414.875	468
415.65	478
416.426	501
417.202	494
417.976	497
418.752	511
419.527	499
420.302	495
421.077	521
421.851	523
422.626	536
423.401	518
424.176	554
424.949	558
425.724	508
426.498	521
427.273	505
428.046	514
428.82	533
429.594	546
430.367	562
431.141	560
431.915	535
432.687	548
433.461	543
434.234	586
435.007	588
435.78	544
436.552	541
437.325	568
438.098	551
438.87	544
439.643	556
440.414	556
441.187	529
441.959	520
442.731	514
443.502	524
444.274	480
445.046	504
445.818	512
446.589	513
447.36	518
448.131	513
448.903	485
449.673	486
450.445	482
451.215	478
451.985	469
452.756	459
453.527	484
454.297	468
455.067	490
455.837	452
456.608	463
457.377	462
458.147	483
458.917	440
459.686	432
460.456	450
461.226	467
461.995	454
462.764	462
463.533	446
464.302	451
465.071	444
465.839	459
466.608	435
467.377	428
468.145	455
468.914	462
469.682	465
470.45	451
471.217	444
471.986	447
472.754	436
473.521	479
474.289	447
475.056	443
475.824	420
476.591	434
477.358	450
478.126	418
478.893	451
479.66	430
480.426	405
481.193	420
481.959	435
482.726	422
483.492	416
484.258	414
485.025	438
485.791	404
486.557	396
487.322	436
488.088	441
488.854	430
489.619	415
490.385	421
491.149	433
491.915	434
492.68	425
493.445	425
494.21	416
494.975	432
495.74	411
496.504	407
497.268	442
498.033	413
498.797	439
499.561	410
500.326	412
501.089	410
501.853	421
502.617	431
503.381	417
504.144	418
504.907	425
505.671	428
506.434	427
507.197	433
507.96	422
508.723	420
509.486	402
510.248	415
511.011	402
511.774	427
512.536	407
513.298	428
514.06	381
514.822	432
515.585	410
516.346	410
517.108	415
517.869	406
518.631	396
519.392	396
520.154	410
520.916	402
521.676	402
522.438	416
523.198	398
523.96	407
524.72	417
525.481	422
526.241	413
527.002	416
527.762	394
528.522	411
529.282	408
530.042	391
530.802	389
531.562	421
532.321	388
533.081	408
533.84	419
534.6	394
535.359	396
536.118	409
536.878	411
537.636	406
538.395	420
539.154	378
539.913	412
540.671	419
541.429	388
542.188	388
542.946	398
543.704	400
544.462	404
545.221	401
545.978	383
546.736	391
547.493	391
548.251	413
549.008	395
549.766	378
550.523	381
551.28	378
552.037	384
552.794	387
553.55	396
554.307	382
555.063	373
555.821	364
556.577	370
557.333	410
558.089	386
558.846	422
559.601	376
560.357	379
561.113	384
561.869	385
562.624	418
563.38	368
564.135	365
564.89	397
565.646	389
566.401	379
567.156	374
567.911	395
568.665	395
569.419	380
570.174	386
570.928	377
571.683	376
572.437	370
573.191	393
573.946	384
574.699	403
575.453	374
576.207	378
576.96	391
577.714	356
578.467	383
579.22	380
579.974	363
580.727	375
581.479	358
582.233	351
582.986	391
583.739	381
584.49	385
585.243	375
585.996	371
586.748	359
587.5	359
588.253	369
589.004	355
589.756	375
590.507	345
591.259	354
592.011	388
592.762	367
593.514	364
594.265	383
595.016	375
595.768	382
596.518	363
597.269	382
598.02	367
598.771	371
599.521	365
600.272	355
601.022	386
601.772	372
602.522	388
603.273	362
604.022	370
604.772	363
605.522	359
606.271	339
607.021	333
607.77	362
608.519	401
609.269	353
610.018	374
610.767	379
611.516	384
612.265	365
613.013	369
613.762	340
614.51	365
615.259	386
616.008	346
616.756	346
617.503	379
618.251	333
619	373
619.747	371
620.495	366
621.242	343
621.99	363
622.738	362
623.485	350
624.232	364
624.979	360
625.726	397
626.473	358
627.22	351
627.967	365
628.713	362
629.46	359
630.206	365
630.952	374
631.698	359
632.444	351
633.19	378
633.936	366
634.682	361
635.427	327
636.173	352
636.919	340
637.664	349
638.409	357
639.154	357
639.899	346
640.645	339
641.389	351
642.134	343
642.879	361
643.624	350
644.368	351
645.112	341
645.856	351
646.6	346
647.345	365
648.089	368
648.833	359
649.577	345
650.32	331
651.063	344
651.807	379
652.551	362
653.293	349
654.037	331
654.78	309
655.523	378
656.265	344
657.008	352
657.751	366
658.494	345
659.236	362
659.978	345
660.721	352
661.463	336
662.205	338
662.946	323
663.688	345
664.431	333
665.172	357
665.914	342
666.655	361
667.396	354
668.138	326
668.879	335
669.62	350
670.361	359
671.102	362
671.842	330
672.583	332
673.323	335
674.064	345
674.804	344
675.545	351
676.285	347
677.025	327
677.765	347
678.504	336
679.244	328
679.984	340
680.724	328
681.463	328
682.202	337
682.942	359
683.681	353
684.419	332
685.159	337
685.898	340
686.636	332
687.375	348
688.114	333
688.852	329
689.59	350
690.329	331
691.067	336
691.805	335
692.542	327
693.281	342
694.018	334
694.756	340
695.493	333
696.231	365
696.968	325
697.706	329
698.443	341
699.18	319
699.917	316
700.654	355
701.39	327
702.127	333
702.863	356
703.6	346
704.336	320
705.072	327
705.808	325
706.544	325
707.28	327
708.016	341
708.752	334
709.488	322
710.223	335
710.959	339
711.694	347
712.429	297
713.165	326
713.9	354
714.635	338
715.37	312
716.105	326
716.839	336
717.573	347
718.308	321
719.042	292
719.777	332
720.511	327
721.245	337
721.979	324
722.713	342
723.447	324
724.181	335
724.914	351
725.647	333
726.381	343
727.114	335
727.847	322
728.58	332
729.314	324
730.047	328
730.779	362
731.512	324
732.244	329
732.977	328
733.709	335
734.441	322
735.174	338
735.906	319
736.638	317
737.37	339
738.101	330
738.833	330
739.565	339
740.296	302
741.027	326
741.759	323
742.49	349
743.221	316
743.952	315
744.683	333
745.414	315
746.145	303
746.875	338
747.606	335
748.336	323
749.067	298
749.797	321
750.527	323
751.258	313
751.987	332
752.717	322
753.447	316
754.176	313
754.906	306
755.636	340
756.365	325
757.094	316
757.823	326
758.552	317
759.281	292
760.01	340
760.739	317
761.468	327
762.196	307
762.924	307
763.652	313
764.381	320
765.109	287
765.837	334
766.565	308
767.293	331
768.021	330
768.749	328
769.477	330
770.204	333
770.931	311
771.658	331
772.386	333
773.113	329
773.84	326
774.566	339
775.293	337
776.02	303
776.747	300
777.473	330
778.199	313
778.926	329
779.652	312
780.378	326
781.104	319
781.83	327
782.556	310
783.282	308
784.008	310
784.732	320
785.458	312
786.183	328
786.909	311
787.634	299
788.359	305
789.084	305
789.809	309
790.534	327
791.258	333
791.983	305
792.707	317
793.432	322
794.156	322
794.88	327
795.604	317
796.328	341
797.052	324
797.775	290
798.499	323
799.223	318
799.946	311
800.67	336
801.393	304
802.116	347
802.84	326
803.563	312
804.285	340
805.008	339
805.731	313
806.454	328
807.176	314
807.899	320
808.621	333
809.343	310
810.066	328.995
810.787	318.096
811.51	301.957
812.231	310.076
812.952	332.289
813.674	331.214
814.396	315.726
815.118	312.9
815.839	309.916
816.56	320.209
817.281	323.199
818.002	326.577
818.724	323.445
819.444	331.763
820.164	309.86
820.886	327.596
821.606	313.612
822.326	311.026
823.047	304.081
823.767	324.56
824.487	314.264
825.208	314.76
825.928	315.799
826.647	314.096
827.367	300.439
828.087	314.619
828.807	302.178
829.526	320.734
830.245	321.114
830.965	320.153
831.685	298.351
832.404	328.15
833.122	316.008
833.841	310.644
834.56	332.811
835.279	320.225
835.997	322.287
836.717	314.562
837.435	326.57
838.153	334.197
838.871	323.613
839.59	337.532
840.308	333.378
841.026	319.438
841.743	334.821
842.461	324.232
843.179	329.073
843.896	336.269
844.614	321.999
845.331	320.994
846.049	347.459
846.766	328.487
847.483	331.933
848.2	343.598
848.917	331.025
849.634	341.161
850.35	347.532
851.067	326.206
851.784	333.811
852.5	348.788
853.217	350.966
853.933	340.707
854.649	348.278
855.365	347.914
856.081	371.922
856.797	344.65
857.513	353.928
858.229	358.871
858.944	362.582
859.659	368.529
860.375	370.543
861.091	376.511
861.805	366.005
862.52	394.662
863.236	420.844
863.95	403.376
864.665	400.12
865.38	421.106
866.094	422.42
866.809	458.422
867.524	465.184
868.238	494.867
868.952	519.837
869.666	510.565
870.38	565.915
871.095	584.198
871.808	633.449
872.522	681.635
873.235	694.742
873.949	748.777
874.662	814.758
875.376	844.581
876.089	906.904
876.803	932.524
877.515	976.85
878.229	970.842
878.941	1021.73
879.655	1029.28
880.367	1039.82
881.079	1004.11
881.166	999
881.882	982
882.599	912
883.316	889
884.032	838
884.748	813
885.464	723
886.18	699
886.897	660
887.613	613
888.328	591
889.044	562
889.76	531
890.475	482
891.19	455
891.906	429
892.622	422
893.337	413
894.052	403
894.767	433
895.481	383
896.196	380
896.911	365
897.625	392
898.34	360
899.054	370
899.768	372
900.483	360
901.197	327
901.911	367
902.625	332
903.339	335
904.052	337
904.766	344
905.48	328
906.193	335
906.906	348
907.619	313
908.332	344
909.046	308
909.759	327
910.472	313
911.185	303
911.898	312
912.609	321
913.322	332
914.035	318
914.747	311
915.46	341
916.171	327.5
916.883	314
917.595	300
918.307	314
919.019	293
919.731	334
920.442	329
921.154	315
921.865	321
922.576	301
923.288	311
923.999	321
924.71	307.5
925.421	294
926.132	348
926.842	315
927.553	323
928.263	322
928.974	328
929.685	313
930.394	314
931.105	302
931.815	305
932.525	310
933.235	295
933.944	301
934.655	296
935.364	329
936.074	309
936.783	304
937.492	317
938.201	328
938.911	291
939.619	305
940.329	323
941.037	292
941.747	299
942.455	324
943.164	330
943.872	334
944.58	329
945.289	352
945.997	308
946.706	318
947.413	336
948.121	316
948.829	319
949.537	321
950.244	314
950.952	322
951.659	348
952.367	332
953.074	335
953.781	327
954.488	335
955.196	309
955.903	318
956.609	341
957.316	335
958.023	330
958.729	348
959.436	339
960.142	362
960.849	324
961.555	357
962.261	362
962.967	337
963.672	365
964.378	337
965.084	370
965.79	353
966.495	346
967.201	354
967.906	372
968.611	361
969.316	364
970.021	386
970.726	359
971.432	390
972.137	370
972.841	363
973.546	393
974.25	434
974.955	386
975.659	367
976.363	392
977.068	403
977.772	420
978.476	389
979.179	404
979.883	446
980.586	441
981.29	450
981.993	430
982.697	448
983.4	469
984.104	466
984.807	490
985.51	468
986.213	490
986.916	492
987.618	523
988.321	520
989.024	529
989.726	562
990.429	590
991.13	596
991.833	648
992.535	632
993.237	665
993.94	695
994.641	710
995.343	733
996.045	774
996.746	790
997.447	842
998.149	896
998.85	1005
999.551	994
1000.25	1097
1000.95	1142
1001.65	1228
1002.36	1273
1003.06	1386
1003.76	1461
1004.46	1565
1005.16	1658
1005.86	1684
1006.56	1890
1007.26	2032
1007.96	2194
1008.66	2270
1009.36	2482
1010.06	2524
1010.76	2732
1011.46	2806
1012.16	2938
1012.86	3073
1013.56	3281
1014.26	3348
1014.95	3441
1015.65	3584
1016.35	3642
1017.05	3838
1017.75	3905
1018.45	3941
1019.15	4086
1019.85	4177
1020.55	4210
1021.24	4327
1021.94	4374
1022.64	4481
1023.34	4527
1024.04	4615
1024.73	4561
1025.43	4510
1026.13	4594
1026.83	4503
1027.52	4543
1028.22	4416
1028.92	4440
1029.62	4385
1030.31	4142
1031.01	4048
1031.71	3960
1032.4	3842
1033.1	3595
1033.8	3496
1034.5	3382
1035.19	3226
1035.89	3006
1036.58	2886
1037.28	2666
1037.98	2517
1038.67	2457
1039.37	2262
1040.06	2124
1040.76	1968
1041.46	1829
1042.15	1687
1042.85	1653
1043.54	1541
1044.24	1464
1044.93	1364
1045.63	1285
1046.32	1240
1047.02	1164
1047.71	1128
1048.41	1089
1049.1	1096
1049.8	960
1050.49	974
1051.19	933
1051.88	872
1052.58	865
1053.27	827
1053.96	821
1054.66	780
1055.35	737
1056.05	711
1056.74	710
1057.43	692
1058.13	711
1058.82	682
1059.51	679
1060.21	600
1060.9	628
1061.59	641
1062.29	639
1062.98	620
1063.67	619
1064.36	582
1065.06	589
1065.75	568
1066.44	600
1067.13	593
1067.83	596
1068.52	597
1069.21	608
1069.9	571
1070.6	571
1071.29	575
1071.98	560
1072.67	572
1073.36	590
1074.05	569
1074.74	564
1075.44	584
1076.13	581
1076.82	597
1077.51	588
1078.2	638
1078.89	592
1079.58	639
1080.27	624
1080.96	621
1081.65	594
1082.34	639
1083.03	649
1083.72	675
1084.41	657
1085.1	687
1085.79	682
1086.48	690
1087.17	699
1087.86	674
1088.55	685
1089.24	724
1089.93	689
1090.62	660
1091.31	727
1092	700
1092.69	698
1093.38	660
1094.07	662
1094.76	679
1095.44	707
1096.13	679
1096.82	656
1097.51	673
1098.2	705
1098.89	669
1099.58	665
1100.26	694
1100.95	687
1101.64	669
1102.33	692
1103.01	674
1103.7	678
1104.39	706
1105.08	705
1105.76	691
1106.45	718
1107.14	674
1107.83	670
1108.51	737
1109.2	725
1109.89	691
1110.57	703
1111.26	742
1111.95	761
1112.63	722
1113.32	781
1114	710
1114.69	711
1115.38	683
1116.06	744
1116.75	681
1117.44	695
1118.12	686
1118.81	670
1119.49	674
1120.18	674
1120.86	631
1121.55	648
1122.23	637
1122.92	647
1123.6	646
1124.29	636
1124.97	629
1125.66	591
1126.34	601
1127.03	577
1127.71	583
1128.4	557
1129.08	550
1129.77	511
1130.45	544
1131.13	539
1131.82	542
1132.5	520
1133.19	508
1133.87	488
1134.55	492
1135.24	482
1135.92	481
1136.6	470
1137.29	504
1137.97	473
1138.65	481
1139.33	461
1140.02	462
1140.7	466
1141.38	458
1142.07	441
1142.75	461
1143.43	458
1144.11	469
1144.8	478
1145.48	477
1146.16	467
1146.84	449
1147.52	455
1148.21	472
1148.89	486
1149.57	461
1150.25	460
1150.93	492
1151.61	485
1152.29	473
1152.98	489
1153.66	486
1154.34	505
1155.02	481
1155.7	515
1156.38	503
1157.06	552
1157.74	497
1158.42	534
1159.1	486
1159.78	521
1160.46	542
1161.14	520
1161.82	508
1162.5	510
1163.18	497
1163.86	487
1164.54	499
1165.22	504
1165.9	450
1166.58	454
1167.26	466
1167.94	477
1168.62	477
1169.3	432
1169.98	442
1170.66	430
1171.34	434
1172.01	410
1172.69	384
1173.37	393
1174.05	389
1174.73	388
1175.41	369
1176.08	377
1176.76	374
1177.44	360
1178.12	367
1178.8	357
1179.47	368
1180.15	361
1180.83	334
1181.51	345
1182.18	353
1182.86	316
1183.54	340
1184.22	295
1184.89	338
1185.57	345
1186.25	323
1186.92	327
1187.6	336
1188.28	315
1188.95	338
1189.63	306
1190.31	307
1190.98	308
1191.66	289
1192.34	327
1193.01	296
1193.69	315
1194.36	299
1195.04	287
1195.71	296
1196.39	292
1197.07	303
1197.74	280
1198.42	270
1199.09	277
1199.77	276
1200.44	304
1201.12	294
1201.79	279
1202.47	300
1203.14	287
1203.82	276
1204.49	294
1205.16	283
1205.84	287
1206.51	279
1207.19	263
1207.86	269
1208.54	286
1209.21	272
1209.88	269
1210.56	268
1211.23	274
1211.9	245
1212.58	263
1213.25	259
1213.93	301
1214.6	278
1215.27	264
1215.94	263
1216.62	282
1217.29	255
1217.96	254
1218.64	262
1219.31	264
1219.98	268
1220.65	266
1221.33	279
1222	265
1222.67	267
1223.34	268
1224.01	261
1224.69	271
1225.36	275
1226.03	265
1226.7	281
1227.37	252
1228.04	266
1228.72	250
1229.39	253
1230.06	252
1230.73	271
1231.4	236
1232.07	276
1232.74	246
1233.41	261
1234.08	268
1234.75	270
1235.42	246
1236.1	252
1236.77	261
1237.44	253
1238.11	257
1238.78	244
1239.45	262
1240.12	272
1240.79	241
1241.46	256
1242.13	256
1242.8	269
1243.47	251
1244.13	262
1244.8	247
1245.47	259
1246.14	262
1246.81	246
1247.48	267
1248.15	265
1248.82	247
1249.49	249
1250.15	249
1250.82	256
1251.49	255
1252.16	249
1252.83	257
1253.5	278
1254.17	238
1254.83	245
1255.5	272
1256.17	276
1256.84	234
1257.5	260
1258.17	237
1258.84	261
1259.51	281
1260.17	263
1260.84	254
1261.51	261
1262.18	282
1262.84	264
1263.51	268
1264.18	278
1264.84	288
1265.51	280
1266.18	265
1266.84	292
1267.51	305
1268.18	292
1268.84	295
1269.51	297
1270.17	314
1270.84	288
1271.51	296
1272.17	317
1272.84	309
1273.5	319
1274.17	318
1274.83	304
1275.5	302
1276.16	335
1276.83	309
1277.5	326
1278.16	319
1278.83	330
1279.49	314
1280.16	310
1280.82	299
1281.48	336
1282.15	308
1282.81	305
1283.48	299
1284.14	292
1284.81	284
1285.47	293
1286.13	282
1286.8	298
1287.46	290
1288.13	276
1288.79	273
1289.45	276
1290.12	298
1290.78	283
1291.44	266
1292.11	260
1292.77	278
1293.43	283
1294.1	269
1294.76	251
1295.42	273
1296.08	288
1296.75	290
1297.41	293
1298.07	256
1298.73	260.5
1299.4	265
1300.06	293
1300.72	273
1301.38	273
1302.04	285
1302.71	291
1303.37	271
1304.03	281
1304.69	276
1305.35	269
1306.01	312
1306.68	307
1307.34	271
1308	274
1308.66	280
1309.32	266
1309.98	282
1310.64	295
1311.3	277
1311.96	302
1312.62	306
1313.28	296
1313.94	299
1314.61	278
1315.27	305
1315.93	296
1316.59	295
1317.25	291
1317.91	298
1318.57	269
1319.23	269
1319.89	278
1320.54	298
1321.2	298
1321.86	301
1322.52	279
1323.18	300
1323.84	284
1324.5	279
1325.16	302
1325.82	278
1326.48	281
1327.14	276
1327.79	284
1328.45	302
1329.11	281
1329.77	318
1330.43	302
1331.09	300
1331.74	290
1332.4	311
1333.06	338
1333.72	320
1334.38	299
1335.03	316
1335.69	347
1336.35	307
1337.01	340
1337.66	315
1338.32	325
1338.98	308
1339.64	329
1340.29	321
1340.95	313
1341.61	341
1342.26	329
1342.92	343
1343.58	347
1344.23	354
1344.89	312
1345.55	327
1346.2	323
1346.86	316
1347.51	338
1348.17	335
1348.83	331
1349.48	349
1350.14	365
1350.79	319
1351.45	311
1352.1	340
1352.76	345
1353.42	345
1354.07	342
1354.73	348
1355.38	348
1356.04	353
1356.69	354
1357.35	370
1358	359
1358.66	349
1359.31	370
1359.96	368
1360.62	358
1361.27	349
1361.93	388
1362.58	369
1363.24	382
1363.89	348
1364.54	391
1365.2	375
1365.85	380
1366.51	373
1367.16	355
1367.81	400
1368.47	393
1369.12	370
1369.77	380
1370.43	391
1371.08	394
1371.73	408
1372.38	389
1373.04	391
1373.69	408
1374.34	415
1375	440
1375.65	412
1376.3	403
1376.95	411
1377.6	400
1378.26	434
1378.91	390
1379.56	431
1380.21	411
1380.86	426
1381.52	447
1382.17	434
1382.82	416
1383.47	459
1384.12	428
1384.77	432
1385.42	430
1386.08	462
1386.73	453
1387.38	456
1388.03	442
1388.68	452
1389.33	471
1389.98	439
1390.63	451
1391.28	467
1391.93	449
1392.58	464
1393.23	482
1393.88	451
1394.53	491
1395.18	457
1395.83	478
1396.48	462
1397.13	465
1397.78	466
1398.43	494
1399.08	487
1399.73	490
1400.38	485
1401.03	469
1401.68	506
1402.33	496
1402.98	483
1403.63	492
1404.28	485
1404.92	472
1405.57	491
1406.22	496
1406.87	477
1407.52	484
1408.17	510
1408.81	512
1409.46	519
1410.11	538
1410.76	537
1411.41	513
1412.06	500
1412.7	510
1413.35	532
1414	521
1414.65	545
1415.29	542
1415.94	548
1416.59	519
1417.23	562
1417.88	537
1418.53	539
1419.18	534
1419.82	536
1420.47	508
1421.12	533
1421.76	531
1422.41	526
1423.06	559
1423.7	602
1424.35	571
1424.99	564
1425.64	575
1426.29	567
1426.93	574
1427.58	572
1428.22	584
1428.87	597
1429.52	595
1430.16	624
1430.81	615
1431.45	623
1432.1	639
1432.74	634
1433.39	628
1434.03	656
1434.68	666
1435.32	676
1435.97	724
1436.61	696
1437.26	687
1437.9	740
1438.55	768
1439.19	779
1439.83	786
1440.48	854
1441.12	856.548
1441.77	925.185
1442.41	953.614
1443.05	996.162
1443.7	1058.49
1444.34	1120.68
1444.99	1167.01
1445.63	1195.45
1446.27	1340.28
1446.92	1349.61
1447.56	1425.27
1448.2	1494.99
1448.85	1542.34
1449.49	1569.86
1450.13	1629.29
1450.77	1626.32
1451.42	1649.77
1452.06	1669.96
1452.7	1672.95
1453.35	1630.01
1453.99	1622.15
1454.63	1568.67
1455.27	1578.04
1455.91	1600.75
1456.56	1545.02
1457.2	1550.72
1457.84	1538.06
1458.48	1564.2
1459.12	1498.97
1459.77	1478.42
1460.41	1503.74
1461.05	1508.87
1461.69	1504.41
1462.33	1493.13
1462.97	1456.46
1463.61	1483.94
1464.26	1465.64
1464.9	1444.71
1465.54	1498.49
1466.18	1487.28
1466.82	1475.24
1467.46	1464.75
1468.1	1430.06
1468.74	1440.53
1469.38	1437.27
1470.02	1404.44
1470.66	1417.98
1471.3	1418.39
1471.94	1406.74
1472.58	1383.4
1473.22	1345.04
1473.86	1373.55
1474.5	1338.18
1475.14	1313.37
1475.78	1318.83
1476.42	1315.6
1477.06	1261.39
1477.7	1295.5
1478.34	1262.47
1478.98	1221.03
1479.62	1205.61
1480.26	1240.84
1480.9	1170.69
1481.54	1139.94
1482.18	1176.8
1482.81	1152.75
1483.45	1111.33
1484.09	1074.85
1484.73	1056.18
1485.37	1042.81
1486.01	989.848
1486.65	999.041
1487.28	973.106
1487.92	940.512
1488.56	954.398
1489.2	919.553
1489.84	901.47
1490.47	892.824
1491.11	876.382
1491.75	841.408
1492.39	816.453
1493.03	824.424
1493.66	835.652
1494.3	797.466
1494.94	789.743
1495.57	778.043
1496.21	776.404
1496.85	736.151
1497.49	745.822
1498.12	748.975
1498.76	717.085
1499.4	680.633
1500.03	712.685
1500.67	689.294
1501.31	683.862
1501.94	685.992
1502.58	685.106
1503.21	668.974
1503.85	670.079
1504.49	651.496
1505.12	663.825
1505.28	670
1505.92	666
1506.55	651
1507.19	612
1507.83	614
1508.47	618
1509.11	620
1509.75	629
1510.39	636
1511.03	603
1511.67	616
1512.31	572
1512.95	590
1513.59	576
1514.22	570
1514.86	592
1515.5	561
1516.14	565
1516.78	580
1517.42	564
1518.05	576
1518.69	551
1519.33	566
1519.97	527
1520.61	539
1521.24	556
1521.88	525
1522.52	521
1523.16	539
1523.79	552
1524.43	523
1525.07	534
1525.71	502
1526.34	524
1526.98	521
1527.62	516
1528.26	518
1528.89	497
1529.53	508
1530.17	509
1530.8	507
1531.44	506
1532.07	509
1532.71	489
1533.35	491
1533.98	512
1534.62	466
1535.26	477
1535.89	492
1536.53	507
1537.16	492
1537.8	473
1538.44	469
1539.07	489
1539.71	469
1540.34	504
1540.98	504
1541.61	475
1542.25	488
1542.88	483
1543.52	473
1544.15	463
1544.79	441
1545.42	484
1546.06	467
1546.69	472
1547.33	445
1547.96	446
1548.6	471
1549.23	494
1549.86	460
1550.5	472
1551.13	458
1551.77	444
1552.4	475
1553.03	475
1553.67	478
1554.3	442
1554.93	452
1555.57	444
1556.2	453
1556.84	463
1557.47	426
1558.1	431
1558.73	450
1559.37	458
1560	424
1560.63	436
1561.27	420
1561.9	426
1562.53	402
1563.16	407
1563.8	411
1564.43	418
1565.06	431
1565.69	424
1566.33	408
1566.96	404
1567.59	397
1568.22	396
1568.85	407
1569.49	389
1570.12	385
1570.75	398
1571.38	393
1572.01	392
1572.64	384
1573.28	386
1573.91	390
1574.54	377
1575.17	385
1575.8	374
1576.43	412
1577.06	374
1577.69	375
1578.32	379
1578.95	359
1579.58	351
1580.21	368
1580.84	370
1581.47	364
1582.11	366
1582.73	350
1583.37	338
1584	339
1584.63	354
1585.26	344
1585.88	345
1586.51	352
1587.14	341
1587.77	345
1588.4	347
1589.03	336
1589.66	350
1590.29	333
1590.92	336
1591.55	350
1592.18	328
1592.81	363
1593.44	344
1594.06	344
1594.69	321
1595.32	339
1595.95	331
1596.58	327
1597.21	316
1597.83	330
1598.46	341
1599.09	318
1599.72	329
1600.35	317
1600.98	315
1601.6	323
1602.23	322
1602.86	313
1603.49	295
1604.11	304
1604.74	306
1605.37	296
1606	322
1606.62	305
1607.25	311
1607.88	302
1608.5	305
1609.13	298
1609.76	297
1610.38	275
1611.01	302
1611.64	268
1612.26	302
1612.89	292
1613.52	282
1614.14	294
1614.77	288
1615.39	289
1616.02	301
1616.65	275
1617.27	288
1617.9	268
1618.52	284
1619.15	273
1619.77	257
1620.4	302
1621.02	303
1621.65	255
1622.28	271
1622.9	296
1623.53	264
1624.15	272
1624.78	249
1625.4	269
1626.03	260
1626.65	263
1627.27	254
1627.9	245
1628.52	276
1629.15	254
1629.77	252
1630.4	255
1631.02	251
1631.64	251
1632.27	254
1632.89	240
1633.52	256
1634.14	269
1634.76	268
1635.39	256
1636.01	247
1636.63	245
1637.26	248
1637.88	258
1638.5	246
1639.13	259
1639.75	268
1640.37	233
1641	252
1641.62	250
1642.24	263
1642.86	263
1643.49	242
1644.11	234
1644.73	244
1645.35	248
1645.98	246
1646.6	231
1647.22	256
1647.84	238
1648.46	261
1649.09	225
1649.71	223
1650.33	229
1650.95	219
1651.57	234
1652.19	214
1652.82	237
1653.44	238
1654.06	217
1654.68	217
1655.3	224
1655.92	227
1656.54	208
1657.16	223
1657.78	221
1658.4	218
1659.03	218
1659.65	219
1660.27	209
1660.89	196
1661.51	233
1662.13	217
1662.75	203
1663.37	201
1663.99	218
1664.61	203
1665.23	202
1665.85	225
1666.47	216
1667.09	211
1667.71	213
1668.33	225
1668.95	201
1669.56	211
1670.18	217
1670.8	197
1671.42	200
1672.04	208
1672.66	208
1673.28	209
1673.9	198
1674.52	206
1675.13	201
1675.75	179
1676.37	206
1676.99	196
1677.61	205
1678.23	189
1678.84	204
1679.46	194
1680.08	196
1680.7	178
1681.32	208
1681.93	203
1682.55	194
1683.17	203
1683.79	206
1684.41	204
1685.02	198
1685.64	202
1686.26	178
1686.87	199
1687.49	207
1688.11	191
1688.73	199
1689.34	203
1689.96	204
1690.58	193
1691.19	198
1691.81	191
1692.43	206
1693.04	170
1693.66	186
1694.27	200
1694.89	171
1695.51	179
1696.12	173
1696.74	170
1697.35	163
1697.97	184
1698.59	168
1699.2	183
1699.82	175
1700.43	171
1701.05	170
1701.66	169
1702.28	165
1702.89	179
1703.51	168
1704.12	181
1704.74	162
1705.35	161
1705.97	172
1706.58	167
1707.2	173
1707.81	162
1708.43	174
1709.04	164
1709.66	150
1710.27	165
1710.88	167
1711.5	161
1712.11	170
1712.73	157
1713.34	163
1713.95	159
1714.57	161
1715.18	158
1715.8	160
1716.41	161
1717.02	169
1717.64	175
1718.25	150
1718.86	167
1719.48	148
1720.09	157
1720.7	163
1721.31	168
1721.93	162
1722.54	144
1723.15	155
1723.77	154
1724.38	155
1724.99	156
1725.6	168
1726.22	153
1726.83	161
1727.44	164
1728.05	156
1728.66	170
1729.28	163
1729.89	166
1730.5	169
1731.11	151
1731.72	159
1732.33	157
1732.95	166
1733.56	159
1734.17	152
1734.78	167
1735.39	155
1736	154
1736.61	142
1737.22	151
1737.83	136
1738.44	150
1739.06	154
1739.67	137
1740.28	151
1740.89	138
1741.5	165
1742.11	141
1742.72	131
1743.33	161
1743.94	141
1744.55	154
1745.16	148
1745.77	139
1746.38	158
1746.99	155
1747.6	135
1748.21	127
1748.82	146
1749.43	141
1750.04	157
1750.65	141
1751.25	131
1751.86	149
1752.47	147
1753.08	144
1753.69	133
1754.3	141
1754.91	126
1755.52	122
1756.13	133
1756.73	123
1757.34	152
1757.95	142
1758.56	149
1759.17	133
1759.78	124
1760.38	147
1760.99	139
1761.6	136
1762.21	138
1762.81	138
1763.42	145
1764.03	136
1764.64	135
1765.24	137
1765.85	145
1766.46	117
1767.07	136
1767.67	139
1768.28	131
1768.89	125
1769.5	130
1770.1	148
1770.71	123
1771.32	126
1771.92	131
1772.53	139
1773.14	140
1773.74	130
1774.35	145
1774.95	132
1775.56	125
1776.17	126
1776.77	123
1777.38	149
1777.99	123
1778.59	130
1779.2	123
1779.8	145
1780.41	130
1781.01	128
1781.62	136
1782.22	120
1782.83	131
1783.43	127
1784.04	125
1784.65	121
1785.25	112
1785.85	122
1786.46	128
1787.06	135
1787.67	119
1788.27	143
1788.88	117
1789.48	118
1790.09	111
1790.69	106
1791.3	131
1791.9	133
1792.5	138
1793.11	135
1793.71	131
1794.32	116
1794.92	106
1795.52	126
1796.13	129
1796.73	138
1797.33	120
1797.94	134
1798.54	133
1799.14	128
1799.75	122
1800.35	115
1800.95	130
1801.56	118
1802.16	134
1802.76	118
1803.37	133
1803.97	115
1804.57	123
1805.17	132
1805.78	129
1806.38	121
1806.98	135
1807.58	126
1808.18	114
1808.79	110
1809.39	119
1809.99	117
1810.59	123
1811.19	114
1811.8	110
1812.4	122
1813	132
1813.6	125
1814.2	123
1814.8	116
1815.41	119
1816.01	127
1816.61	118
1817.21	135
1817.81	121
1818.41	118
1819.01	113
1819.61	118
1820.21	121
1820.81	120
1821.41	117
1822.01	130
1822.61	112
1823.22	129
1823.82	126
1824.42	129
1825.02	125
1825.62	120
1826.22	123
1826.82	114
1827.42	116
1828.02	109
1828.61	117
1829.21	107
1829.81	122
1830.41	128
1831.01	109
1831.61	122
1832.21	110
1832.81	123
1833.41	116
1834.01	108
1834.61	104
1835.21	127
1835.81	108
1836.4	99
1837	105
1837.6	113
1838.2	114
1838.8	130
1839.4	113
1839.99	102
1840.59	108
1841.19	109
1841.79	136
1842.39	109
1842.98	117
1843.58	107
1844.18	105
1844.78	114
1845.38	118
1845.97	98
1846.57	106
1847.17	106
1847.76	106
1848.36	108
1848.96	132
1849.56	113
1850.15	111
1850.75	117
1851.35	122
1851.94	118
1852.54	120
1853.14	126
1853.73	115
1854.33	105
1854.93	108
1855.52	109
1856.12	114
1856.72	110
1857.31	110
1857.91	120
1858.5	119
1859.1	130
1859.7	116
1860.29	115
1860.89	113
1861.48	120
1862.08	113
1862.67	123
1863.27	125
1863.86	124
1864.46	111
1865.05	109
1865.65	97
1866.25	112
1866.84	100
1867.43	120
1868.03	117
1868.62	107
1869.22	108
1869.81	115
1870.41	128
1871	108
1871.6	99
1872.19	109
1872.79	104
1873.38	102
1873.97	105
1874.57	110
1875.16	112
1875.76	116
1876.35	104
1876.94	97
1877.54	110
1878.13	113.5
1878.72	117
1879.32	108
1879.91	118
1880.5	105
1881.1	110
1881.69	105
1882.28	118
1882.88	94
1883.47	96
1884.06	117
1884.66	112
1885.25	95
1885.84	106
1886.43	94
1887.03	98
1887.62	97
1888.21	104
1888.8	119
1889.4	105
1889.99	115
1890.58	108
1891.17	97
1891.76	102
1892.35	106
1892.95	108
1893.54	106
1894.13	113
1894.72	101
1895.31	99
1895.9	106
1896.5	104
1897.09	100
1897.68	113
1898.27	108
1898.86	103
1899.45	118
1900.04	120
1900.63	112
1901.22	104
1901.81	115
1902.4	112
1903	100
1903.59	107
1904.18	102
1904.77	105
1905.36	102
1905.95	118
1906.54	111
1907.13	111
1907.72	101
1908.31	105
1908.9	103
1909.49	103
1910.08	115
1910.67	115
1911.26	121
1911.84	95
1912.43	99
1913.02	108
1913.61	110
1914.2	105
1914.79	107
1915.38	108
1915.97	105
1916.56	94
1917.15	99
1917.73	103
1918.32	103
1918.91	101
1919.5	96
1920.09	98
1920.68	105
1921.27	104
1921.85	100
1922.44	112
1923.03	100
1923.62	117
1924.21	105
1924.79	102
1925.38	109
1925.97	89
1926.56	104
1927.14	106
1927.73	105
1928.32	95
1928.91	99
1929.49	111
1930.08	98
1930.67	96
1931.26	105
1931.84	96
1932.43	96
1933.02	104
1933.6	98
1934.19	93
1934.78	99
1935.36	105
1935.95	89
1936.54	90
1937.12	100
1937.71	106
1938.29	94
1938.88	100
1939.47	103
1940.05	106
1940.64	94
1941.22	96
1941.81	101
1942.4	113
1942.98	118
1943.57	105
1944.15	106
1944.74	96
1945.32	100
1945.91	108
1946.49	98
1947.08	99
1947.66	105
1948.25	96
1948.83	98
1949.42	99
1950	106
1950.59	100
1951.17	104
1951.76	103
1952.34	100
1952.93	109
1953.51	94
1954.1	84
1954.68	103
1955.26	111
1955.85	98
1956.43	103
1957.02	103
1957.6	97
1958.18	103
1958.77	101
1959.35	105
1959.93	107
1960.52	99
1961.1	100
1961.68	95
1962.27	97
1962.85	87
1963.43	93
1964.02	97
1964.6	100
1965.18	104
1965.77	87
1966.35	90
1966.93	93
1967.51	100
1968.1	100
1968.68	97
1969.26	108
1969.84	97
1970.43	88
1971.01	99
1971.59	97
1972.17	92
1972.75	109
1973.34	102
1973.92	86
1974.5	89
1975.08	88
1975.66	97
1976.24	84
1976.83	90
1977.41	96
1977.99	100
1978.57	84
1979.15	83
1979.73	99
1980.31	97
1980.89	90
1981.48	99
1982.06	92
1982.64	90
1983.22	100
1983.8	94
1984.38	92
1984.96	83
1985.54	93
1986.12	86
1986.7	95
1987.28	98
1987.86	99
1988.44	106
1989.02	97
1989.6	99
1990.18	95
1990.76	95
1991.34	99
1991.92	86
1992.5	106
1993.08	90
1993.66	90
1994.24	87
1994.82	97
1995.4	105
1995.98	92
1996.56	90
1997.13	103
1997.71	93
1998.29	90
1998.87	92
1999.45	94
2000.03	104
2000.61	97
2001.19	100
2001.76	102
2002.34	92
2002.92	97
2003.5	111
2004.08	94
2004.66	86
2005.23	93
2005.81	90
2006.39	100
2006.97	91.8842
2007.54	95.132
2008.12	91.8399
2008.7	103.701
2009.28	87.4479
2009.85	103.825
2010.43	96.1502
2011.01	84.7039
2011.59	94.1414
2012.16	90.6673
2012.74	102.833
2013.32	85.0701
2013.9	97.9424
2014.47	105.755
2015.05	99.1087
2015.63	84.0203
2016.2	99.7046
2016.78	89.2876
2017.36	95.17
2017.93	100.795
2018.51	102.142
2019.08	96.137
2019.66	90.1968
2020.24	90.205
2020.81	98.6533
2021.39	95.9217
2021.97	93.2105
2022.54	98.3157
2023.12	100.979
2023.69	94.7293
2024.27	89.7202
2024.84	96.3926
2025.42	98.0504
2026	89.4372
2026.57	97.8542
2027.15	98.2888
2027.72	97.9749
2028.3	96.4701
2028.87	95.1549
2029.45	98.8527
2030.02	98.1844
2030.6	102.26
2031.17	97.5286
2031.75	94.4841
2032.32	102.679
2032.9	104.941
2033.47	93.8781
2034.05	97.1641
2034.62	92.8633
2035.19	100.609
2035.77	99.575
2036.34	98.2227
2036.92	93.5599
2037.49	95.2335
2038.06	98.6308
2038.64	90.4677
2039.21	93.7272
2039.79	93.1083
2040.36	99.0351
2040.93	97.1287
2041.51	100.041
2042.08	105.657
2042.65	94.62
2043.23	94.8031
2043.8	95.7954
2044.38	95.6295
2044.95	95.4213
2045.52	94.715
2046.09	94.0626
2046.67	91.6118
2047.24	89.0063
2047.81	100.396
2048.39	97.205
2048.96	94.4556
2049.53	96.2631
2050.1	106.392
2050.68	96.9453
2051.25	89.506
2051.82	93.975
2052.39	94.0828
2052.97	92.4238
2053.54	94.7004
2054.11	93.8025
2054.68	89.4139
2055.25	97.1767
2055.83	94.8082
2056.4	102.933
2056.97	97.5429
2057.54	102.298
2058.11	89.9708
2058.68	90.1919
2059.26	103.916
2059.83	108.082
2060.4	104.725
2060.97	100.562
2061.54	89.126
2062.11	97.0127
2062.68	97.9664
2063.25	98.2064
2063.72	104
2064.3	92
2064.87	86
2065.45	90
2066.02	107
2066.6	86
2067.17	91
2067.74	105
2068.32	99
2068.89	97
2069.47	89
2070.04	100
2070.61	96
2071.19	89
2071.76	102
2072.33	93
2072.91	98
2073.48	102
2074.05	91
2074.63	96
2075.2	100
2075.77	95
2076.35	92
2076.92	88
2077.49	104
2078.07	102
2078.64	97
2079.21	87
2079.78	79
2080.36	92
2080.93	101
2081.5	95
2082.07	89
2082.65	100
2083.22	113
2083.79	96
2084.36	89
2084.93	96
2085.51	97
2086.08	96
2086.65	85
2087.22	91
2087.79	88
2088.37	84
2088.94	94
2089.51	86
2090.08	106
2090.65	92
2091.22	87
2091.79	93.5
2092.36	100
2092.94	92
2093.51	86
2094.08	97
2094.65	93
2095.22	100
2095.79	105
2096.36	90
2096.93	96
2097.5	96
2098.07	94
2098.64	97
2099.21	100
2099.78	90
2100.35	82
2100.92	88
2101.49	95
2102.06	104
2102.63	92
2103.2	97
2103.77	93
2104.34	93
2104.91	79
2105.48	85
2106.05	100
2106.62	88
2107.19	100
2107.76	94
2108.33	96
2108.9	100
2109.47	101
2110.04	84
2110.6	96
2111.17	88
2111.74	88
2112.31	91
2112.88	92
2113.45	101
2114.02	96
2114.58	84
2115.15	96
2115.72	96
2116.29	98
2116.86	89
2117.43	87
2117.99	100
2118.56	84
2119.13	91
2119.7	86
2120.27	92
2120.83	101
2121.4	92
2121.97	86
2122.54	96
2123.1	85
2123.67	92
2124.24	88
2124.81	101
2125.37	92
2125.94	92
2126.51	90
2127.07	85
2127.64	86
2128.21	86
2128.77	96
2129.34	94
2129.91	88
2130.47	89
2131.04	77
2131.61	98
2132.17	102
2132.74	95
2133.31	83
2133.87	83
2134.44	96
2135.01	81
2135.57	98
2136.14	88
2136.7	78
2137.27	91
2137.83	89
2138.4	89
2138.97	94
2139.53	95
2140.1	94
2140.66	94
2141.23	73
2141.79	89
2142.36	83
2142.92	82
2143.49	103
2144.05	86
2144.62	82
2145.18	91
2145.75	80
2146.31	95
2146.88	89
2147.44	100
2148.01	98
2148.57	81
2149.13	93
2149.7	92
2150.26	92
2150.83	93
2151.39	89
2151.95	85
2152.52	116
2153.08	94
2153.65	97
2154.21	93
2154.77	95
2155.34	99
2155.9	101
2156.46	82
2157.03	81
2157.59	83
2158.15	101
2158.72	96
2159.28	102
2159.84	100
2160.41	81
2160.97	100
2161.53	91
2162.1	91
2162.66	94
2163.22	101
2163.78	96
2164.35	89
2164.91	95
2165.47	93
2166.03	92
2166.6	84
2167.16	82
2167.72	83
2168.28	102
2168.84	88
2169.41	90
2169.97	89
2170.53	79
2171.09	87
2171.65	95
2172.21	102
2172.78	94
2173.34	101
2173.9	86
2174.46	81
2175.02	90
2175.58	91
2176.14	91
2176.71	95
2177.27	88
2177.83	84
2178.39	90
2178.95	101
2179.51	91
2180.07	93
2180.63	86
2181.19	90
2181.75	93
2182.31	89
2182.87	85
2183.43	91
2183.99	98
2184.55	93
2185.11	95
2185.67	86
2186.23	100
2186.79	96
2187.35	96
2187.91	98
2188.47	97
2189.03	82
2189.59	90
2190.15	86
2190.71	95
2191.27	85
2191.83	95
2192.39	96
2192.95	97
2193.51	86
2194.07	90
2194.62	103
2195.18	84
2195.74	89
2196.3	97
2196.86	92
2197.42	94
2197.98	94
2198.54	94
2199.09	91
2199.65	87
2200.21	80
2200.77	86
2201.33	99
2201.88	90
2202.44	95
2203	87
2203.56	86
2204.12	91
2204.67	82
2205.23	86
2205.79	87
2206.35	97
2206.9	87
2207.46	87
2208.02	81
2208.58	95
2209.13	91
2209.69	82
2210.25	83
2210.81	93
2211.36	94
2211.92	83
2212.48	91
2213.03	98
2213.59	95
2214.15	94
2214.7	94
2215.26	92
2215.81	76
2216.37	87
2216.93	85
2217.48	91
2218.04	89
2218.6	84
2219.15	90
2219.71	81
2220.26	92
2220.82	81
2221.38	86
2221.93	86
2222.49	84
2223.04	95
2223.6	94
2224.15	79
2224.71	90
2225.26	104
2225.82	82
2226.38	92
2226.93	77
2227.49	92
2228.04	90
2228.59	93
2229.15	95
2229.7	88
2230.26	89
2230.81	86
2231.37	84
2231.92	95
2232.48	90
2233.03	88
2233.59	88
2234.14	95
2234.69	96
2235.25	92
2235.8	83
2236.36	92
2236.91	91
2237.46	82
2238.02	83
2238.57	75
2239.13	97
2239.68	96
2240.23	94
2240.79	95
2241.34	98
2241.89	87
2242.45	91
2243	90
2243.55	99
2244.11	83
2244.66	87
2245.21	93
2245.76	89
2246.32	86
2246.87	93
2247.42	91
2247.98	81
2248.53	87
2249.08	90
2249.63	69
2250.19	91
2250.74	92
2251.29	85
2251.84	100
2252.39	83
2252.95	82
2253.5	83
2254.05	85
2254.6	80
2255.15	87
2255.71	87
2256.26	78
2256.81	78
2257.36	96
2257.91	79
2258.46	88
2259.01	95
2259.57	87
2260.12	84
2260.67	84
2261.22	94
2261.77	92
2262.32	84
2262.87	78
2263.42	88
2263.97	85
2264.52	82
2265.07	87
2265.62	87
2266.18	80
2266.73	71
2267.28	87
2267.83	88
2268.38	88
2268.93	75
2269.48	77
2270.03	86
2270.58	94
2271.13	88
2271.68	91
2272.23	92
2272.78	78
2273.33	79
2273.87	88
2274.42	87
2274.97	76
2275.52	79
2276.07	88
2276.62	90
2277.17	88
2277.72	75
2278.27	82
2278.82	90
2279.37	86
2279.92	100
2280.46	85
2281.01	89
2281.56	78
2282.11	87
2282.66	89
2283.21	85
2283.76	81
2284.3	82
2284.85	86
2285.4	84
2285.95	88
2286.5	82
2287.04	84
2287.59	81
2288.14	85
2288.69	82
2289.24	94
2289.78	84
2290.33	90
2290.88	87
2291.43	88
2291.97	86
2292.52	90
2293.07	90
2293.62	84
2294.16	86
2294.71	82
2295.26	74
2295.8	77
2296.35	96
2296.9	87
2297.44	79
2297.99	77
2298.54	77
2299.08	71
2299.63	102
2300.18	92
2300.72	78
2301.27	95
2301.82	75
2302.36	82
2302.91	75
2303.45	76
2304	93
2304.55	80
2305.09	74
2305.64	88
2306.18	80
2306.73	76
2307.28	82
2307.82	95
2308.37	75
2308.91	69
2309.46	86
2310	77
2310.55	83
2311.09	78
2311.64	88
2312.18	94
2312.73	90
2313.27	73
2313.82	86
2314.36	87
2314.91	85
2315.45	74
2316	95
2316.54	88
2317.09	73
2317.63	79
2318.17	96
2318.72	83
2319.26	75
2319.81	80
2320.35	92
2320.89	77
2321.44	78
2321.98	86
2322.53	86
2323.07	81
2323.61	76
2324.16	82
2324.7	82
2325.24	70
2325.79	72
2326.33	89
2326.87	80
2327.42	93
2327.96	77
2328.5	89
2329.05	89
2329.59	82
2330.13	65
2330.68	81
2331.22	70
2331.76	81
2332.3	79
2332.85	63
2333.39	86
2333.93	89
2334.47	79
2335.02	79
2335.56	81
2336.1	66
2336.64	86
2337.19	68
2337.73	75
2338.27	69
2338.81	63
2339.35	81
2339.89	66
2340.44	68
2340.98	68
2341.52	80
2342.06	77
2342.6	72
2343.14	78
2343.69	73
2344.23	81
2344.77	76
2345.31	80
2345.85	77
2346.39	82
2346.93	69
2347.47	72
2348.01	82
2348.55	65
2349.09	74
2349.64	81
2350.18	80
2350.72	85
2351.26	82
2351.8	78
2352.34	68
2352.88	61
2353.42	71
2353.96	71
2354.5	82
2355.04	69
2355.58	81
2356.12	81
2356.66	65
2357.2	81
2357.74	81
2358.28	85
2358.82	74
2359.36	75
2359.9	73
2360.43	80
2360.97	78
2361.51	68
2362.05	81
2362.59	71
2363.13	80
2363.67	72
2364.21	63
2364.75	63
2365.29	77
2365.82	71
2366.36	86
2366.9	77
2367.44	67
2367.98	79
2368.52	73
2369.06	63
2369.59	76
2370.13	82
2370.67	78
2371.21	58
2371.75	67
2372.28	76
2372.82	66
2373.36	72
2373.9	77
2374.44	71
2374.97	71
2375.51	65
2376.05	82
2376.59	69
2377.12	69
2377.66	76
2378.2	69
2378.73	69
2379.27	70
2379.81	67
2380.35	74
2380.88	71
2381.42	72
2381.96	67
2382.49	78
2383.03	74
2383.57	70
2384.1	70
2384.64	71
2385.18	70
2385.71	83
2386.25	66
2386.78	75
2387.32	67
2387.86	65
2388.39	69
2388.93	70
2389.47	73
2390	65
2390.54	79
2391.07	75
2391.61	69
2392.14	80
2392.68	78
2393.22	74
2393.75	72
2394.29	65
2394.82	72
2395.36	73
2395.89	73
2396.43	61
2396.96	68
2397.5	78
2398.03	78
2398.57	69
2399.1	77
2399.64	74
2400.17	71
2400.71	71
2401.24	77
2401.77	71
2402.31	72
2402.84	63
2403.38	82
2403.91	70
2404.45	69
2404.98	69
2405.51	82
2406.05	77
2406.58	72
2407.12	72
2407.65	76
2408.18	74
2408.72	71
2409.25	64
2409.78	71
2410.32	77
2410.85	76
2411.38	71
2411.92	71
2412.45	76
2412.98	66
2413.52	78
2414.05	67
2414.58	65
2415.12	76
2415.65	75
2416.18	75
2416.71	77
2417.25	72
2417.78	85
2418.31	63
2418.84	71
2419.38	75
2419.91	73
2420.44	86
2420.97	71
2421.51	73
2422.04	70
2422.57	72
2423.1	70
2423.63	71
2424.17	75
2424.7	73
2425.23	74
2425.76	74
2426.29	79
2426.82	81
2427.36	78
2427.89	78
2428.42	67
2428.95	79
2429.48	98
2430.01	65
2430.54	80
2431.07	76
2431.61	75
2432.14	77
2432.67	79
2433.2	76
2433.73	68
2434.26	67
2434.79	76
2435.32	81
2435.85	85
2436.38	77
2436.91	82
2437.44	84
2437.97	78
2438.5	74
2439.03	88
2439.56	74
2440.09	76
2440.62	87
2441.15	79
2441.68	87
2442.21	81
2442.74	88
2443.27	81
2443.8	64
2444.33	75
2444.86	83
2445.39	82
2445.92	101
2446.45	94
2446.98	82
2447.51	89
2448.04	79
2448.56	87
2449.09	82
2449.62	97
2450.15	100
2450.68	101
2451.21	89
2451.74	80
2452.27	88
2452.79	91
2453.32	84
2453.85	94
2454.38	90
2454.91	89
2455.44	92
2455.96	92
2456.49	95
2457.02	98
2457.55	98
2458.08	100
2458.6	99
2459.13	106
2459.66	95
2460.19	87
2460.71	103
2461.24	93
2461.77	107
2462.3	101
2462.82	98
2463.35	102
2463.88	98
2464.41	98
2464.93	107
2465.46	95
2465.99	103
2466.51	107
2467.04	112
2467.57	119
2468.09	105
2468.62	94
2469.15	113
2469.67	116
2470.2	116
2470.73	101
2471.25	103
2471.78	101
2472.31	106
2472.83	97
2473.36	118
2473.88	107
2474.41	112
2474.94	112
2475.46	104
2475.99	101
2476.51	126
2477.04	118
2477.56	104
2478.09	122
2478.62	98
2479.14	100
2479.67	116
2480.19	106
2480.72	105
2481.24	92
2481.77	110
2482.29	106
2482.82	102
2483.34	112
2483.87	97
2484.39	103
2484.92	94
2485.44	114
2485.97	101
2486.49	105
2487.01	106
2487.54	105
2488.06	100
2488.59	104
2489.11	112
2489.64	94
2490.16	105
2490.68	116
2491.21	100
2491.73	102
2492.26	111
2492.78	118
2493.3	95
2493.83	105
2494.35	99
2494.87	98
2495.4	87
2495.92	97
2496.45	104
2496.97	87
2497.49	94
2498.01	99
2498.54	89
2499.06	114
2499.58	95
2500.11	107
2500.63	100
2501.15	110
2501.68	90
2502.2	98
2502.72	97
2503.24	105
2503.77	99
2504.29	98
2504.81	97
2505.33	102
2505.86	109
2506.38	107
2506.9	104
2507.42	99
2507.94	96
2508.47	92
2508.99	85
2509.51	98
2510.03	104
2510.55	100
2511.08	102
2511.6	90
2512.12	95
2512.64	98
2513.16	83
2513.68	97
2514.21	94.9609
2514.73	86.0323
2515.25	99.9029
2515.77	95.1026
2516.29	82.66
2516.81	88.0545
2517.33	97.2493
2517.85	82.5265
2518.37	93.5644
2518.89	89.3896
2519.41	93.3325
2519.94	95.5462
2520.46	102.047
2520.98	98.8244
2521.5	92.4446
2522.02	87.6623
2522.54	87.5193
2523.06	91.1582
2523.58	85.1066
2524.1	95.3407
2524.62	87.8134
2525.14	83.757
2525.66	88.5652
2526.18	88.7821
2526.7	82.2858
2527.22	82.1597
2527.74	88.933
2528.26	70.7346
2528.78	82.6057
2529.3	78.6705
2529.82	81.3445
2530.34	93.2059
2530.86	82.6707
2531.37	74.7689
2531.89	80.927
2532.41	86.1915
2532.93	80.215
2533.45	77.1615
2533.97	84.0108
2534.49	86.2831
2535.01	80.436
2535.53	83.4951
2536.05	81.0058
2536.56	84.4265
2537.08	87.1099
2537.6	90.4264
2538.12	87.2372
2538.64	82.6432
2539.16	88.902
2539.68	86.8201
2540.19	89.7971
2540.71	90.4446
2541.23	86.4057
2541.75	84.6572
2542.27	90.7329
2542.78	87.6324
2543.3	88.7063
2543.82	90.201
2544.34	87.6182
2544.86	90.7631
2545.37	96.186
2545.89	92.1263
2546.41	92.0466
2546.93	93.8619
2547.44	88.6153
2547.96	87.7067
2548.48	92.0393
2549	91.075
2549.51	92.2426
2550.03	88.4069
2550.55	92.6714
2551.06	95.0761
2551.58	87.5643
2552.1	87.4687
2552.62	91.5494
2553.13	94.7811
2553.65	88.9608
2554.17	85.0957
2554.68	92.2542
2555.2	98.1095
2555.71	96.4214
2556.23	94.5105
2556.75	87.0102
2557.26	93.477
2557.78	96.1563
2558.3	95.0443
2558.81	99.4124
2559.33	94.4578
2559.84	93.2661
2560.36	90.057
2560.88	94.5944
2561.39	94.9255
2561.91	88.7081
2562.42	88.339
2562.94	87.3824
2563.46	94.6396
2563.97	92.4486
2564.49	88.2338
2565	89.1527
2565.52	96.4853
2566.03	93.8242
2566.55	90.1492
2566.87	92
2567.39	88
2567.91	84
2568.42	88
2568.94	91
2569.46	79
2569.98	86
2570.5	95
2571.02	84
2571.53	89
2572.05	89
2572.57	91
2573.09	90
2573.6	85
2574.12	90
2574.64	80
2575.16	85
2575.68	84
2576.19	91
2576.71	91
2577.23	93
2577.75	80
2578.26	81
2578.78	86
2579.3	90
2579.81	79
2580.33	92
2580.85	81
2581.37	93
2581.88	83
2582.4	91
2582.92	68
2583.43	83
2583.95	92
2584.47	89
2584.98	93
2585.5	84
2586.02	83
2586.53	91
2587.05	90
2587.56	106
2588.08	88
2588.6	90
2589.11	90
2589.63	76
2590.14	98
2590.66	101
2591.18	98
2591.69	95
2592.21	81
2592.72	91
2593.24	89
2593.75	99
2594.27	101
2594.78	87
2595.3	110
2595.82	97
2596.33	92
2596.85	109
2597.36	103.5
2597.88	98
2598.39	92
2598.91	89
2599.42	96
2599.94	86
2600.45	98
2600.97	92
2601.48	91
2601.99	90
2602.51	104
2603.02	94
2603.54	92
2604.05	103
2604.57	82
2605.08	103
2605.59	87
2606.11	91
2606.62	91
2607.14	91
2607.65	86
2608.16	104
2608.68	96
2609.19	92
2609.71	83
2610.22	90
2610.73	78
2611.25	79
2611.76	87
2612.27	104
2612.79	91
2613.3	90
2613.81	81
2614.33	94
2614.84	91
2615.35	76
2615.87	99
2616.38	99
2616.89	85
2617.4	82
2617.92	79
2618.43	89
2618.94	82
2619.46	77
2619.97	94
2620.48	86
2620.99	79
2621.5	98
2622.02	79
2622.53	87
2623.04	76
2623.55	81
2624.07	78
2624.58	81
2625.09	76
2625.6	92
2626.11	85
2626.63	97
2627.14	92
2627.65	90
2628.16	79
2628.67	95
2629.18	87
2629.69	102
2630.21	95
2630.72	96
2631.23	85
2631.74	86
2632.25	103
2632.76	84
2633.27	99
2633.78	97
2634.3	91
2634.81	95
2635.32	84
2635.83	87
2636.34	100
2636.85	108
2637.36	89
2637.87	104
2638.38	106
2638.89	98
2639.4	106
2639.91	94
2640.42	99
2640.93	92
2641.44	97
2641.95	106
2642.46	99
2642.97	105
2643.48	107
2643.99	99
2644.5	103
2645.01	90
2645.52	97
2646.03	95
2646.54	102
2647.05	88
2647.56	92
2648.07	103
2648.58	98
2649.09	86
2649.59	99
2650.1	100
2650.61	85
2651.12	92
2651.63	96
2652.14	88
2652.65	86
2653.16	107
2653.67	85
2654.17	96
2654.68	92
2655.19	71
2655.7	75
2656.21	87
2656.72	81
2657.22	94
2657.73	93
2658.24	82
2658.75	78
2659.26	97
2659.77	83
2660.27	91
2660.78	85
2661.29	89
2661.8	90
2662.3	85
2662.81	90
2663.32	86
2663.83	81
2664.34	93
2664.84	83
2665.35	79
2665.86	78
2666.36	84
2666.87	80
2667.38	81
2667.89	85
2668.39	83
2668.9	90
2669.41	94
2669.91	84
2670.42	90
2670.93	92
2671.43	93
2671.94	83
2672.45	100
2672.95	86
2673.46	82
2673.97	100
2674.47	94
2674.98	84
2675.48	98
2675.99	97
2676.5	93
2677	102
2677.51	90
2678.01	99
2678.52	107
2679.03	103
2679.53	99
2680.04	95
2680.54	113
2681.05	96
2681.55	95
2682.06	105
2682.57	107
2683.07	112
2683.58	117
2684.08	109
2684.59	110
2685.09	103
2685.6	109
2686.1	103
2686.61	121
2687.11	119
2687.62	121
2688.12	116
2688.63	122
2689.13	99
2689.63	117
2690.14	116
2690.64	120
2691.15	110
2691.65	105
2692.16	120
2692.66	118
2693.17	116
2693.67	117
2694.17	96
2694.68	113
2695.18	106
2695.69	109
2696.19	109
2696.69	105
2697.2	110
2697.7	109
2698.2	107
2698.71	109
2699.21	93
2699.71	111
2700.22	106
2700.72	109
2701.22	114
2701.73	98
2702.23	92
2702.73	106
2703.24	99
2703.74	100
2704.24	100
2704.75	106
2705.25	101
2705.75	105
2706.25	105
2706.76	117
2707.26	110
2707.76	101
2708.26	112
2708.77	95
2709.27	95
2709.77	106
2710.27	104
2710.78	108
2711.28	104
2711.78	115
2712.28	112
2712.78	104
2713.29	115
2713.79	116
2714.29	111
2714.79	115
2715.29	120
2715.79	119
2716.3	106
2716.8	104
2717.3	125
2717.8	112
2718.3	121
2718.8	128
2719.3	130
2719.81	115
2720.31	120
2720.81	131
2721.31	128
2721.81	137
2722.31	134
2722.81	147
2723.31	151
2723.81	140
2724.31	146
2724.81	147
2725.31	147
2725.82	152
2726.32	152
2726.82	161
2727.32	152
2727.82	140
2728.32	156
2728.82	159
2729.32	159
2729.82	160
2730.32	136
2730.82	143
2731.32	161
2731.82	169
2732.32	147
2732.82	144
2733.32	153
2733.82	157
2734.31	159
2734.81	151
2735.31	143
2735.81	147
2736.31	135
2736.81	147
2737.31	134
2737.81	146
2738.31	146
2738.81	134
2739.31	134
2739.81	135
2740.3	122
2740.8	118
2741.3	133
2741.8	140
2742.3	128
2742.8	125
2743.3	121
2743.79	127
2744.29	117
2744.79	119
2745.29	116
2745.79	113
2746.29	116
2746.78	110
2747.28	118
2747.78	127
2748.28	118
2748.78	128
2749.27	105
2749.77	114
2750.27	113
2750.77	112
2751.26	123
2751.76	127
2752.26	116
2752.76	141
2753.25	125
2753.75	115
2754.25	140
2754.75	121
2755.24	131
2755.74	137
2756.24	114
2756.73	137
2757.23	143
2757.73	142
2758.22	127
2758.72	128
2759.22	136
2759.72	134
2760.21	141
2760.71	138
2761.2	144
2761.7	143
2762.2	134
2762.69	170
2763.19	163
2763.69	160
2764.18	157
2764.68	170
2765.17	177
2765.67	174
2766.17	169
2766.66	192
2767.16	173
2767.65	187
2768.15	188
2768.65	189
2769.14	200
2769.64	200
2770.13	205
2770.63	174
2771.12	213
2771.62	223
2772.11	226
2772.61	210
2773.1	213
2773.6	219
2774.09	217
2774.59	219
2775.08	203
2775.58	215
2776.07	199
2776.57	197
2777.06	185
2777.56	210
2778.05	184
2778.55	182
2779.04	177
2779.53	200
2780.03	194
2780.52	177
2781.02	185
2781.51	183
2782.01	177
2782.5	184
2782.99	184
2783.49	185
2783.98	166
2784.47	159
2784.97	175
2785.46	162
2785.96	178
2786.45	158
2786.94	153
2787.44	173
2787.93	160
2788.42	152
2788.92	159
2789.41	169
2789.9	158
2790.4	159
2790.89	169
2791.38	156
2791.88	172
2792.37	165
2792.86	180
2793.35	161
2793.85	181
2794.34	164
2794.83	163
2795.33	172
2795.82	157
2796.31	169
2796.8	149
2797.3	165
2797.79	185
2798.28	178
2798.77	165
2799.26	173
2799.76	187
2800.25	186
2800.74	192
2801.23	209
2801.72	192
2802.22	169
2802.71	206
2803.2	215
2803.69	222
2804.18	210
2804.67	236
2805.17	223
2805.66	212
2806.15	219
2806.64	232
2807.13	248
2807.62	235
2808.11	243
2808.6	265
2809.1	262
2809.59	243
2810.08	264
2810.57	299
2811.06	283
2811.55	300
2812.04	312
2812.53	314
2813.02	323
2813.51	323
2814	340
2814.49	327
2814.98	348
2815.47	347
2815.96	339
2816.45	355
2816.94	345
2817.44	364
2817.93	386
2818.42	378
2818.91	393
2819.39	394
2819.88	404
2820.37	374
2820.86	428
2821.35	401
2821.84	438
2822.33	429
2822.82	439
2823.31	457
2823.8	461
2824.29	465
2824.78	455
2825.27	523
2825.76	519
2826.25	534
2826.74	552
2827.23	558
2827.71	591
2828.2	636
2828.69	635
2829.18	656
2829.67	667
2830.16	708
2830.65	718
2831.14	769
2831.62	780
2832.11	788
2832.6	812
2833.09	821
2833.58	870
2834.07	934
2834.55	917
2835.04	947
2835.53	986
2836.02	964
2836.51	1024
2836.99	1037
2837.48	1051
2837.97	1080
2838.46	1081
2838.95	1060
2839.43	1061
2839.92	1084
2840.41	1018
2840.9	1061
2841.38	1019
2841.87	1040
2842.36	983
2842.84	987
2843.33	962
2843.82	980
2844.31	946
2844.79	912
2845.28	875
2845.77	827
2846.25	825
2846.74	812
2847.23	776
2847.71	751
2848.2	740
2848.69	704
2849.17	698
2849.66	685
2850.15	644
2850.63	611
2851.12	657
2851.61	595
2852.09	599
2852.58	589
2853.06	529
2853.55	556
2854.04	531
2854.52	551
2855.01	521
2855.49	529
2855.98	518
2856.46	515
2856.95	502
2857.44	476
2857.92	462
2858.41	501
2858.89	465
2859.38	474
2859.86	476
2860.35	463
2860.83	475
2861.32	451
2861.8	463
2862.29	436
2862.77	442
2863.26	442
2863.74	416
2864.23	433
2864.71	409
2865.2	423
2865.68	412
2866.17	401
2866.65	370
2867.14	385
2867.62	394
2868.1	382
2868.59	408
2869.07	359
2869.56	375
2870.04	391
2870.53	347
2871.01	357
2871.49	357
2871.98	375
2872.46	369
2872.95	375
2873.43	370
2873.91	358
2874.4	379
2874.88	386
2875.36	381
2875.85	355
2876.33	357
2876.81	380
2877.3	370
2877.78	349
2878.26	354
2878.75	367
2879.23	352
2879.71	366
2880.2	367
2880.68	378
2881.16	385
2881.65	388
2882.13	352
2882.61	358
2883.09	375
2883.58	371
2884.06	369
2884.54	373
2885.02	380
2885.51	384
2885.99	360
2886.47	384
2886.95	364
2887.44	363
2887.92	378
2888.4	372
2888.88	390
2889.36	408
2889.85	391
2890.33	399
2890.81	408
2891.29	428
2891.77	407
2892.26	408
2892.74	416
2893.22	402
2893.7	403
2894.18	421
2894.66	429
2895.14	458
2895.63	469
2896.11	458
2896.59	471
2897.07	433
2897.55	451
2898.03	460
2898.51	467
2898.99	506
2899.47	460
2899.95	523
2900.44	468
2900.92	493
2901.4	474
2901.88	490
2902.36	473
2902.84	482
2903.32	506
2903.8	497
2904.28	472
2904.76	503
2905.24	517
2905.72	512
2906.2	517
2906.68	492
2907.16	521
2907.64	491
2908.12	508
2908.6	541
2909.08	549
2909.56	519
2910.04	508
2910.52	522
2911	539
2911.48	528
2911.96	513
2912.44	558
2912.92	541
2913.39	540
2913.87	560
2914.35	546
2914.83	561
2915.31	546
2915.79	552
2916.27	567
2916.75	594
2917.23	576
2917.71	577
2918.19	585
2918.66	591
2919.14	614
2919.62	611
2920.1	633
2920.58	614
2921.06	612
2921.53	626
2922.01	657
2922.49	640
2922.97	670
2923.45	701
2923.93	675
2924.4	679
2924.88	678
2925.36	708
2925.84	733
2926.32	735
2926.79	766
2927.27	778
2927.75	769
2928.23	741
2928.7	781
2929.18	798
2929.66	832
2930.14	815
2930.61	826
2931.09	850
2931.57	867
2932.05	850
2932.52	869
2933	882
2933.48	909
2933.95	928
2934.43	935
2934.91	888
2935.38	903
2935.86	923
2936.34	971
2936.81	966
2937.29	1030
2937.77	958
2938.24	1017
2938.72	987
2939.2	994
2939.67	1066
2940.15	1034
2940.63	1052
2941.1	1032
2941.58	1050
2942.05	1066
2942.53	1044
2943.01	1125
2943.48	1049
2943.96	1109
2944.43	1112
2944.91	1117
2945.39	1093
2945.86	1114
2946.34	1145
2946.81	1107
2947.29	1091
2947.76	1125
2948.24	1129
2948.71	1092
2949.19	1117
2949.66	1107
2950.14	1060
2950.61	1026
2951.09	1029
2951.56	1038
2952.04	992
2952.51	965
2952.99	966
2953.46	973
2953.94	945
2954.41	937
2954.89	859
2955.36	877
2955.84	853
2956.31	830
2956.79	784
2957.26	803
2957.73	792
2958.21	759
2958.68	758
2959.16	740
2959.63	701
2960.11	657
2960.58	668
2961.05	612
2961.53	660
2962	612
2962.48	625
2962.95	578
2963.42	585
2963.9	512
2964.37	548
2964.84	536
2965.32	545
2965.79	538
2966.26	502
2966.74	526
2967.21	522
2967.68	494
2968.16	505
2968.63	486
2969.1	469
2969.58	482
2970.05	450
2970.52	477
2970.99	461
2971.47	478
2971.94	452
2972.41	467
2972.88	465
2973.36	444
2973.83	474.373
2974.3	419.356
2974.77	434.537
2975.25	434.711
2975.72	444.616
2976.19	434.459
2976.66	443.967
2977.14	413.842
2977.61	413.718
2978.08	427.094
2978.55	424.616
2979.02	413.654
2979.5	418.425
2979.97	404.643
2980.44	411.578
2980.91	420.383
2981.38	406.301
2981.85	401.003
2982.33	409.501
2982.8	405.252
2983.27	375.248
2983.74	383.965
2984.21	373.532
2984.68	394.901
2985.15	380.011
2985.63	378.6
2986.1	361.039
2986.57	372.02
2987.04	372.337
2987.51	370.58
2987.98	355.295
2988.45	363.118
2988.92	357.925
2989.39	351.853
2989.86	336.755
2990.33	332.943
2990.81	353.529
2991.28	340.03
2991.75	327.12
2992.22	333.382
2992.69	305.52
2993.16	344.172
2993.63	313.538
2994.1	293.56
2994.57	311.279
2995.04	290.852
2995.51	293.813
2995.98	290.943
2996.45	294.96
2996.92	280.47
2997.39	280.188
2997.86	282.184
2998.33	276.819
2998.8	278.171
2999.27	276.495
2999.74	275.2
3000.21	262.037
3000.68	263.809
3001.15	256.39
3001.61	265.239
3002.08	260.423
3002.55	256.465
3003.02	258.249
3003.49	239.882
3003.96	232.387
3004.43	238.004
3004.9	251.953
3005.37	228.849
3005.84	240.031
3006.31	240.847
3006.77	229.297
3007.24	212.93
3007.71	226.842
3008.18	230.985
3008.65	228.499
3009.12	213.391
3009.59	216.402
3010.05	215.501
3010.52	227.667
3010.99	220.825
3011.46	222.927
3011.93	222.006
3012.4	222.186
3012.86	216.527
3013.33	222.541
3013.8	214.261
3014.27	213.594
3014.74	203.944
3015.2	210.166
3015.67	221.228
3016.14	212.14
3016.61	204.939
3017.07	211.737
3017.54	214.113
3018.01	217.083
3018.48	213.691
3018.95	227.334
3019.41	230.836
3019.88	213.018
3020.35	199.905
3020.81	202.664
3021.05	212
3021.52	196
3021.99	193
3022.46	233
3022.93	204
3023.4	203
3023.87	227
3024.34	223
3024.81	240
3025.28	199
3025.75	196
3026.22	211
3026.69	207
3027.16	210
3027.63	200
3028.1	207
3028.57	195
3029.04	188
3029.51	212
3029.98	197
3030.44	190
3030.91	197
3031.38	209
3031.85	192
3032.32	178
3032.79	186
3033.26	178
3033.73	181
3034.2	195
3034.67	198
3035.14	173
3035.6	190
3036.07	187
3036.54	199
3037.01	187
3037.48	168
3037.95	168
3038.42	183
3038.89	170
3039.35	183
3039.82	169
3040.29	152
3040.76	167
3041.23	163
3041.7	158
3042.16	163
3042.63	156
3043.1	155
3043.57	153.5
3044.04	152
3044.5	153
3044.97	164
3045.44	161
3045.91	161
3046.37	151
3046.84	164
3047.31	149
3047.78	171
3048.24	147
3048.71	153
3049.18	158
3049.65	163
3050.11	153
3050.58	158
3051.05	155
3051.52	149
3051.98	162
3052.45	153
3052.92	156
3053.38	157
3053.85	151
3054.32	156
3054.78	159
3055.25	154
3055.72	162
3056.18	163
3056.65	161
3057.12	154
3057.58	161
3058.05	163
3058.52	158
3058.98	170
3059.45	157
3059.91	159
3060.38	161
3060.85	154
3061.31	158
3061.78	168
3062.25	165
3062.71	166
3063.18	164
3063.64	158
3064.11	160
3064.57	148
3065.04	158
3065.5	171
3065.97	174
3066.44	186
3066.9	187
3067.37	185
3067.83	176
3068.3	175
3068.76	176
3069.23	187
3069.69	190
3070.16	172
3070.62	179
3071.09	168
3071.55	190
3072.02	181
3072.48	158
3072.95	170
3073.41	186
3073.88	181
3074.34	188
3074.8	164
3075.27	166
3075.73	174
3076.2	179
3076.66	186
3077.13	176
3077.59	163
3078.06	168
3078.52	147
3078.98	154
3079.45	147
3079.91	167
3080.38	157
3080.84	162
3081.3	158
3081.77	152
3082.23	155
3082.69	178
3083.16	154
3083.62	141
3084.09	165
3084.55	146
3085.01	150
3085.48	152
3085.94	160
3086.4	154
3086.87	139
3087.33	142
3087.79	133
3088.26	161
3088.72	145
3089.18	148
3089.64	137
3090.11	148
3090.57	145
3091.03	154
3091.5	144
3091.96	147
3092.42	145
3092.88	137
3093.35	147
3093.81	147
3094.27	159
3094.73	136
3095.19	146
3095.66	152
3096.12	143
3096.58	145
3097.04	130
3097.51	143
3097.97	136
3098.43	147
3098.89	154
3099.35	143
3099.82	158
3100.28	154
3100.74	156
3101.2	149
3101.66	155
3102.12	145
3102.59	165
3103.05	158
3103.51	166
3103.97	170
3104.43	147
3104.89	179
3105.35	158
3105.81	157
3106.28	172
3106.74	159
3107.2	151
3107.66	155
3108.12	149
3108.58	173
3109.04	157
3109.5	153
3109.96	158
3110.42	141
3110.88	156
3111.34	166
3111.8	158
3112.26	153
3112.73	153
3113.19	150
3113.65	149
3114.11	157
3114.57	156
3115.03	140
3115.49	146
3115.95	151
3116.41	151
3116.87	143
3117.33	149
3117.79	150
3118.25	140
3118.71	157
3119.17	147
3119.63	143
3120.09	147
3120.55	149
3121	130
3121.46	142
3121.92	152
3122.38	141
3122.84	145
3123.3	139
3123.76	123
3124.22	142
3124.68	126
3125.14	111
3125.6	128
3126.06	126
3126.51	110
3126.97	121
3127.43	132
3127.89	117
3128.35	125
3128.81	130
3129.27	116
3129.73	131
3130.18	113
3130.64	112
3131.1	122
3131.56	127
3132.02	122
3132.48	126
3132.93	125
3133.39	117
3133.85	118
3134.31	130
3134.77	115
3135.22	134
3135.68	119
3136.14	124
3136.6	120
3137.06	113
3137.51	107
3137.97	114
3138.43	106
3138.89	127
3139.34	126
3139.8	130
3140.26	126
3140.72	136
3141.17	138
3141.63	130
3142.09	125
3142.54	119
3143	120
3143.46	133
3143.91	119
3144.37	127
3144.83	117
3145.29	134
3145.74	129
3146.2	135
3146.66	130
3147.11	150
3147.57	145
3148.03	127
3148.48	144
3148.94	140
3149.39	138
3149.85	135
3150.31	143
3150.76	142
3151.22	137
3151.68	127
3152.13	144
3152.59	137
3153.04	148
3153.5	132
3153.96	152
3154.41	146
3154.87	145
3155.32	143
3155.78	133
3156.23	146
3156.69	164
3157.15	135
3157.6	139
3158.06	149
3158.51	154
3158.97	147
3159.42	148
3159.88	136
3160.33	137
3160.79	139
3161.24	159
3161.7	150
3162.15	141
3162.61	146
3163.06	157
3163.52	156
3163.97	135
3164.43	150
3164.88	151
3165.34	134
3165.79	124
3166.25	126
3166.7	120
3167.16	134
3167.61	128
3168.06	141
3168.52	139
3168.97	128
3169.43	124
3169.88	121
3170.34	127
3170.79	122
3171.24	122
3171.7	130
3172.15	129
3172.6	132
3173.06	127
3173.51	139
3173.97	117
3174.42	120
3174.87	114
3175.33	128
3175.78	143
3176.23	120
3176.69	123
3177.14	116
3177.59	123
3178.05	125
3178.5	121
3178.95	127
3179.41	117
3179.86	119
3180.31	114
3180.77	122
3181.22	120
3181.67	112
3182.12	115
3182.58	133
3183.03	124
3183.48	121
3183.93	111
3184.39	123
3184.84	121
3185.29	133
3185.75	115
3186.2	133
3186.65	127
3187.1	121
3187.55	129
3188.01	117
3188.46	128
3188.91	122
3189.36	135
3189.81	122
3190.27	120
3190.72	126
3191.17	141
3191.62	125
3192.07	124
3192.53	133
3192.98	116
3193.43	130
3193.88	136
3194.33	130
3194.78	127
3195.23	132
3195.69	131
3196.14	123
3196.59	138
3197.04	115
3197.49	124
3197.94	142
3198.39	134
3198.84	150
3199.3	130
3199.75	133
3200.2	116
3200.65	133
3201.1	122
3201.55	130
3202	142
3202.45	145
3202.9	130
3203.35	135
3203.8	136
3204.25	154
3204.7	131
3205.15	141
3205.6	143
3206.05	133
3206.5	133
3206.95	122
3207.4	142
3207.85	126
3208.3	125
3208.75	133
3209.2	134
3209.65	133
3210.1	126
3210.55	127
3211	128
3211.45	133
3211.9	121
3212.35	130
3212.8	122
3213.25	124
3213.7	130
3214.15	129
3214.6	145
3215.05	112
3215.5	130
3215.95	134
3216.4	130
3216.84	130
3217.29	134
3217.74	136
3218.19	131
3218.64	130
3219.09	124
3219.54	131
3219.99	131
3220.43	124
3220.88	124
3221.33	121
3221.78	139
3222.23	133
3222.68	111
3223.13	119
3223.57	112
3224.02	134
3224.47	131
3224.92	133
3225.37	126
3225.81	121
3226.26	134
3226.71	127
3227.16	133
3227.61	117
3228.05	123
3228.5	124
3228.95	130
3229.4	117
3229.84	125
3230.29	119
3230.74	127
3231.19	140
3231.64	115
3232.08	119
3232.53	132
3232.98	131
3233.42	136
3233.87	135
3234.32	119
3234.76	140
3235.21	116
3235.66	138
3236.11	120
3236.55	134
3237	131
3237.45	114
3237.89	116
3238.34	112
3238.79	132
3239.23	130
3239.68	131
3240.13	124
3240.57	117
3241.02	124
3241.47	142
3241.91	121
3242.36	113
3242.81	130
3243.25	131
3243.7	103
3244.14	123
3244.59	132
3245.03	108
3245.48	127
3245.93	117
3246.37	118
3246.82	128
3247.26	121
3247.71	128
3248.16	122
3248.6	105
3249.05	125
3249.49	111
3249.94	123
3250.38	125
3250.83	115
3251.27	107
3251.72	119
3252.16	125
3252.61	122
3253.05	119
3253.5	126
3253.94	122
3254.39	119
3254.83	110
3255.28	118
3255.72	118
3256.17	116
3256.61	114
3257.06	129
3257.5	106
3257.95	111
3258.39	108
3258.84	110
3259.28	113
3259.72	104
3260.17	116
3260.61	126
3261.06	120
3261.5	95
3261.95	116
3262.39	112
3262.83	109
3263.28	119
3263.72	125
3264.17	115
3264.61	107
3265.05	124
3265.5	121
3265.94	114
3266.38	115
3266.83	116
3267.27	105
3267.72	121
3268.16	111
3268.6	114
3269.05	118
3269.49	110
3269.93	121
3270.38	109
3270.82	124
3271.26	120
3271.71	126
3272.15	114
3272.59	106
3273.03	106
3273.48	113.5
3273.92	121
3274.36	121
3274.81	115
3275.25	114
3275.69	115
3276.13	108
3276.58	125
3277.02	127
3277.46	118
3277.9	131
3278.34	133
3278.79	100
3279.23	131
3279.67	122
3280.11	117
3280.56	124
3281	109
3281.44	124
3281.88	114
3282.32	116
3282.77	109
3283.21	113
3283.65	126
3284.09	109
3284.53	132
3284.98	112
3285.42	129
3285.86	129
3286.3	111
3286.74	122
3287.18	119
3287.62	111
3288.06	117
3288.51	116
3288.95	108
3289.39	122
3289.83	105
3290.27	121
3290.71	103
3291.15	108
3291.59	120
3292.03	118
3292.48	104
3292.92	115
3293.36	100
3293.8	113
3294.24	98
3294.68	98
3295.12	104
3295.56	106
3296	95
3296.44	100
3296.88	105
3297.32	96
3297.76	102
3298.2	110
3298.64	97
3299.08	98
3299.52	88
3299.96	102
3300.4	109
3300.84	113
3301.28	116
3301.72	86
3302.16	104
3302.6	89
3303.04	94
3303.48	95
3303.92	113
3304.36	89
3304.8	95
3305.24	101
3305.68	92
3306.12	93
3306.56	98
3307	96
3307.44	119
3307.87	99
3308.31	100
3308.75	110
3309.19	94
3309.63	102
3310.07	106
3310.51	99
3310.95	93
3311.39	104
3311.82	100
3312.26	112
3312.7	109
3313.14	100
3313.58	116
3314.02	112
3314.46	106
3314.89	106
3315.33	124
3315.77	105
3316.21	114
3316.65	94
3317.09	108
3317.52	106
3317.96	108
3318.4	113
3318.84	103
3319.28	121
3319.71	127
3320.15	102
3320.59	112
3321.03	127
3321.46	95
3321.9	108
3322.34	105
3322.78	116
3323.22	111
3323.65	116
3324.09	110
3324.53	107
3324.96	104
3325.4	105
3325.84	91
3326.28	127
3326.71	127
3327.15	116
3327.59	116
3328.02	115
3328.46	103
3328.9	110
3329.33	109
3329.77	112
3330.21	110
3330.65	119
3331.08	119
3331.52	118
3331.95	120
3332.39	105
3332.83	102
3333.26	114
3333.7	111
3334.14	101
3334.57	105
3335.01	112
3335.44	108
3335.88	107
3336.32	106
3336.75	94
3337.19	99
3337.63	113
3338.06	97
3338.5	107
3338.93	103
3339.37	92
3339.8	97
3340.24	110
3340.68	100
3341.11	101
3341.55	91
3341.98	111
3342.42	88
3342.85	103
3343.29	95
3343.72	104
3344.16	93
3344.59	98
3345.03	109
3345.46	96
3345.9	88
3346.33	98
3346.77	104
3347.2	101
3347.64	111
3348.07	103
3348.51	91
3348.94	97
3349.38	99
3349.81	88
3350.25	98
3350.68	92
3351.12	104
3351.55	95
3351.99	104
3352.42	97
3352.85	107
3353.29	95
3353.72	85
3354.16	107
3354.59	92
3355.02	108
3355.46	102
3355.89	92
3356.33	105
3356.76	102
3357.19	93
3357.63	96
3358.06	103
3358.49	99
3358.93	97
3359.36	98
3359.8	103
3360.23	94
3360.66	99
3361.1	86
3361.53	96
3361.96	99
3362.4	106
3362.83	108
3363.26	104
3363.7	110
3364.13	95
3364.56	89
3364.99	100
3365.43	104
3365.86	110
3366.29	101
3366.73	103
3367.16	101
3367.59	104
3368.02	107
3368.46	105
3368.89	107
3369.32	110
3369.75	113
3370.19	114
3370.62	113
3371.05	109
3371.48	111
3371.92	111
3372.35	99
3372.78	109
3373.21	108
3373.64	100
3374.08	119
3374.51	100
3374.94	107
3375.37	103
3375.8	106
3376.24	109
3376.67	99
3377.1	109
3377.53	106
3377.96	106
3378.39	86
3378.82	100
3379.26	111
3379.69	95
3380.12	96
3380.55	105
3380.98	98
3381.41	99
3381.84	113
3382.28	104
3382.71	98
3383.14	98
3383.57	103
3384	109
3384.43	114
3384.86	112
3385.29	104
3385.72	99
3386.15	89
3386.58	102
3387.02	104
3387.45	98
3387.88	93
3388.31	85
3388.74	110
3389.17	107
3389.6	95
3390.03	111
3390.46	99
3390.89	87.9657
3391.32	90.8423
3391.75	95.035
3392.18	97.0598
3392.61	94.0085
3393.04	87.3984
3393.47	103.251
3393.9	107.302
3394.33	112.027
3394.76	98.9376
3395.19	103.416
3395.62	92.9378
3396.05	97.6951
3396.48	98.666
3396.91	98.8109
3397.34	94.9259
3397.76	93.0837
3398.19	111.882
3398.62	93.6373
3399.05	90.148
3399.48	102.832
3399.91	93.0291
3400.34	90.0481
3400.77	94.7416
3401.2	92.3103
3401.63	93.1909
3402.06	97.0325
3402.49	97.6416
3402.91	94.653
3403.34	97.7272
3403.77	92.4152
3404.2	91.2535
3404.63	91.7947
3405.06	100.556
3405.49	96.5024
3405.92	98.8303
3406.34	98.3796
3406.77	98.6596
3407.2	99.4136
3407.63	102.125
3408.06	93.3917
3408.49	99.0786
3408.91	106.237
3409.34	92.3456
3409.77	95.3269
3410.2	98.5557
3410.63	98.2804
3411.05	96.961
3411.48	96.9617
3411.91	97.1879
3412.34	104.356
3412.77	96.4461
3413.19	95.0904
3413.62	96.7991
3414.05	96.9699
3414.48	97.0699
3414.9	91.7975
3415.33	90.0343
3415.76	93.9754
3416.19	96.6638
3416.61	97.2929
3417.04	94.041
3417.47	94.3232
3417.9	100.479
3418.32	95.4769
3418.75	96.8346
3419.18	105.49
3419.61	91.3425
3420.03	103.594
3420.46	98.8235
3420.89	94.8032
3421.31	95.3867
3421.74	98.362
3422.17	98.2418
3422.59	91.2336
3423.02	93.3181
3423.45	87.1
3423.87	98.0598
3424.3	94.8554
3424.73	89.6711
3425.15	98.0953
3425.58	90.4054
3426.01	92.4016
3426.43	94.7649
3426.86	98.9752
3427.28	89.3922
3427.71	91.9906
3428.14	88.6417
3428.56	88.6471
3428.99	87.6398
3429.42	90.802
3429.84	93.2077
3430.27	87.3207
3430.69	93.3185
3431.12	99.0527
3431.54	79.8232
3431.97	84.154
3432.4	88.9356
3432.82	97.6737
3433.25	87.6857
3433.67	76.9959
3434.1	94.951
3434.52	91
3434.95	95
3435.37	91
3435.8	85
3436.23	81
3436.66	82
3437.09	95
3437.51	96
3437.94	99
3438.37	93
3438.8	89
3439.23	98
3439.66	89
3440.08	85
3440.51	89
3440.94	105
3441.37	97
3441.79	95
3442.22	89
3442.65	87
3443.08	96
3443.51	96
3443.93	99
3444.36	98
3444.79	90
3445.22	94
3445.64	96
3446.07	100
3446.5	85
3446.92	102
3447.35	96
3447.78	98
3448.21	90
3448.63	84
3449.06	81
3449.49	101
3449.91	99
3450.34	94
3450.77	88
3451.19	102
3451.62	84
3452.05	87
3452.47	93
3452.9	93
3453.33	82
3453.75	103
3454.18	89
3454.61	87
3455.03	85
3455.46	98
3455.89	96
3456.31	89
3456.74	80
3457.16	91
3457.59	95
3458.02	89
3458.44	100
3458.87	92
3459.29	88
3459.72	86
3460.15	84
3460.57	93
3461	87
3461.42	100
3461.85	83
3462.27	96
3462.7	87
3463.13	94
3463.55	76
3463.98	80
3464.4	80
3464.83	85
3465.25	89
3465.68	96
3466.1	90
3466.53	83
3466.95	81
3467.38	97
3467.8	81
3468.23	91
3468.65	89
3469.08	78
3469.5	92
3469.93	94
3470.35	100
3470.78	92
3471.2	89
3471.63	79
3472.05	84
3472.48	92
3472.9	81
3473.32	104
3473.75	95
3474.17	81
3474.6	94
3475.02	90
3475.45	88
3475.87	101
3476.29	88
3476.72	89
3477.14	102
3477.57	104
3477.99	81
3478.41	83
3478.84	86
3479.26	98
3479.69	100
3480.11	94
3480.53	95
3480.96	86
3481.38	105
3481.8	88
3482.23	88
3482.65	89
3483.07	101
3483.5	95
3483.92	96
3484.34	97
3484.77	91
3485.19	99
3485.61	96
3486.04	87
3486.46	102
3486.88	88
3487.31	91
3487.73	89
3488.15	99
3488.57	101
3489	89
3489.42	92
3489.84	99
3490.27	86
3490.69	90
3491.11	95
3491.53	90
3491.96	91
3492.38	100
3492.8	99
3493.22	84
3493.64	101
3494.07	87
3494.49	88
3494.91	87
3495.33	89
3495.76	87
3496.18	90
3496.6	82
3497.02	93
3497.44	87
3497.86	90
3498.29	75
3498.71	79
3499.13	82
3499.55	84
3499.97	90
3500.4	103
3500.82	88
3501.24	86
3501.66	81
3502.08	91
3502.5	87
3502.92	81
3503.34	79
3503.77	83
3504.19	73
3504.61	73
3505.03	81
3505.45	80
3505.87	83
3506.29	88
3506.71	81
3507.14	80
3507.56	87
3507.98	75
3508.4	75
3508.82	85
3509.24	86
3509.66	79
3510.08	79
3510.5	84
3510.92	84
3511.34	93
3511.76	85
3512.18	80
3512.6	87
3513.02	84
3513.44	75
3513.86	96
3514.28	91
3514.7	90
3515.12	87
3515.54	80
3515.96	97
3516.38	90
3516.8	93
3517.22	88
3517.64	97
3518.06	96
3518.48	94
3518.9	94
3519.32	94
3519.74	88
3520.16	100
3520.58	94
3521	98
3521.42	98
3521.84	93
3522.26	92
3522.68	91
3523.09	98
3523.51	95
3523.93	101
3524.35	83
3524.77	102
3525.19	96
3525.61	112
3526.03	97
3526.45	104
3526.87	95
3527.28	96
3527.7	91
3528.12	89
3528.54	104
3528.96	92
3529.38	106
3529.8	100
3530.21	105
3530.63	78
3531.05	108
3531.47	83
3531.89	100
3532.31	93
3532.72	97
3533.14	87
3533.56	97
3533.98	93
3534.4	109
3534.81	97
3535.23	85
3535.65	98
3536.07	86
3536.49	78
3536.9	89
3537.32	83
3537.74	92
3538.16	82
3538.57	93
3538.99	76
3539.41	85
3539.83	72
3540.24	89
3540.66	85
3541.08	97
3541.5	78
3541.91	82
3542.33	84
3542.75	80
3543.16	95
3543.58	81
3544	78
3544.42	80
3544.83	89
3545.25	90
3545.67	82
3546.08	80
3546.5	81
3546.92	88
3547.33	81
3547.75	76
3548.17	76
3548.58	82
3549	78
3549.41	80
3549.83	76
3550.25	91
3550.66	70
3551.08	89
3551.5	95
3551.91	86
3552.33	81
3552.74	86
3553.16	83
3553.58	81
3553.99	79
3554.41	84
3554.82	87
3555.24	82
3555.66	80
3556.07	86
3556.49	87
3556.9	86
3557.32	94
3557.73	71
3558.15	86
3558.57	96
3558.98	88
3559.4	85
3559.81	89
3560.23	95
3560.64	85
3561.06	92
3561.47	94
3561.89	102
3562.3	102
3562.72	103
3563.13	97
3563.55	93
3563.96	102
3564.38	97
3564.79	91
3565.21	102
3565.62	96
3566.04	101
3566.45	105
3566.86	103
3567.28	108
3567.69	115
3568.11	106
3568.52	101
3568.94	98
3569.35	101
3569.77	117
3570.18	97
3570.59	94
3571.01	108
3571.42	100
3571.84	97
3572.25	111
3572.66	105
3573.08	108
3573.49	96
3573.91	111
3574.32	108
3574.73	100
3575.15	107
3575.56	100
3575.97	104
3576.39	107
3576.8	90
3577.22	83
3577.63	93
3578.04	100
3578.46	85
3578.87	94
3579.28	94
3579.7	94
3580.11	95
3580.52	82
3580.93	90
3581.35	100
3581.76	85
3582.17	92
3582.59	84
3583	73
3583.41	79
3583.83	84
3584.24	90
3584.65	82
3585.06	80
3585.48	82
3585.89	79
3586.3	74
3586.71	78
3587.13	71
3587.54	73
3587.95	84
3588.36	75
3588.78	76
3589.19	79
3589.6	78
3590.01	78
3590.42	82
3590.84	80
3591.25	69
3591.66	77
3592.07	77
3592.48	74
3592.9	76
3593.31	82
3593.72	89
3594.13	79
3594.54	91
3594.95	86
3595.37	77
3595.78	82
3596.19	77
3596.6	84
3597.01	76
3597.42	81
3597.84	78
3598.25	76
3598.66	71
3599.07	82
3599.48	78
3599.89	86
3600.3	89
3600.71	86
3601.12	82
3601.53	93
3601.95	73
3602.36	85
3602.77	87
3603.18	88
3603.59	88
3604	93
3604.41	92
3604.82	88
3605.23	79
3605.64	94
3606.05	91
3606.46	95
3606.87	94
3607.28	88
3607.69	96
3608.1	98
3608.51	105
3608.93	91
3609.33	100
3609.74	99
3610.15	102
3610.56	103
3610.97	95
3611.38	116
3611.79	94
3612.2	112
3612.61	98
3613.02	96
3613.43	102
3613.84	120
3614.25	94
3614.66	110
3615.07	105
3615.48	101
3615.89	106
3616.3	94
3616.71	98
3617.12	106
3617.53	105
3617.94	109
3618.35	108
3618.76	95
3619.16	113
3619.57	106
3619.98	107
3620.39	103
3620.8	117
3621.21	117
3621.62	96
3622.03	94
3622.44	107
3622.84	97
3623.25	96
3623.66	92
3624.07	108
3624.48	92
3624.89	87
3625.3	82
3625.7	81
3626.11	78
3626.52	95
3626.93	94
3627.34	93
3627.75	98
3628.15	80
3628.56	87
3628.97	86
3629.38	81
3629.79	89
3630.19	88
3630.6	73
3631.01	77
3631.42	80
3631.83	77
3632.23	77
3632.64	80
3633.05	87
3633.46	85
3633.86	82
3634.27	77
3634.68	85
3635.09	73
3635.49	74
3635.9	81
3636.31	81
3636.72	81
3637.12	79
3637.53	72
3637.94	87
3638.34	90
3638.75	88
3639.16	79
3639.56	82
3639.97	90
3640.38	89
3640.79	83
3641.19	94
3641.6	69
3642.01	85
3642.41	85
3642.82	80
3643.23	87
3643.63	88
3644.04	79
3644.45	84
3644.85	92
3645.26	84
3645.66	90
3646.07	94
3646.48	86
3646.88	93
3647.29	82
3647.69	91
3648.1	96
3648.51	86
3648.91	91
3649.32	99
3649.73	97
3650.13	107
3650.54	97
3650.94	87
3651.35	99
3651.75	89
3652.16	102
3652.57	100
3652.97	103
3653.38	106
3653.78	107
3654.19	104
3654.59	92
3655	106
3655.4	102
3655.81	107
3656.21	100
3656.62	101
3657.02	103
3657.43	111
3657.83	107
3658.24	110
3658.64	101
3659.05	105
3659.45	99
3659.86	103
3660.26	97
3660.67	107
3661.07	104
3661.48	102
3661.88	112
3662.29	101
3662.69	107
3663.1	108
3663.5	110
3663.9	101
3664.31	103.5
3664.71	106
3665.12	108
3665.52	100
3665.93	100
3666.33	104
3666.73	89
3667.14	88
3667.54	94
3667.95	95
3668.35	92
3668.75	91
3669.16	89
3669.56	89
3669.97	93
3670.37	104
3670.77	96
3671.18	83
3671.58	94
3671.98	105
3672.39	90
3672.79	88
3673.19	86
3673.6	91
3674	95
3674.4	89
3674.81	75
3675.21	83
3675.61	94
3676.02	85
3676.42	77
3676.82	89
3677.23	82
3677.63	92
3678.03	85
3678.44	90
3678.84	98
3679.24	93
3679.64	95
3680.05	94
3680.45	96
3680.85	84
3681.25	98
3681.66	90
3682.06	94
3682.46	86
3682.86	99
3683.27	89
3683.67	87
3684.07	101
3684.47	86
3684.88	99
3685.28	100
3685.68	101
3686.08	103
3686.48	94
3686.89	91
3687.29	104
3687.69	110
3688.09	97
3688.49	100
3688.9	108
3689.3	109
3689.7	109
3690.1	118
3690.5	111
3690.9	107
3691.3	104
3691.71	102
3692.11	101
3692.51	117
3692.91	121
3693.31	116
3693.71	112
3694.11	110
3694.52	104
3694.92	107
3695.32	116
3695.72	112
3696.12	120
3696.52	122
3696.92	118
3697.32	107
3697.72	108
3698.13	119
3698.53	101
3698.93	111
3699.33	115
3699.73	120
3700.13	115
3700.53	112
3700.93	113
3701.33	94
3701.73	103
3702.13	109
3702.53	120
3702.93	100
3703.33	88
3703.73	92
3704.13	88
3704.53	99
3704.93	93
3705.33	96
3705.73	92
3706.13	100
3706.53	88
3706.93	100
3707.33	94
3707.73	92
3708.13	85
3708.53	90
3708.93	80
3709.33	83
3709.73	89
3710.13	85
3710.53	93
3710.93	81
3711.33	86
3711.73	81
3712.13	83
3712.53	82
3712.93	85
3713.33	85
3713.73	72
3714.12	87
3714.52	71
3714.92	80
3715.32	70
3715.72	82
3716.12	81
3716.52	74
3716.92	79
3717.32	72
3717.71	83
3718.11	67
3718.51	87
3718.91	76
3719.31	79
3719.71	74
3720.11	84
3720.51	70
3720.9	76
3721.3	79
3721.7	80
3722.1	88
3722.5	81
3722.89	74
3723.29	70
3723.69	79
3724.09	85
3724.49	79
3724.89	68
3725.28	86
3725.68	87
3726.08	89
3726.48	83
3726.88	87
3727.27	90
3727.67	92
3728.07	85
3728.47	93
3728.86	105
3729.26	92
3729.66	96
3730.06	87
3730.45	90
3730.85	87
3731.25	95
3731.65	91
3732.04	101
3732.44	97
3732.84	91
3733.23	102
3733.63	101
3734.03	97
3734.43	101
3734.82	109
3735.22	98
3735.62	100
3736.01	108
3736.41	94
3736.81	110
3737.2	112
3737.6	112
3738	100
3738.39	119
3738.79	88
3739.19	111
3739.58	104
3739.98	97
3740.38	114
3740.77	108
3741.17	93
3741.57	110
3741.96	127
3742.36	115
3742.75	122
3743.15	111
3743.55	108
3743.94	111
3744.34	101
3744.74	94
3745.13	111
3745.53	120
3745.92	110
3746.32	97
3746.71	107
3747.11	111
3747.51	98
3747.9	99
3748.3	108
3748.69	103
3749.09	110
3749.48	94
3749.88	108
3750.27	111
3750.67	104
3751.06	123
3751.46	102
3751.86	103
3752.25	109
3752.65	109
3753.04	99
3753.44	92
3753.83	96
3754.23	99
3754.62	105
3755.02	98
3755.41	89
3755.81	96
3756.2	94
3756.6	98
3756.99	92
3757.38	97
3757.78	84
3758.17	97
3758.57	96
3758.96	90
3759.36	95
3759.75	102
3760.15	82
3760.54	97
3760.93	99
3761.33	93
3761.72	96
3762.12	102
3762.51	84
3762.9	89
3763.3	82
3763.69	90
3764.09	99
3764.48	93
3764.88	87
3765.27	99
3765.66	96
3766.06	89
3766.45	100
3766.84	98
3767.24	113
3767.63	105
3768.02	102
3768.42	107
3768.81	109
3769.2	120
3769.6	112
3769.99	99
3770.39	114
3770.78	103
3771.17	114
3771.56	104
3771.96	121
3772.35	113.955
3772.74	119.885
3773.14	105.341
3773.53	114.386
3773.92	132.345
3774.31	118.183
3774.71	115.42
3775.1	120.851
3775.49	119.912
3775.89	128.485
3776.28	118.368
3776.67	120.536
3777.06	118.177
3777.46	120.271
3777.85	122.095
3778.24	124.163
3778.63	122.596
3779.03	119.061
3779.42	114.487
3779.81	117.368
3780.2	121.694
3780.6	113.988
3780.99	119.768
3781.38	117.768
3781.77	120.428
3782.16	117.909
3782.56	119.212
3782.95	126.072
3783.34	114.89
3783.73	111.692
3784.12	104.565
3784.52	112.895
3784.91	104.377
3785.3	97.8287
3785.69	105.453
3786.08	103.672
3786.47	102.488
3786.87	97.7246
3787.26	99.8767
3787.65	101.068
3788.04	99.361
3788.43	92.4603
3788.82	99.4698
3789.21	102.863
3789.61	98.9253
3790	95.7631
3790.39	88.8677
3790.78	90.4691
3791.17	84.0294
3791.56	83.9081
3791.95	86.3559
3792.34	84.9886
3792.73	88.6745
3793.13	88.5929
3793.52	82.905
3793.91	86.0498
3794.3	81.3757
3794.69	83.7383
3795.08	78.604
3795.47	76.7475
3795.86	87.3193
3796.25	83.0706
3796.64	76.1331
3797.03	80.1041
3797.42	73.1072
3797.81	73.9372
3798.2	75.6257
3798.59	69.2679
3798.98	80.6704
3799.38	73.781
3799.77	79.3578
3800.16	74.8179
3800.55	74.9247
3800.94	85.41
3801.33	84.3948
3801.72	83.176
3802.11	78.9871
3802.5	79.9885
3802.89	78.2481
3803.28	81.975
3803.67	82.0315
3804.06	79.5686
3804.45	87.8876
3804.83	81.3754
3805.22	78.3624
3805.61	83.7608
3806	69.7685
3806.39	80.6235
3806.78	84.8513
3807.17	92.512
3807.56	89.7005
3807.95	82
3808.34	83.3616
3808.73	87.7816
3809.12	92.8329
3809.51	95.2226
3809.9	94.2914
3810.29	95.7734
3810.68	93.0175
3811.07	96.728
3811.45	85
3811.84	95
3812.23	112
3812.63	112
3813.02	96
3813.41	98
3813.8	109
3814.19	104
3814.58	104
3814.98	97
3815.37	108
3815.76	108
3816.15	114
3816.54	113
3816.93	118
3817.32	102
3817.71	120
3818.11	119
3818.5	111
3818.89	125
3819.28	107
3819.67	109
3820.06	123
3820.45	115
3820.84	118
3821.23	115
3821.63	122
3822.02	105
3822.41	111
3822.8	118
3823.19	120
3823.58	99
3823.97	106
3824.36	124
3824.75	106
3825.14	106
3825.53	109
3825.92	120
3826.31	109
3826.7	124
3827.09	110
3827.48	113
3827.87	116
3828.26	96
3828.66	112
3829.04	116
3829.44	106
3829.83	100
3830.22	106
3830.61	104.5
3830.99	103
3831.39	98
3831.78	88
3832.16	87
3832.55	95
3832.94	87
3833.33	93
3833.72	97
3834.11	83
3834.5	93
3834.89	86
3835.28	88.5
3835.67	91
3836.06	96
3836.45	75
3836.84	88
3837.23	80
3837.62	83
3838.01	74
3838.4	72
3838.79	95
3839.17	72
3839.56	82
3839.95	87
3840.34	76
3840.73	95
3841.12	77
3841.51	86
3841.9	82
3842.29	89
3842.67	86
3843.06	86
3843.45	84
3843.84	80
3844.23	83
3844.62	72
3845.01	87
3845.4	95
3845.78	87
3846.17	99
3846.56	83
3846.95	83
3847.34	95
3847.72	98
3848.11	85
3848.5	97
3848.89	86
3849.28	97
3849.67	106
3850.05	95
3850.44	89
3850.83	100
3851.22	93
3851.61	104
3851.99	94
3852.38	101
3852.77	101
3853.16	109
3853.54	124
3853.93	119
3854.32	106
3854.71	110
3855.09	108
3855.48	116
3855.87	113
3856.26	118
3856.64	115
3857.03	124
3857.42	112
3857.81	121
3858.19	106
3858.58	113
3858.97	121
3859.35	103
3859.74	121
3860.13	121
3860.51	124
3860.9	117
3861.29	116
3861.67	123
3862.06	121
3862.45	123
3862.84	123
3863.22	121
3863.61	112
3864	122
3864.38	117
3864.77	132
3865.16	130
3865.54	128
3865.93	116
3866.31	110
3866.7	121
3867.09	111
3867.47	107
3867.86	104
3868.25	112
3868.63	119
3869.02	106
3869.4	102
3869.79	101
3870.18	98
3870.56	115
3870.95	100
3871.33	93
3871.72	95
3872.1	94
3872.49	99
3872.88	106
3873.26	89
3873.65	90
3874.03	84
3874.42	88
3874.8	88
3875.19	90
3875.57	91
3875.96	84
3876.35	88
3876.73	96
3877.12	85
3877.5	86
3877.89	95
3878.27	82
3878.66	85
3879.04	68
3879.43	87
3879.81	81
3880.2	82
3880.58	79
3880.97	88
3881.35	86
3881.74	79
3882.12	90
3882.51	79
3882.89	78
3883.27	91
3883.66	82
3884.04	93
3884.43	80
3884.81	70
3885.2	90
3885.58	92
3885.97	78
3886.35	96
3886.73	83
3887.12	82
3887.5	90
3887.89	90
3888.27	88
3888.65	76
3889.04	92
3889.42	88
3889.81	100
3890.19	83
3890.57	90
3890.96	96
3891.34	90
3891.73	92
3892.11	92
3892.49	99
3892.88	94
3893.26	98
3893.64	108
3894.03	93
3894.41	115
3894.79	102
3895.18	93
3895.56	106
3895.94	105
3896.33	103
3896.71	115
3897.09	114
3897.48	109
3897.86	104
3898.24	110
3898.63	101
3899.01	109
3899.39	118
3899.78	122
3900.16	113
3900.54	104
3900.92	122
3901.31	104
3901.69	113
3902.07	138
3902.46	111
3902.84	129
3903.22	120
3903.6	105
3903.99	119
3904.37	108
3904.75	130
3905.13	105
3905.52	119
3905.9	122
3906.28	122
3906.66	110
3907.04	124
3907.43	111
3907.81	129
3908.19	99
3908.57	124
3908.96	120
3909.34	108
3909.72	114
3910.1	110
3910.48	108
3910.86	121
3911.25	95
3911.63	97
3912.01	102
3912.39	112
3912.77	107
3913.15	104
3913.54	99
3913.92	104
3914.3	99
3914.68	85
3915.06	91
3915.44	87
3915.82	88
3916.21	83
3916.59	92
3916.97	90
3917.35	99
3917.73	89
3918.11	83
3918.49	87
3918.87	90
3919.25	81
3919.64	85
3920.02	79
3920.4	82
3920.78	71
3921.16	74
3921.54	85
3921.92	80
3922.3	78
3922.68	86
3923.06	77
3923.44	81
3923.82	75
3924.2	75
3924.58	84
3924.96	76
3925.34	89
3925.72	73
3926.1	66
3926.49	69
3926.87	81
3927.25	82
3927.63	77
3928.01	78
3928.39	78
3928.77	78
3929.15	78
3929.53	85
3929.91	86
3930.29	79
3930.67	84
3931.05	85
3931.43	88
3931.8	86
3932.18	84
3932.56	87
3932.94	83
3933.32	89
3933.7	81
3934.08	84
3934.46	82
3934.84	96
3935.22	91
3935.6	85
3935.98	108
3936.36	94
3936.74	90
3937.12	91
3937.5	93
3937.87	101
3938.25	95
3938.63	104
3939.01	101
3939.39	88
3939.77	99
3940.15	97
3940.53	91
3940.91	98
3941.28	83
3941.66	97
3942.04	90
3942.42	101
3942.8	106
3943.18	101
3943.56	98
3943.93	89
3944.31	105
3944.69	99
3945.07	98
3945.45	95
3945.83	93
3946.2	95
3946.58	97
3946.96	106
3947.34	100
3947.72	94
3948.1	96
3948.47	100
3948.85	88
3949.23	100
3949.61	97
3949.98	95
3950.36	105
3950.74	112
3951.12	107
3951.5	108
3951.87	99
3952.25	92
3952.63	93
3953.01	96
3953.38	101
3953.76	106
3954.14	99
3954.52	97
3954.89	95
3955.27	93
3955.65	93
3956.03	91
3956.4	100
3956.78	89
3957.16	81
3957.53	92
3957.91	91
3958.29	81
3958.66	114
3959.04	97
3959.42	89
3959.8	103
3960.17	91
3960.55	83
3960.93	88
3961.3	79
3961.68	91
3962.06	96
3962.43	85
3962.81	88
3963.19	86
3963.56	78
3963.94	96
3964.31	86
3964.69	90
3965.07	82
3965.44	86
3965.82	100
3966.2	98
3966.57	90
3966.95	100
3967.32	93
3967.7	103
3968.08	94
3968.45	88
3968.83	96
3969.2	104
3969.58	89
3969.96	109
3970.33	110
3970.71	105
3971.08	91
3971.46	107
3971.83	100
3972.21	96
3972.59	107
3972.96	127
3973.34	115
3973.71	124
3974.09	110
3974.46	129
3974.84	119
3975.21	117
3975.59	115
3975.96	126
3976.34	105
3976.71	132
3977.09	114
3977.46	123
3977.84	107
3978.21	127
3978.59	114
3978.96	123
3979.34	134
3979.71	116
3980.09	124
3980.46	125
3980.84	116
3981.21	113
3981.59	128
3981.96	107
3982.34	108
3982.71	117
3983.09	106
3983.46	116
3983.83	112
3984.21	118
3984.58	114
3984.96	114
3985.33	109
3985.71	108
3986.08	111
3986.45	111
3986.83	104
3987.2	101
3987.58	102
3987.95	96
3988.32	104
3988.7	96
3989.07	90
3989.45	80
3989.82	92
3990.19	92
3990.57	87
3990.94	93
3991.31	91
3991.69	79
3992.06	80
3992.44	82
3992.81	81
3993.18	78
3993.56	80
3993.93	82
3994.3	78
3994.68	86
3995.05	80
3995.42	74
3995.8	80
3996.17	79
3996.54	72
3996.91	73
3997.29	61
3997.66	71
3998.03	67
3998.41	64
3998.78	74
3999.15	73
3999.53	74
3999.9	70
