100.791	945
101.61	949
102.429	919
103.248	938
104.067	914
104.885	918
105.703	922
106.523	899
107.341	884
108.158	846
108.976	845
109.795	891
110.612	860
111.43	859
112.248	799
113.066	814
113.883	832
114.7	823
115.518	827
116.335	797
117.151	793
117.968	832
118.784	795
119.602	765
120.418	792
121.234	775
122.05	764
122.866	767
123.682	761
124.499	738
125.315	726
126.13	719
126.946	731
127.761	721
128.576	697
129.391	714
130.206	745
131.021	717
131.836	671
132.651	686
133.467	702
134.281	676
135.096	700
135.91	673
136.724	669
137.538	678
138.352	633
139.166	643
139.98	649
140.793	638
141.607	613
142.419	591
143.233	627
144.046	614
144.859	583
145.672	630
146.485	604
147.298	569
148.111	613
148.923	605
149.736	582
150.548	580
151.36	584
152.172	561
152.984	577
153.796	582
154.608	559
155.42	545
156.23	546
157.042	548
157.853	572
158.665	537
159.475	526
160.286	524
161.097	528
161.908	550
162.718	518
163.529	509
164.339	508
165.15	518
165.959	544
166.77	505
167.58	505
168.389	487
169.199	504
170.009	495
170.818	492
171.628	480
172.437	473
173.246	457
174.055	489
174.863	469
175.673	479
176.482	452
177.29	454
178.099	463
178.906	442
179.715	455
180.523	443
181.331	457
182.139	472
182.947	415
183.755	462
184.562	434
185.37	437
186.177	437
186.984	428
187.791	430
188.598	389
189.405	416
190.211	392
191.018	428
191.825	407
192.632	404
193.438	400
194.243	411
195.05	386
195.856	388
196.662	420
197.467	371
198.273	398
199.079	385
199.884	387
200.689	384
201.495	386
202.3	386
203.104	408
203.91	415
204.714	393
205.519	380
206.323	369
207.128	364
207.932	382
208.736	383
209.54	371
210.345	375
211.148	375
211.952	352
212.755	337
213.559	376
214.363	356
215.166	360
215.969	360
216.772	348
217.575	356
218.378	350
219.181	352
219.984	354
220.786	339
221.588	335
222.391	349
223.193	328
223.995	346
224.797	337
225.598	357
226.4	325
227.202	322
228.003	304
228.805	315
229.606	326
230.407	313
231.208	349
232.009	332
232.81	321
233.611	319
234.411	297
235.212	298
236.012	313
236.813	260
237.613	296
238.413	295
239.213	293
240.013	307
240.813	292
241.613	306
242.412	308
243.211	293
244.011	298
244.81	301
245.609	294
246.408	281
247.206	283
248.005	276
248.804	296
249.603	297
250.401	286
251.199	302
251.997	297
252.796	266
253.594	309
254.391	284
255.189	290
255.987	265
256.785	274
257.582	261
258.379	297
259.177	278
259.973	285
260.77	282
261.568	243
262.364	276
263.161	259
263.958	289
264.754	263
265.55	288
266.346	265
267.142	270
267.939	253
268.734	253
269.53	268
270.325	275
271.121	237
271.916	250
272.712	257
273.507	271
274.302	254
275.097	247
275.892	248
276.687	237
277.482	243
278.276	271
279.071	246
279.865	245
280.659	238
281.453	242
282.248	243
283.041	235
283.835	232
284.629	238
285.422	238
286.216	247
287.009	239
287.802	232
288.596	229
289.388	240
290.181	234
290.974	230
291.767	248
292.559	225
293.352	235
294.144	230
294.936	237
295.728	228
296.521	234
297.313	246
298.104	229
298.896	228
299.688	227
300.479	229
301.271	233
302.062	232
302.853	208
303.644	220
304.435	223
305.226	204
306.017	228
306.807	214
307.597	210
308.389	192
309.179	207
309.969	208
310.759	221
311.549	216
312.339	209
313.128	227
313.918	210
314.707	216
315.497	228
316.286	204
317.075	203
317.864	203
318.653	201
319.442	183
320.231	198
321.019	222
321.808	201
322.596	221
323.385	210
324.173	219
324.961	213
325.749	198
326.537	183
327.325	206
328.113	205
328.901	196
329.688	195
330.475	197
331.262	206
332.049	196
332.837	194
333.624	196
334.411	187
335.197	192
335.983	209
336.77	189
337.557	198
338.343	192
339.129	187
339.915	192
340.701	181
341.487	190
342.272	185
343.058	192
343.844	196
344.629	199
345.414	192
346.2	172
346.985	205
347.769	182
348.554	186
349.34	198
350.124	174
350.908	187
351.692	186
352.477	190
353.262	189
354.045	204
354.83	200
355.613	191
356.397	178
357.181	180
357.964	197
358.748	184
359.531	191
360.315	188
361.097	185
361.881	188
362.663	193
363.447	189
364.229	176
365.012	178
365.794	175
366.577	182
367.359	196
368.141	169
368.923	184
369.705	178
370.487	186
371.268	188
372.05	192
372.832	189
373.613	183
374.394	182
375.176	168
375.956	181
376.737	177
377.519	189
378.299	171
379.079	192
379.861	179
380.641	168
381.421	185
382.202	175
382.982	179
383.762	177
384.541	179
385.321	193
386.101	166
386.881	187
387.66	189
388.439	164
389.218	171
389.998	175
390.777	167
391.556	183
392.335	181
393.113	171
393.892	176
394.67	171
395.449	185
396.228	181
397.006	178
397.784	175
398.562	185
399.34	166
400.117	168
400.895	177
401.673	164
402.45	175
403.227	193
404.005	167
404.782	178
405.559	174
406.336	186
407.112	163
407.889	170
408.666	173
409.442	192
410.219	171
410.995	181
411.771	177
412.547	177
413.323	170
414.099	174
414.875	176
415.65	190
416.426	160
417.202	185
417.976	179
418.752	180
419.527	169
420.302	167
421.077	196
421.851	184
422.626	182
423.401	183
424.176	165
424.949	167
425.724	177
426.498	171
427.273	173
428.046	171
428.82	179
429.594	186
430.367	175
431.141	164
431.915	191
432.687	179
433.461	182
434.234	172
435.007	179
435.78	170
436.552	187
437.325	179
438.098	197
438.87	176
439.643	175
440.414	182
441.187	172
441.959	162
442.731	163
443.502	158
444.274	169
445.046	168
445.818	161
446.589	173
447.36	184
448.131	172
448.903	171
449.673	174
450.445	174
451.215	169
451.985	159
452.756	159
453.527	168
454.297	150
455.067	174
455.837	166
456.608	148
457.377	165
458.147	160
458.917	170
459.686	154
460.456	166
461.226	165
461.995	170
462.764	171
463.533	158
464.302	160
465.071	159
465.839	159
466.608	146
467.377	168
468.145	155
468.914	158
469.682	147
470.45	164
471.217	146
471.986	155
472.754	146
473.521	159
474.289	160
475.056	143
475.824	158
476.591	160
477.358	161
478.126	157
478.893	154
479.66	154
480.426	167
481.193	154
481.959	146
482.726	154
483.492	159
484.258	156
485.025	154
485.791	146
486.557	161
487.322	152
488.088	150
488.854	130
489.619	142
490.385	147
491.149	147
491.915	157
492.68	148
493.445	153
494.21	154
494.975	145
495.74	152
496.504	150
497.268	146
498.033	153
498.797	156
499.561	135
500.326	154
501.089	153
501.853	136
502.617	150
503.381	151
504.144	140
504.907	146
505.671	150
506.434	150
507.197	142
507.96	160
508.723	150
509.486	152
510.248	132
511.011	148
511.774	143
512.536	150
513.298	134
514.06	158
514.822	156
515.585	155
516.346	150
517.108	153
517.869	149
518.631	155
519.392	147
520.154	144
520.916	135
521.676	158
522.438	153
523.198	145
523.96	134
524.72	138
525.481	143
526.241	126
527.002	145
527.762	143
528.522	160
529.282	142
530.042	142
530.802	151
531.562	145
532.321	140
533.081	148
533.84	163
534.6	154
535.359	142
536.118	148
536.878	159
537.636	129
538.395	132
539.154	139
539.913	137
540.671	157
541.429	138
542.188	141
542.946	143
543.704	161
544.462	153
545.221	146
545.978	146
546.736	158
547.493	149
548.251	143
549.008	164
549.766	159
550.523	142
551.28	151
552.037	152
552.794	137
553.55	133
554.307	155
555.063	142
555.821	140
556.577	131
557.333	154
558.089	141
558.846	134
559.601	152
560.357	151
561.113	150
561.869	161
562.624	138
563.38	137
564.135	144
564.89	156
565.646	164
566.401	145
567.156	164
567.911	137
568.665	143
569.419	135
570.174	143
570.928	145
571.683	131
572.437	141
573.191	150
573.946	148
574.699	145
575.453	129
576.207	157
576.96	141
577.714	138
578.467	135
579.22	120
579.974	136
580.727	141
581.479	137
582.233	134
582.986	141
583.739	135
584.49	146
585.243	126
585.996	141
586.748	142
587.5	118
588.253	130
589.004	130
589.756	135
590.507	138
591.259	137
592.011	123
592.762	134
593.514	140
594.265	129
595.016	143
595.768	129
596.518	142
597.269	132
598.02	136
598.771	119
599.521	148
600.272	128
601.022	130
601.772	134
602.522	140
603.273	139
604.022	154
604.772	133
605.522	151
606.271	147
607.021	145
607.77	152
608.519	147
609.269	142
610.018	144
610.767	135
611.516	126
612.265	138
613.013	128
613.762	142
614.51	143
615.259	146
616.008	145
616.756	156
617.503	146
618.251	121
619	129
619.747	135
620.495	134
621.242	141
621.99	124
622.738	128
623.485	142
624.232	137
624.979	130
625.726	137
626.473	129
627.22	123
627.967	138
628.713	127
629.46	127
630.206	145
630.952	131
631.698	126
632.444	128
633.19	129
633.936	151
634.682	135
635.427	144
636.173	134
636.919	137
637.664	133
638.409	141
639.154	146
639.899	148
640.645	129
641.389	144
642.134	134
642.879	143
643.624	131
644.368	129
645.112	124
645.856	152
646.6	143
647.345	149
648.089	130
648.833	134
649.577	126
650.32	118
651.063	142
651.807	148
652.551	125
653.293	128
654.037	135
654.78	127
655.523	122
656.265	139
657.008	121
657.751	143
658.494	128
659.236	131
659.978	122
660.721	135
661.463	128
662.205	140
662.946	135
663.688	138
664.431	119
665.172	120
665.914	137
666.655	132
667.396	126
668.138	132
668.879	142
669.62	132
670.361	132
671.102	132
671.842	138
672.583	124
673.323	123
674.064	133
674.804	125
675.545	125
676.285	130
677.025	132
677.765	132
678.504	120
679.244	131
679.984	143
680.724	144
681.463	134
682.202	125
682.942	141
683.681	124
684.419	126
685.159	128
685.898	129
686.636	132
687.375	127
688.114	129
688.852	119
689.59	127
690.329	143
691.067	123
691.805	132
692.542	129
693.281	135
694.018	128
694.756	130
695.493	125
696.231	129
696.968	116
697.706	128
698.443	118
699.18	129
699.917	123
700.654	117
701.39	133
702.127	129
702.863	131
703.6	132
704.336	124
705.072	129
705.808	134
706.544	134
707.28	132
708.016	143
708.752	130
709.488	120
710.223	127
710.959	115
711.694	134
712.429	137
713.165	124
713.9	117
714.635	130
715.37	142
716.105	136
716.839	130
717.573	117
718.308	113
719.042	122
719.777	131
720.511	119
721.245	123
721.979	117
722.713	130
723.447	128
724.181	113
724.914	130
725.647	125
726.381	118
727.114	122
727.847	127
728.58	131
729.314	118
730.047	132
730.779	122
731.512	126
732.244	128
732.977	124
733.709	123
734.441	124
735.174	123
735.906	133
736.638	120
737.37	128
738.101	114
738.833	128
739.565	116
740.296	118
741.027	124
741.759	114
742.49	125
743.221	117
743.952	122
744.683	128
745.414	110
746.145	127
746.875	116
747.606	124
748.336	114
749.067	129
749.797	125
750.527	143
751.258	112
751.987	135
752.717	123
753.447	130
754.176	119
754.906	130
755.636	127
756.365	115
757.094	124
757.823	111
758.552	136
759.281	119
760.01	131
760.739	125
761.468	124
762.196	121
762.924	129
763.652	127
764.381	116
765.109	122
765.837	114
766.565	127
767.293	133
768.021	131
768.749	132
769.477	130
770.204	119
770.931	131
771.658	131
772.386	119
773.113	111
773.84	123
774.566	127
775.293	115
776.02	131
776.747	125
777.473	119
778.199	126
778.926	138
779.652	130
780.378	127
781.104	113
781.83	121
782.556	119
783.282	122
784.008	111
784.732	117
785.458	119
786.183	116
786.909	117
787.634	122
788.359	113
789.084	132
789.809	115
790.534	126
791.258	124
791.983	116
792.707	130
793.432	127
794.156	113
794.88	122
795.604	116
796.328	128
797.052	116
797.775	116
798.499	115
799.223	135
799.946	118
800.67	129
801.393	118
802.116	112
802.84	117
803.563	121
804.285	119
805.008	124
805.731	114
806.454	126
807.176	119
807.899	127
808.621	114
809.343	111
810.066	116.999
810.787	129.797
811.51	110.268
812.231	121.903
812.952	137.565
813.674	117.586
814.396	110.057
815.118	118.47
815.839	120.219
816.56	127.314
817.281	120.532
818.002	119.25
818.724	122.532
819.444	116.77
820.164	116.137
820.886	119.974
821.606	121.215
822.326	112.57
823.047	131.29
823.767	122.341
824.487	118.376
825.208	112.421
825.928	117.689
826.647	117.671
827.367	116.596
828.087	121.578
828.807	125.234
829.526	123.899
830.245	115.574
830.965	126.793
831.685	117.612
832.404	120.504
833.122	113.483
833.841	125.655
834.56	116.447
835.279	124.998
835.997	118.817
836.717	116.8
837.435	127.04
838.153	129.501
838.871	120.405
839.59	122.842
840.308	121.111
841.026	127.778
841.743	120.455
842.461	118.262
843.179	128.157
843.896	124.104
844.614	116.781
845.331	115.934
846.049	115.11
846.766	111.558
847.483	119.192
848.2	129
848.917	120.81
849.634	124.71
850.35	118.341
851.067	124.412
851.784	118.258
852.5	118.536
853.217	120.101
853.933	124.77
854.649	125.242
855.365	118.771
856.081	129.501
856.797	122.184
857.513	121.737
858.229	125.186
858.944	123.433
859.659	133.911
860.375	121.92
861.091	132.947
861.805	130.777
862.52	137.594
863.236	132.918
863.95	137.002
864.665	134.3
865.38	129.353
866.094	132.99
866.809	136.291
867.524	125.098
868.238	142.233
868.952	146.525
869.666	137.91
870.38	150.012
871.095	148.826
871.808	170.261
872.522	158.72
873.235	179.81
873.949	181.698
874.662	179.201
875.376	192.488
876.089	190.372
876.803	214.799
877.515	221.828
878.229	215.969
878.941	209.221
879.655	211.08
880.367	219.922
881.079	210.454
881.166	209
881.882	195
882.599	223
883.316	198
884.032	197
884.748	215
885.464	191
886.18	178
886.897	163
887.613	155
888.328	156
889.044	159
889.76	159
890.475	139
891.19	137
891.906	129
892.622	123
893.337	137
894.052	138
894.767	126
895.481	129
896.196	147
896.911	115
897.625	129
898.34	117
899.054	119
899.768	111
900.483	128
901.197	118
901.911	122
902.625	130
903.339	116
904.052	138
904.766	119
905.48	125
906.193	123
906.906	126
907.619	121
908.332	128
909.046	113
909.759	123
910.472	132
911.185	126
911.898	131
912.609	112
913.322	122
914.035	127
914.747	115
915.46	128
916.171	123.5
916.883	119
917.595	133
918.307	136
919.019	134
919.731	113
920.442	105
921.154	125
921.865	119
922.576	125
923.288	118
923.999	127
924.71	119.5
925.421	112
926.132	111
926.842	117
927.553	119
928.263	105
928.974	123
929.685	123
930.394	112
931.105	118
931.815	123
932.525	120
933.235	119
933.944	120
934.655	123
935.364	111
936.074	127
936.783	110
937.492	119
938.201	104
938.911	104
939.619	120
940.329	117
941.037	122
941.747	135
942.455	129
943.164	118
943.872	123
944.58	132
945.289	122
945.997	124
946.706	114
947.413	115
948.121	114
948.829	113
949.537	108
950.244	122
950.952	116
951.659	105
952.367	109
953.074	122
953.781	120
954.488	127
955.196	127
955.903	127
956.609	106
957.316	120
958.023	114
958.729	119
959.436	119
960.142	136
960.849	126
961.555	119
962.261	125
962.967	126
963.672	127
964.378	119
965.084	113
965.79	127
966.495	116
967.201	129
967.906	111
968.611	122
969.316	131
970.021	138
970.726	131
971.432	127
972.137	119
972.841	134
973.546	130
974.25	121
974.955	127
975.659	141
976.363	137
977.068	123
977.772	142
978.476	137
979.179	128
979.883	144
980.586	139
981.29	133
981.993	129
982.697	132
983.4	128
984.104	135
984.807	141
985.51	120
986.213	151
986.916	157
987.618	154
988.321	145
989.024	140
989.726	152
990.429	134
991.13	157
991.833	160
992.535	174
993.237	161
993.94	171
994.641	177
995.343	202
996.045	169
996.746	176
997.447	188
998.149	197
998.85	202
999.551	190
1000.25	206
1000.95	235
1001.65	238
1002.36	238
1003.06	266
1003.76	252
1004.46	273
1005.16	300
1005.86	313
1006.56	322
1007.26	351
1007.96	373
1008.66	386
1009.36	403
1010.06	411
1010.76	426
1011.46	444
1012.16	497
1012.86	504
1013.56	490
1014.26	501
1014.95	523
1015.65	604
1016.35	569
1017.05	595
1017.75	605
1018.45	626
1019.15	648
1019.85	658
1020.55	661
1021.24	656
1021.94	664
1022.64	671
1023.34	679
1024.04	686
1024.73	697
1025.43	696
1026.13	713
1026.83	688
1027.52	706
1028.22	716
1028.92	677
1029.62	664
1030.31	648
1031.01	650
1031.71	598
1032.4	595
1033.1	581
1033.8	561
1034.5	535
1035.19	517
1035.89	485
1036.58	457
1037.28	462
1037.98	440
1038.67	390
1039.37	396
1040.06	359
1040.76	347
1041.46	331
1042.15	329
1042.85	290
1043.54	292
1044.24	262
1044.93	264
1045.63	232
1046.32	253
1047.02	231
1047.71	244
1048.41	209
1049.1	229
1049.8	218
1050.49	216
1051.19	184
1051.88	192
1052.58	193
1053.27	184
1053.96	181
1054.66	177
1055.35	188
1056.05	161
1056.74	178
1057.43	167
1058.13	179
1058.82	158
1059.51	166
1060.21	186
1060.9	157
1061.59	148
1062.29	168
1062.98	162
1063.67	146
1064.36	155
1065.06	160
1065.75	138
1066.44	164
1067.13	151
1067.83	156
1068.52	155
1069.21	152
1069.9	154
1070.6	142
1071.29	163
1071.98	150
1072.67	165
1073.36	148
1074.05	145
1074.74	148
1075.44	154
1076.13	155
1076.82	156
1077.51	163
1078.2	157
1078.89	147
1079.58	139
1080.27	167
1080.96	155
1081.65	152
1082.34	161
1083.03	157
1083.72	173
1084.41	167
1085.1	159
1085.79	150
1086.48	156
1087.17	165
1087.86	160
1088.55	170
1089.24	171
1089.93	174
1090.62	182
1091.31	169
1092	173
1092.69	164
1093.38	158
1094.07	163
1094.76	165
1095.44	179
1096.13	164
1096.82	172
1097.51	158
1098.2	170
1098.89	156
1099.58	176
1100.26	168
1100.95	177
1101.64	161
1102.33	177
1103.01	153
1103.7	161
1104.39	166
1105.08	158
1105.76	164
1106.45	174
1107.14	165
1107.83	167
1108.51	169
1109.2	177
1109.89	169
1110.57	166
1111.26	175
1111.95	169
1112.63	169
1113.32	182
1114	159
1114.69	170
1115.38	173
1116.06	170
1116.75	161
1117.44	175
1118.12	180
1118.81	167
1119.49	162
1120.18	154
1120.86	161
1121.55	143
1122.23	167
1122.92	159
1123.6	153
1124.29	153
1124.97	149
1125.66	159
1126.34	136
1127.03	157
1127.71	147
1128.4	150
1129.08	148
1129.77	143
1130.45	146
1131.13	131
1131.82	151
1132.5	133
1133.19	134
1133.87	127
1134.55	137
1135.24	132
1135.92	142
1136.6	133
1137.29	130
1137.97	134
1138.65	129
1139.33	138
1140.02	125
1140.7	128
1141.38	130
1142.07	148
1142.75	136
1143.43	132
1144.11	121
1144.8	135
1145.48	129
1146.16	137
1146.84	132
1147.52	143
1148.21	133
1148.89	134
1149.57	146
1150.25	142
1150.93	126
1151.61	149
1152.29	139
1152.98	125
1153.66	145
1154.34	136
1155.02	143
1155.7	136
1156.38	142
1157.06	133
1157.74	143
1158.42	151
1159.1	148
1159.78	131
1160.46	140
1161.14	154
1161.82	134
1162.5	147
1163.18	137
1163.86	142
1164.54	138
1165.22	147
1165.9	136
1166.58	154
1167.26	133
1167.94	142
1168.62	134
1169.3	131
1169.98	141
1170.66	135
1171.34	141
1172.01	124
1172.69	133
1173.37	118
1174.05	117
1174.73	125
1175.41	119
1176.08	128
1176.76	113
1177.44	128
1178.12	111
1178.8	119
1179.47	121
1180.15	111
1180.83	119
1181.51	126
1182.18	110
1182.86	102
1183.54	104
1184.22	127
1184.89	111
1185.57	112
1186.25	113
1186.92	119
1187.6	111
1188.28	114
1188.95	109
1189.63	94
1190.31	106
1190.98	108
1191.66	98
1192.34	114
1193.01	98
1193.69	114
1194.36	109
1195.04	98
1195.71	116
1196.39	96
1197.07	110
1197.74	105
1198.42	119
1199.09	110
1199.77	112
1200.44	114
1201.12	105
1201.79	107
1202.47	116
1203.14	111
1203.82	112
1204.49	107
1205.16	108
1205.84	107
1206.51	101
1207.19	107
1207.86	114
1208.54	103
1209.21	108
1209.88	110
1210.56	113
1211.23	90
1211.9	104
1212.58	95
1213.25	118
1213.93	96
1214.6	122
1215.27	104
1215.94	106
1216.62	100
1217.29	111
1217.96	105
1218.64	94
1219.31	103
1219.98	102
1220.65	103
1221.33	85
1222	106
1222.67	99
1223.34	100
1224.01	110
1224.69	104
1225.36	87
1226.03	113
1226.7	104
1227.37	109
1228.04	111
1228.72	100
1229.39	103
1230.06	95
1230.73	104
1231.4	109
1232.07	107
1232.74	101
1233.41	112
1234.08	104
1234.75	106
1235.42	90
1236.1	97
1236.77	105
1237.44	101
1238.11	93
1238.78	94
1239.45	99
1240.12	109
1240.79	109
1241.46	110
1242.13	93
1242.8	94
1243.47	108
1244.13	104
1244.8	106
1245.47	108
1246.14	102
1246.81	108
1247.48	103
1248.15	98
1248.82	106
1249.49	111
1250.15	90
1250.82	110
1251.49	101
1252.16	107
1252.83	107
1253.5	107
1254.17	98
1254.83	106
1255.5	108
1256.17	103
1256.84	98
1257.5	98
1258.17	97
1258.84	95
1259.51	117
1260.17	110
1260.84	108
1261.51	99
1262.18	107
1262.84	103
1263.51	109
1264.18	106
1264.84	103
1265.51	109
1266.18	104
1266.84	112
1267.51	117
1268.18	101
1268.84	100
1269.51	119
1270.17	105
1270.84	112
1271.51	112
1272.17	115
1272.84	112
1273.5	99
1274.17	108
1274.83	121
1275.5	114
1276.16	104
1276.83	107
1277.5	110
1278.16	121
1278.83	112
1279.49	101
1280.16	119
1280.82	111
1281.48	114
1282.15	106
1282.81	113
1283.48	107
1284.14	103
1284.81	113
1285.47	110
1286.13	108
1286.8	107
1287.46	107
1288.13	100
1288.79	94
1289.45	116
1290.12	110
1290.78	109
1291.44	106
1292.11	95
1292.77	106
1293.43	102
1294.1	92
1294.76	112
1295.42	103
1296.08	102
1296.75	93
1297.41	92
1298.07	105
1298.73	104
1299.4	103
1300.06	97
1300.72	111
1301.38	99
1302.04	107
1302.71	89
1303.37	110
1304.03	119
1304.69	103
1305.35	113
1306.01	111
1306.68	99
1307.34	96
1308	99
1308.66	96
1309.32	103
1309.98	105
1310.64	104
1311.3	94
1311.96	110
1312.62	96
1313.28	104
1313.94	91
1314.61	93
1315.27	102
1315.93	105
1316.59	111
1317.25	114
1317.91	97
1318.57	101
1319.23	95
1319.89	96
1320.54	102
1321.2	103
1321.86	98
1322.52	117
1323.18	96
1323.84	96
1324.5	119
1325.16	110
1325.82	105
1326.48	110
1327.14	95
1327.79	105
1328.45	92
1329.11	104
1329.77	106
1330.43	113
1331.09	109
1331.74	111
1332.4	117
1333.06	118
1333.72	98
1334.38	101
1335.03	112
1335.69	101
1336.35	109
1337.01	106
1337.66	116
1338.32	98
1338.98	108
1339.64	109
1340.29	93
1340.95	108
1341.61	105
1342.26	93
1342.92	116
1343.58	119
1344.23	111
1344.89	109
1345.55	110
1346.2	108
1346.86	105
1347.51	114
1348.17	113
1348.83	105
1349.48	100
1350.14	115
1350.79	127
1351.45	111
1352.1	107
1352.76	102
1353.42	119
1354.07	103
1354.73	113
1355.38	115
1356.04	114
1356.69	110
1357.35	101
1358	106
1358.66	114
1359.31	117
1359.96	109
1360.62	105
1361.27	109
1361.93	107
1362.58	108
1363.24	116
1363.89	116
1364.54	129
1365.2	110
1365.85	118
1366.51	114
1367.16	112
1367.81	119
1368.47	108
1369.12	110
1369.77	128
1370.43	131
1371.08	112
1371.73	117
1372.38	111
1373.04	114
1373.69	117
1374.34	119
1375	122
1375.65	121
1376.3	122
1376.95	124
1377.6	119
1378.26	135
1378.91	123
1379.56	127
1380.21	123
1380.86	118
1381.52	135
1382.17	127
1382.82	121
1383.47	111
1384.12	136
1384.77	118
1385.42	120
1386.08	128
1386.73	122
1387.38	127
1388.03	129
1388.68	130
1389.33	125
1389.98	126
1390.63	122
1391.28	137
1391.93	131
1392.58	132
1393.23	121
1393.88	127
1394.53	122
1395.18	116
1395.83	118
1396.48	128
1397.13	129
1397.78	123
1398.43	124
1399.08	134
1399.73	137
1400.38	119
1401.03	131
1401.68	131
1402.33	125
1402.98	127
1403.63	134
1404.28	126
1404.92	139
1405.57	134
1406.22	111
1406.87	125
1407.52	133
1408.17	138
1408.81	124
1409.46	128
1410.11	133
1410.76	132
1411.41	119
1412.06	123
1412.7	139
1413.35	132
1414	133
1414.65	128
1415.29	128
1415.94	147
1416.59	128
1417.23	136
1417.88	140
1418.53	136
1419.18	129
1419.82	149
1420.47	140
1421.12	141
1421.76	136
1422.41	159
1423.06	139
1423.7	136
1424.35	148
1424.99	149
1425.64	135
1426.29	159
1426.93	152
1427.58	150
1428.22	150
1428.87	166
1429.52	153
1430.16	162
1430.81	142
1431.45	182
1432.1	160
1432.74	160
1433.39	149
1434.03	159
1434.68	152
1435.32	151
1435.97	166
1436.61	176
1437.26	169
1437.9	158
1438.55	167
1439.19	175
1439.83	156
1440.48	180
1441.12	197.038
1441.77	182.592
1442.41	185.147
1443.05	187.2
1443.7	205.19
1444.34	208.988
1444.99	217.807
1445.63	232.69
1446.27	238.488
1446.92	266.849
1447.56	247.917
1448.2	280.331
1448.85	259.144
1449.49	276.097
1450.13	292.716
1450.77	268.813
1451.42	283.52
1452.06	285.353
1452.7	290.13
1453.35	278.442
1453.99	290.914
1454.63	267.978
1455.27	256.86
1455.91	277.509
1456.56	263.437
1457.2	264.735
1457.84	281.558
1458.48	278.06
1459.12	279.29
1459.77	267.856
1460.41	265.108
1461.05	278.355
1461.69	275.551
1462.33	272.418
1462.97	267.752
1463.61	281.706
1464.26	285.052
1464.9	274.279
1465.54	273.299
1466.18	256.084
1466.82	271.763
1467.46	270.642
1468.1	273.942
1468.74	279.207
1469.38	271.865
1470.02	269.213
1470.66	281.256
1471.3	251.598
1471.94	267.356
1472.58	277.751
1473.22	256.801
1473.86	266.819
1474.5	248.78
1475.14	248.342
1475.78	252.62
1476.42	245.212
1477.06	248.32
1477.7	246.357
1478.34	232.953
1478.98	239.435
1479.62	247.351
1480.26	232.4
1480.9	234.244
1481.54	221.868
1482.18	216.51
1482.81	214.432
1483.45	227.233
1484.09	199.053
1484.73	210.65
1485.37	217.283
1486.01	198.229
1486.65	210.795
1487.28	199.987
1487.92	193.593
1488.56	195.234
1489.2	201.425
1489.84	180.931
1490.47	187.63
1491.11	188.639
1491.75	178.933
1492.39	179.282
1493.03	180.058
1493.66	168.274
1494.3	174.295
1494.94	172.114
1495.57	172.036
1496.21	160.888
1496.85	167.092
1497.49	157.644
1498.12	167.106
1498.76	158.401
1499.4	157.666
1500.03	160.951
1500.67	169.856
1501.31	164.119
1501.94	161.979
1502.58	160.409
1503.21	168.721
1503.85	159.59
1504.49	159.678
1505.12	160.96
1505.28	161
1505.92	164
1506.55	165
1507.19	162
1507.83	169
1508.47	166
1509.11	158
1509.75	163
1510.39	171
1511.03	161
1511.67	148
1512.31	146
1512.95	159
1513.59	176
1514.22	143
1514.86	161
1515.5	149
1516.14	139
1516.78	140
1517.42	159
1518.05	160
1518.69	151
1519.33	145
1519.97	154
1520.61	151
1521.24	152
1521.88	143
1522.52	145
1523.16	144
1523.79	146
1524.43	141
1525.07	142
1525.71	144
1526.34	150
1526.98	133
1527.62	136
1528.26	134
1528.89	137
1529.53	139
1530.17	144
1530.8	143
1531.44	142
1532.07	128
1532.71	113
1533.35	131
1533.98	124
1534.62	137
1535.26	145
1535.89	141.5
1536.53	138
1537.16	124
1537.8	133
1538.44	131
1539.07	120
1539.71	137
1540.34	120
1540.98	118
1541.61	137
1542.25	127
1542.88	116
1543.52	125
1544.15	134
1544.79	127
1545.42	126
1546.06	145
1546.69	121
1547.33	134
1547.96	136
1548.6	134
1549.23	133
1549.86	120
1550.5	145
1551.13	138
1551.77	147
1552.4	146
1553.03	123
1553.67	145
1554.3	146
1554.93	141
1555.57	143
1556.2	147
1556.84	127
1557.47	123
1558.1	131
1558.73	130
1559.37	134
1560	134
1560.63	126
1561.27	143
1561.9	120
1562.53	123
1563.16	123
1563.8	131
1564.43	134
1565.06	117
1565.69	123
1566.33	114
1566.96	136
1567.59	122
1568.22	128
1568.85	100
1569.49	114
1570.12	120
1570.75	110
1571.38	109
1572.01	127
1572.64	114
1573.28	124
1573.91	113
1574.54	121
1575.17	123
1575.8	106
1576.43	114
1577.06	126
1577.69	108
1578.32	106
1578.95	110
1579.58	95
1580.21	117
1580.84	112
1581.47	100
1582.11	105
1582.73	100
1583.37	118
1584	110
1584.63	113
1585.26	123
1585.88	101
1586.51	110
1587.14	112
1587.77	122
1588.4	103
1589.03	101
1589.66	120
1590.29	110
1590.92	122
1591.55	113
1592.18	99
1592.81	117
1593.44	119
1594.06	116
1594.69	121
1595.32	114
1595.95	112
1596.58	126
1597.21	115
1597.83	108
1598.46	122
1599.09	114
1599.72	113
1600.35	129
1600.98	119
1601.6	106
1602.23	117
1602.86	110
1603.49	109
1604.11	109
1604.74	116
1605.37	117
1606	103
1606.62	99
1607.25	107
1607.88	106
1608.5	113
1609.13	108
1609.76	103
1610.38	106
1611.01	95
1611.64	101
1612.26	82
1612.89	100
1613.52	109
1614.14	89
1614.77	89
1615.39	91
1616.02	82
1616.65	102
1617.27	98
1617.9	102
1618.52	108
1619.15	105
1619.77	92
1620.4	78
1621.02	102
1621.65	91
1622.28	96
1622.9	81
1623.53	109
1624.15	101
1624.78	92
1625.4	83
1626.03	94
1626.65	84
1627.27	97
1627.9	104
1628.52	90
1629.15	88
1629.77	104
1630.4	96
1631.02	99
1631.64	95
1632.27	107
1632.89	97
1633.52	94
1634.14	85
1634.76	104
1635.39	96
1636.01	94
1636.63	100
1637.26	94
1637.88	102
1638.5	99
1639.13	103
1639.75	92
1640.37	101
1641	102
1641.62	90
1642.24	88
1642.86	99
1643.49	103
1644.11	96
1644.73	103
1645.35	101
1645.98	100
1646.6	89
1647.22	93
1647.84	84
1648.46	77
1649.09	87
1649.71	80
1650.33	97
1650.95	98
1651.57	86
1652.19	79
1652.82	88
1653.44	87
1654.06	85
1654.68	84
1655.3	88
1655.92	81
1656.54	84
1657.16	81
1657.78	80
1658.4	85
1659.03	78
1659.65	81
1660.27	74
1660.89	90
1661.51	84
1662.13	90
1662.75	83
1663.37	75
1663.99	74
1664.61	77
1665.23	88
1665.85	87
1666.47	95
1667.09	87
1667.71	85
1668.33	88
1668.95	88
1669.56	92
1670.18	86
1670.8	91
1671.42	78
1672.04	81
1672.66	78
1673.28	88
1673.9	85
1674.52	84
1675.13	92
1675.75	82
1676.37	91
1676.99	81
1677.61	87
1678.23	76
1678.84	77
1679.46	90
1680.08	84
1680.7	78
1681.32	75
1681.93	79
1682.55	93
1683.17	83
1683.79	83
1684.41	92
1685.02	78
1685.64	101
1686.26	98
1686.87	87
1687.49	96
1688.11	85
1688.73	83
1689.34	94
1689.96	88
1690.58	88
1691.19	80
1691.81	86
1692.43	78
1693.04	80
1693.66	82
1694.27	93
1694.89	84
1695.51	83
1696.12	82
1696.74	96
1697.35	77
1697.97	79
1698.59	79
1699.2	74
1699.82	72
1700.43	79
1701.05	74
1701.66	84
1702.28	75
1702.89	75
1703.51	70
1704.12	91
1704.74	75
1705.35	78
1705.97	77
1706.58	80
1707.2	73
1707.81	78
1708.43	82
1709.04	73
1709.66	73
1710.27	66
1710.88	70
1711.5	81
1712.11	78
1712.73	69
1713.34	69
1713.95	81
1714.57	67
1715.18	73
1715.8	75
1716.41	74
1717.02	80
1717.64	71
1718.25	70
1718.86	73
1719.48	72
1720.09	77
1720.7	68
1721.31	78
1721.93	78
1722.54	70
1723.15	77
1723.77	68
1724.38	80
1724.99	79
1725.6	78
1726.22	73
1726.83	74
1727.44	74
1728.05	73
1728.66	80
1729.28	81
1729.89	67
1730.5	72
1731.11	78
1731.72	71
1732.33	68
1732.95	82
1733.56	81
1734.17	78
1734.78	70
1735.39	71
1736	79
1736.61	70
1737.22	74
1737.83	77
1738.44	76
1739.06	68
1739.67	66
1740.28	65
1740.89	72
1741.5	69
1742.11	70
1742.72	73
1743.33	74
1743.94	58
1744.55	66
1745.16	73
1745.77	67
1746.38	72
1746.99	67
1747.6	65
1748.21	63
1748.82	62
1749.43	68
1750.04	73
1750.65	69
1751.25	71
1751.86	69
1752.47	65
1753.08	72
1753.69	62
1754.3	61
1754.91	66
1755.52	71
1756.13	78
1756.73	72
1757.34	63
1757.95	67
1758.56	65
1759.17	63
1759.78	64
1760.38	61
1760.99	63
1761.6	70
1762.21	64
1762.81	71
1763.42	70
1764.03	67
1764.64	69
1765.24	68
1765.85	74
1766.46	67
1767.07	75
1767.67	71
1768.28	65
1768.89	81
1769.5	69
1770.1	75
1770.71	59
1771.32	68
1771.92	72
1772.53	76
1773.14	68
1773.74	71
1774.35	80
1774.95	72
1775.56	71
1776.17	75
1776.77	69
1777.38	73
1777.99	68
1778.59	68
1779.2	64
1779.8	63
1780.41	58
1781.01	65
1781.62	74
1782.22	77
1782.83	65
1783.43	68
1784.04	63
1784.65	62
1785.25	67
1785.85	62
1786.46	62
1787.06	64
1787.67	61
1788.27	56
1788.88	68
1789.48	61
1790.09	59
1790.69	64
1791.3	60
1791.9	62
1792.5	62
1793.11	60
1793.71	60
1794.32	71
1794.92	66
1795.52	64
1796.13	67
1796.73	63
1797.33	67
1797.94	56
1798.54	67
1799.14	71
1799.75	71
1800.35	50
1800.95	61
1801.56	71
1802.16	66
1802.76	57
1803.37	54
1803.97	59
1804.57	66
1805.17	70
1805.78	69
1806.38	69
1806.98	62
1807.58	71
1808.18	65
1808.79	66
1809.39	68
1809.99	66
1810.59	68
1811.19	72
1811.8	64
1812.4	63
1813	64
1813.6	59
1814.2	62
1814.8	71
1815.41	58
1816.01	59
1816.61	67
1817.21	60
1817.81	67
1818.41	66
1819.01	62
1819.61	69
1820.21	64
1820.81	70
1821.41	68
1822.01	67
1822.61	69
1823.22	62
1823.82	63
1824.42	69
1825.02	61
1825.62	66
1826.22	63
1826.82	60
1827.42	69
1828.02	67
1828.61	63
1829.21	65
1829.81	69
1830.41	71
1831.01	57
1831.61	65
1832.21	70
1832.81	61
1833.41	55
1834.01	63
1834.61	61
1835.21	65
1835.81	63
1836.4	53
1837	71
1837.6	57
1838.2	64
1838.8	63
1839.4	66
1839.99	60
1840.59	54
1841.19	64
1841.79	65
1842.39	61
1842.98	57
1843.58	61
1844.18	64
1844.78	60
1845.38	66
1845.97	64
1846.57	68
1847.17	64
1847.76	60
1848.36	57
1848.96	68
1849.56	62
1850.15	58
1850.75	61
1851.35	62
1851.94	54
1852.54	66
1853.14	59
1853.73	53
1854.33	73
1854.93	62
1855.52	49
1856.12	63
1856.72	56
1857.31	59
1857.91	66
1858.5	61
1859.1	69
1859.7	60
1860.29	60
1860.89	60
1861.48	64
1862.08	53
1862.67	59
1863.27	55
1863.86	60
1864.46	62
1865.05	69
1865.65	61
1866.25	58
1866.84	69
1867.43	59
1868.03	64
1868.62	63
1869.22	63
1869.81	64
1870.41	66
1871	72
1871.6	55
1872.19	56
1872.79	52
1873.38	68
1873.97	59
1874.57	61
1875.16	58
1875.76	60
1876.35	54
1876.94	58
1877.54	63
1878.13	57.5
1878.72	52
1879.32	61
1879.91	60
1880.5	60
1881.1	56
1881.69	72
1882.28	64
1882.88	67
1883.47	62
1884.06	59
1884.66	68
1885.25	68
1885.84	57
1886.43	65
1887.03	69
1887.62	63
1888.21	59
1888.8	63
1889.4	51
1889.99	46
1890.58	60
1891.17	62
1891.76	61
1892.35	67
1892.95	67
1893.54	57
1894.13	61
1894.72	60
1895.31	57
1895.9	70
1896.5	62
1897.09	56
1897.68	69
1898.27	63
1898.86	59
1899.45	56
1900.04	66
1900.63	63
1901.22	60
1901.81	63
1902.4	64
1903	64
1903.59	60
1904.18	59
1904.77	47
1905.36	71
1905.95	52
1906.54	67
1907.13	56
1907.72	50
1908.31	60
1908.9	55
1909.49	59
1910.08	53
1910.67	57
1911.26	64
1911.84	54
1912.43	70
1913.02	59
1913.61	62
1914.2	55
1914.79	54
1915.38	70
1915.97	48
1916.56	65
1917.15	55
1917.73	55
1918.32	54
1918.91	57
1919.5	56
1920.09	53
1920.68	58
1921.27	57
1921.85	63
1922.44	63
1923.03	59
1923.62	61
1924.21	60
1924.79	53
1925.38	60
1925.97	59
1926.56	68
1927.14	66
1927.73	62
1928.32	62
1928.91	66
1929.49	57
1930.08	68
1930.67	60
1931.26	62
1931.84	58
1932.43	61
1933.02	57
1933.6	68
1934.19	59
1934.78	65
1935.36	56
1935.95	63
1936.54	58
1937.12	57
1937.71	68
1938.29	58
1938.88	54
1939.47	51
1940.05	58
1940.64	54
1941.22	61
1941.81	62
1942.4	55
1942.98	54
1943.57	49
1944.15	59
1944.74	65
1945.32	57
1945.91	64
1946.49	55
1947.08	58
1947.66	61
1948.25	54
1948.83	62
1949.42	52
1950	55
1950.59	63
1951.17	50
1951.76	59
1952.34	61
1952.93	55
1953.51	56
1954.1	46
1954.68	63
1955.26	59
1955.85	61
1956.43	58
1957.02	57
1957.6	61
1958.18	58
1958.77	55
1959.35	61
1959.93	57
1960.52	61
1961.1	65
1961.68	57
1962.27	46
1962.85	55
1963.43	53
1964.02	58
1964.6	59
1965.18	59
1965.77	55
1966.35	58
1966.93	59
1967.51	50
1968.1	55
1968.68	56
1969.26	58
1969.84	58
1970.43	59
1971.01	56
1971.59	51
1972.17	56
1972.75	63
1973.34	63
1973.92	56
1974.5	54
1975.08	53
1975.66	58
1976.24	61
1976.83	53
1977.41	45
1977.99	49
1978.57	63
1979.15	55
1979.73	66
1980.31	58
1980.89	62
1981.48	55
1982.06	46
1982.64	52
1983.22	59
1983.8	49
1984.38	53
1984.96	59
1985.54	58
1986.12	53
1986.7	60
1987.28	58
1987.86	62
1988.44	53
1989.02	56
1989.6	54
1990.18	53
1990.76	54
1991.34	53
1991.92	61
1992.5	55
1993.08	50
1993.66	54
1994.24	53
1994.82	52
1995.4	57
1995.98	60
1996.56	53
1997.13	51
1997.71	62
1998.29	60
1998.87	53
1999.45	56
2000.03	52
2000.61	55
2001.19	52
2001.76	54
2002.34	51
2002.92	68
2003.5	52
2004.08	51
2004.66	49
2005.23	58
2005.81	51
2006.39	57.945
2006.97	44.9946
2007.54	54.218
2008.12	53.3083
2008.7	61.7027
2009.28	56.9188
2009.85	51.5215
2010.43	53.1314
2011.01	50.4446
2011.59	54.4643
2012.16	58.3813
2012.74	54.4104
2013.32	54.875
2013.9	55.9226
2014.47	52.3749
2015.05	61.9311
2015.63	54.9539
2016.2	58.748
2016.78	48.9869
2017.36	60.2082
2017.93	55.2252
2018.51	53.0708
2019.08	52.2489
2019.66	47.1645
2020.24	62.9224
2020.81	53.152
2021.39	45.265
2021.97	52.8355
2022.54	60.58
2023.12	52.0851
2023.69	59.4683
2024.27	52.0753
2024.84	58.6911
2025.42	53.6392
2026	52.3466
2026.57	57.4219
2027.15	54.3589
2027.72	55.8378
2028.3	50.5629
2028.87	47.6588
2029.45	58.0785
2030.02	53.4321
2030.6	57.9489
2031.17	53.9196
2031.75	55.966
2032.32	60.4194
2032.9	56.8518
2033.47	53.1177
2034.05	50.8594
2034.62	55.9555
2035.19	58.5281
2035.77	59.125
2036.34	52.6374
2036.92	54.2799
2037.49	55.2033
2038.06	50.8247
2038.64	52.9077
2039.21	51.7585
2039.79	54.1596
2040.36	56.6043
2040.93	59.101
2041.51	59.095
2042.08	53.5787
2042.65	51.1075
2043.23	52.5823
2043.8	51.2344
2044.38	58.0405
2044.95	55.0221
2045.52	49.5901
2046.09	59.0126
2046.67	56.3478
2047.24	53.5445
2047.81	54.9854
2048.39	53.855
2048.96	51.762
2049.53	51.4681
2050.1	52.802
2050.68	54.2547
2051.25	56.5911
2051.82	47.6871
2052.39	52.7014
2052.97	53.0123
2053.54	53.2394
2054.11	56.729
2054.68	55.7817
2055.25	57
2055.83	56.3812
2056.4	59.0583
2056.97	51.9364
2057.54	51.9844
2058.11	50.194
2058.68	54.5082
2059.26	58.2912
2059.83	64.7418
2060.4	61.4148
2060.97	57.8268
2061.54	47.4462
2062.11	53.9007
2062.68	57.2436
2063.25	57.616
2063.72	56
2064.3	53
2064.87	60
2065.45	54
2066.02	49
2066.6	54
2067.17	45
2067.74	55
2068.32	52
2068.89	58
2069.47	59
2070.04	51
2070.61	62
2071.19	67
2071.76	60
2072.33	64
2072.91	56
2073.48	53
2074.05	55
2074.63	55
2075.2	54
2075.77	61
2076.35	52
2076.92	53
2077.49	48
2078.07	52
2078.64	58
2079.21	47
2079.78	51
2080.36	55
2080.93	60
2081.5	55
2082.07	59
2082.65	46
2083.22	57
2083.79	52
2084.36	53
2084.93	61
2085.51	56
2086.08	58
2086.65	49
2087.22	56
2087.79	62
2088.37	63
2088.94	63
2089.51	59
2090.08	59
2090.65	53
2091.22	54
2091.79	55.5
2092.36	57
2092.94	52
2093.51	55
2094.08	57
2094.65	59
2095.22	54
2095.79	46
2096.36	63
2096.93	50
2097.5	59
2098.07	57
2098.64	57.5
2099.21	58
2099.78	59
2100.35	53
2100.92	54
2101.49	53
2102.06	50
2102.63	56
2103.2	53
2103.77	57
2104.34	55
2104.91	45
2105.48	57
2106.05	48
2106.62	52
2107.19	53
2107.76	55
2108.33	61
2108.9	59
2109.47	49
2110.04	59
2110.6	47
2111.17	58
2111.74	61
2112.31	49
2112.88	55
2113.45	49
2114.02	55
2114.58	63
2115.15	55
2115.72	55
2116.29	53
2116.86	52
2117.43	67
2117.99	54
2118.56	52
2119.13	54
2119.7	56
2120.27	59
2120.83	63
2121.4	54
2121.97	59
2122.54	55
2123.1	60
2123.67	58
2124.24	49
2124.81	52
2125.37	62
2125.94	58
2126.51	52
2127.07	49
2127.64	60
2128.21	57
2128.77	56
2129.34	52
2129.91	58
2130.47	62
2131.04	52
2131.61	54
2132.17	61
2132.74	59
2133.31	57
2133.87	51
2134.44	61
2135.01	48
2135.57	59
2136.14	62
2136.7	50
2137.27	51
2137.83	53
2138.4	51
2138.97	51
2139.53	55
2140.1	56
2140.66	58
2141.23	54
2141.79	59
2142.36	56
2142.92	58
2143.49	58
2144.05	60
2144.62	49
2145.18	58
2145.75	52
2146.31	56
2146.88	55
2147.44	48
2148.01	48
2148.57	57
2149.13	50
2149.7	57
2150.26	59
2150.83	53
2151.39	57
2151.95	58
2152.52	48
2153.08	51
2153.65	46
2154.21	59
2154.77	57
2155.34	59
2155.9	49
2156.46	53
2157.03	57
2157.59	58
2158.15	51
2158.72	58
2159.28	57
2159.84	57
2160.41	51
2160.97	65
2161.53	49
2162.1	47
2162.66	59
2163.22	57
2163.78	55
2164.35	52
2164.91	59
2165.47	54
2166.03	51
2166.6	49
2167.16	57
2167.72	45
2168.28	58
2168.84	57
2169.41	52
2169.97	55
2170.53	54
2171.09	54
2171.65	56
2172.21	62
2172.78	45
2173.34	53
2173.9	65
2174.46	59
2175.02	59
2175.58	56
2176.14	50
2176.71	46
2177.27	55
2177.83	57
2178.39	51
2178.95	60
2179.51	60
2180.07	60
2180.63	48
2181.19	57
2181.75	59
2182.31	67
2182.87	53
2183.43	60
2183.99	53
2184.55	59
2185.11	59
2185.67	47
2186.23	53
2186.79	62
2187.35	55
2187.91	56
2188.47	46
2189.03	47
2189.59	58
2190.15	62
2190.71	50
2191.27	59
2191.83	48
2192.39	52
2192.95	53
2193.51	42
2194.07	46
2194.62	48
2195.18	55
2195.74	59
2196.3	60
2196.86	56
2197.42	54
2197.98	58
2198.54	59
2199.09	58
2199.65	55
2200.21	50
2200.77	63
2201.33	58
2201.88	49
2202.44	44
2203	60
2203.56	54
2204.12	57
2204.67	51
2205.23	54
2205.79	58
2206.35	52
2206.9	55
2207.46	42
2208.02	53
2208.58	55
2209.13	61
2209.69	52
2210.25	48
2210.81	53
2211.36	52
2211.92	52
2212.48	46
2213.03	60
2213.59	45
2214.15	52
2214.7	49
2215.26	52
2215.81	61
2216.37	51
2216.93	52
2217.48	54
2218.04	51
2218.6	55
2219.15	59
2219.71	49
2220.26	51
2220.82	53
2221.38	58
2221.93	52
2222.49	53
2223.04	52
2223.6	55
2224.15	58
2224.71	49
2225.26	50
2225.82	51
2226.38	56
2226.93	56
2227.49	58
2228.04	58
2228.59	53
2229.15	51
2229.7	54
2230.26	46
2230.81	49
2231.37	55
2231.92	49
2232.48	47
2233.03	59
2233.59	46
2234.14	50
2234.69	49
2235.25	60
2235.8	57
2236.36	50
2236.91	41
2237.46	52
2238.02	52
2238.57	44
2239.13	49
2239.68	52
2240.23	50
2240.79	58
2241.34	62
2241.89	47
2242.45	41
2243	59
2243.55	54
2244.11	52
2244.66	61
2245.21	53
2245.76	62
2246.32	55
2246.87	52
2247.42	46
2247.98	59
2248.53	51
2249.08	56
2249.63	55
2250.19	50
2250.74	48
2251.29	49
2251.84	50
2252.39	47
2252.95	53
2253.5	60
2254.05	51
2254.6	61
2255.15	52
2255.71	48
2256.26	51
2256.81	51
2257.36	56
2257.91	56
2258.46	55
2259.01	52
2259.57	49
2260.12	57
2260.67	53
2261.22	52
2261.77	50
2262.32	51
2262.87	50
2263.42	47
2263.97	56
2264.52	50
2265.07	51
2265.62	57
2266.18	47
2266.73	51
2267.28	55
2267.83	47
2268.38	55
2268.93	55
2269.48	61
2270.03	45
2270.58	52
2271.13	49
2271.68	51
2272.23	56
2272.78	43
2273.33	55
2273.87	58
2274.42	50
2274.97	51
2275.52	46
2276.07	51
2276.62	56
2277.17	56
2277.72	54
2278.27	45
2278.82	45
2279.37	50
2279.92	40
2280.46	58
2281.01	60
2281.56	51
2282.11	56
2282.66	53
2283.21	51
2283.76	47
2284.3	47
2284.85	59
2285.4	45
2285.95	47
2286.5	47
2287.04	47
2287.59	53
2288.14	48
2288.69	42
2289.24	62
2289.78	51
2290.33	40
2290.88	49
2291.43	54
2291.97	59
2292.52	55
2293.07	48
2293.62	62
2294.16	49
2294.71	48
2295.26	55
2295.8	46
2296.35	49
2296.9	52
2297.44	54
2297.99	52
2298.54	55
2299.08	53
2299.63	49
2300.18	48
2300.72	44
2301.27	52
2301.82	52
2302.36	49
2302.91	57
2303.45	43
2304	57
2304.55	56
2305.09	49
2305.64	53
2306.18	51
2306.73	60
2307.28	54
2307.82	44
2308.37	51
2308.91	54
2309.46	57
2310	56
2310.55	51
2311.09	53
2311.64	54
2312.18	56
2312.73	47
2313.27	52
2313.82	45
2314.36	48
2314.91	59
2315.45	49
2316	54
2316.54	46
2317.09	48
2317.63	47
2318.17	52
2318.72	59
2319.26	53
2319.81	51
2320.35	42
2320.89	42
2321.44	64
2321.98	61
2322.53	52
2323.07	46
2323.61	40
2324.16	52
2324.7	52
2325.24	51
2325.79	46
2326.33	52
2326.87	51
2327.42	49
2327.96	53
2328.5	53
2329.05	49
2329.59	57
2330.13	44
2330.68	55
2331.22	50
2331.76	47
2332.3	47
2332.85	50
2333.39	50
2333.93	45
2334.47	53
2335.02	56
2335.56	47
2336.1	48
2336.64	49
2337.19	41
2337.73	57
2338.27	50
2338.81	54
2339.35	56
2339.89	43
2340.44	36
2340.98	47
2341.52	40
2342.06	51
2342.6	45
2343.14	48
2343.69	47
2344.23	54
2344.77	59
2345.31	54
2345.85	52
2346.39	50
2346.93	48
2347.47	51
2348.01	50
2348.55	51
2349.09	45
2349.64	58
2350.18	50
2350.72	54
2351.26	47
2351.8	55
2352.34	50
2352.88	57
2353.42	43
2353.96	46
2354.5	52
2355.04	51
2355.58	48
2356.12	50
2356.66	44
2357.2	51
2357.74	49
2358.28	51
2358.82	54
2359.36	53
2359.9	43
2360.43	43
2360.97	58
2361.51	46
2362.05	52
2362.59	49
2363.13	51
2363.67	54
2364.21	52
2364.75	47
2365.29	44
2365.82	55
2366.36	45
2366.9	52
2367.44	51
2367.98	47
2368.52	46
2369.06	46
2369.59	48
2370.13	57
2370.67	52
2371.21	48
2371.75	48.5
2372.28	49
2372.82	50
2373.36	44
2373.9	49
2374.44	50
2374.97	48
2375.51	54
2376.05	57
2376.59	49
2377.12	50
2377.66	46
2378.2	55
2378.73	43
2379.27	54
2379.81	52
2380.35	53
2380.88	57
2381.42	52
2381.96	49
2382.49	52
2383.03	48
2383.57	45
2384.1	46
2384.64	50
2385.18	52
2385.71	47
2386.25	47
2386.78	44
2387.32	52
2387.86	45
2388.39	51
2388.93	54
2389.47	54
2390	50
2390.54	53
2391.07	48
2391.61	51
2392.14	51
2392.68	51
2393.22	49
2393.75	50
2394.29	54
2394.82	48
2395.36	53
2395.89	49
2396.43	53
2396.96	54
2397.5	50
2398.03	45
2398.57	41
2399.1	50
2399.64	51.5
2400.17	53
2400.71	55
2401.24	46
2401.77	51
2402.31	52
2402.84	51
2403.38	42
2403.91	48
2404.45	48
2404.98	51
2405.51	52
2406.05	49
2406.58	45
2407.12	52
2407.65	57
2408.18	47
2408.72	50
2409.25	44
2409.78	49
2410.32	49
2410.85	50
2411.38	50
2411.92	44
2412.45	47
2412.98	46
2413.52	46
2414.05	49
2414.58	47
2415.12	52
2415.65	47
2416.18	55
2416.71	49
2417.25	43
2417.78	50
2418.31	50
2418.84	49
2419.38	45
2419.91	49
2420.44	49
2420.97	54
2421.51	57
2422.04	53
2422.57	47
2423.1	48
2423.63	51
2424.17	45
2424.7	55
2425.23	54
2425.76	52
2426.29	53
2426.82	41
2427.36	43
2427.89	51
2428.42	54
2428.95	44
2429.48	58
2430.01	46
2430.54	50
2431.07	56
2431.61	55
2432.14	53
2432.67	53
2433.2	48
2433.73	41
2434.26	49
2434.79	50
2435.32	50
2435.85	57
2436.38	57
2436.91	47
2437.44	46
2437.97	59
2438.5	55
2439.03	50
2439.56	57
2440.09	46
2440.62	45
2441.15	46
2441.68	50
2442.21	51
2442.74	50
2443.27	51
2443.8	54
2444.33	47
2444.86	59
2445.39	48
2445.92	50
2446.45	47
2446.98	54
2447.51	60
2448.04	59
2448.56	55
2449.09	52
2449.62	45
2450.15	55
2450.68	48
2451.21	48
2451.74	48
2452.27	43
2452.79	51
2453.32	42
2453.85	47
2454.38	54
2454.91	43
2455.44	58
2455.96	53
2456.49	54
2457.02	50
2457.55	58
2458.08	57
2458.6	54
2459.13	47
2459.66	52
2460.19	45
2460.71	55
2461.24	50
2461.77	48
2462.3	53
2462.82	52
2463.35	55
2463.88	50
2464.41	57
2464.93	52
2465.46	56
2465.99	55
2466.51	51
2467.04	52
2467.57	55
2468.09	57
2468.62	58
2469.15	45
2469.67	52
2470.2	58
2470.73	54
2471.25	56
2471.78	57
2472.31	49
2472.83	60
2473.36	45
2473.88	51
2474.41	57
2474.94	50
2475.46	53
2475.99	49
2476.51	42
2477.04	47
2477.56	49
2478.09	59
2478.62	44
2479.14	53
2479.67	53
2480.19	51
2480.72	57
2481.24	58
2481.77	59
2482.29	49
2482.82	46
2483.34	55
2483.87	58
2484.39	55
2484.92	54
2485.44	50
2485.97	56
2486.49	55
2487.01	53
2487.54	52
2488.06	46
2488.59	60
2489.11	46
2489.64	56
2490.16	46
2490.68	54
2491.21	56
2491.73	48
2492.26	58
2492.78	49
2493.3	52
2493.83	56
2494.35	57
2494.87	55
2495.4	53
2495.92	50
2496.45	58
2496.97	53
2497.49	51
2498.01	58
2498.54	53
2499.06	47
2499.58	47
2500.11	55
2500.63	48
2501.15	50
2501.68	58
2502.2	49
2502.72	60
2503.24	63
2503.77	55
2504.29	56
2504.81	56
2505.33	47
2505.86	54
2506.38	55
2506.9	55
2507.42	58
2507.94	49
2508.47	53
2508.99	54
2509.51	60
2510.03	48
2510.55	45
2511.08	64
2511.6	53
2512.12	63
2512.64	60
2513.16	53
2513.68	55
2514.21	52.9947
2514.73	56.887
2515.25	55.168
2515.77	54.9687
2516.29	51.484
2516.81	53.1622
2517.33	56
2517.85	57.5068
2518.37	54.4442
2518.89	56.5243
2519.41	52.4988
2519.94	56.202
2520.46	54.212
2520.98	51.5247
2521.5	49.9288
2522.02	52.7498
2522.54	48.1045
2523.06	56.0887
2523.58	52.4863
2524.1	53.5832
2524.62	49.0949
2525.14	53.1077
2525.66	42.6649
2526.18	54.2023
2526.7	48.8339
2527.22	56.3777
2527.74	51.5802
2528.26	49.7787
2528.78	50.8582
2529.3	49.6255
2529.82	46.574
2530.34	47.5441
2530.86	51.4633
2531.37	46.3045
2531.89	59.0805
2532.41	45.7131
2532.93	56.5773
2533.45	52.065
2533.97	53.1872
2534.49	48.8585
2535.01	47.8964
2535.53	51.6266
2536.05	51.1454
2536.56	53.3022
2537.08	50.9979
2537.6	46.7882
2538.12	47.859
2538.64	50.6501
2539.16	57.3152
2539.68	52.8806
2540.19	48.3332
2540.71	50.3661
2541.23	48.0238
2541.75	43.9624
2542.27	55.3897
2542.78	46.8994
2543.3	50.8375
2543.82	46.5098
2544.34	52.8051
2544.86	48.8689
2545.37	51.5931
2545.89	50.8196
2546.41	50.2233
2546.93	53.1796
2547.44	53.0164
2547.96	54.0271
2548.48	55.6618
2549	55.8792
2549.51	58.8137
2550.03	58.8313
2550.55	53.5033
2551.06	52.3884
2551.58	51.9079
2552.1	56.9373
2552.62	59.0046
2553.13	60.3683
2553.65	61.9471
2554.17	57.9627
2554.68	55.0267
2555.2	54.6369
2555.71	57.2111
2556.23	52.8428
2556.75	54.749
2557.26	55.3988
2557.78	60.2655
2558.3	59.4363
2558.81	61.204
2559.33	56.8616
2559.84	56.2349
2560.36	60.7745
2560.88	58.4001
2561.39	53.5033
2561.91	53.3925
2562.42	57.8773
2562.94	60.1198
2563.46	59.3866
2563.97	56.0767
2564.49	58.7468
2565	56.1373
2565.52	55.6657
2566.03	54.2538
2566.55	52.5973
2566.87	52
2567.39	54
2567.91	61
2568.42	53
2568.94	54
2569.46	53
2569.98	53
2570.5	53
2571.02	49
2571.53	50
2572.05	50
2572.57	56
2573.09	50
2573.6	57
2574.12	54
2574.64	61
2575.16	49
2575.68	52
2576.19	59
2576.71	54
2577.23	53
2577.75	54
2578.26	56
2578.78	58
2579.3	59
2579.81	56
2580.33	45
2580.85	58
2581.37	49
2581.88	51
2582.4	57
2582.92	46
2583.43	54
2583.95	65
2584.47	56
2584.98	62
2585.5	58
2586.02	55
2586.53	55
2587.05	51
2587.56	54
2588.08	56
2588.6	57
2589.11	57
2589.63	51
2590.14	66
2590.66	58
2591.18	59
2591.69	60
2592.21	72
2592.72	61
2593.24	57
2593.75	64
2594.27	64
2594.78	63
2595.3	58
2595.82	70
2596.33	64
2596.85	67
2597.36	66
2597.88	65
2598.39	67
2598.91	58
2599.42	67
2599.94	63
2600.45	57
2600.97	63
2601.48	77
2601.99	65
2602.51	60
2603.02	69
2603.54	55
2604.05	62
2604.57	58
2605.08	65
2605.59	63
2606.11	60
2606.62	66
2607.14	69
2607.65	58
2608.16	62
2608.68	57
2609.19	62
2609.71	69
2610.22	63
2610.73	59
2611.25	49
2611.76	52
2612.27	60
2612.79	59
2613.3	56
2613.81	75
2614.33	59
2614.84	60
2615.35	63
2615.87	56
2616.38	60
2616.89	59
2617.4	51
2617.92	63
2618.43	59
2618.94	54
2619.46	70
2619.97	57
2620.48	57
2620.99	60
2621.5	63
2622.02	56
2622.53	61
2623.04	59
2623.55	57
2624.07	53
2624.58	53
2625.09	60
2625.6	59
2626.11	61
2626.63	53
2627.14	59
2627.65	58
2628.16	56
2628.67	64
2629.18	59
2629.69	63
2630.21	64
2630.72	71
2631.23	65
2631.74	65
2632.25	60
2632.76	65
2633.27	64
2633.78	63
2634.3	64
2634.81	58
2635.32	74
2635.83	66
2636.34	74
2636.85	76
2637.36	74
2637.87	82
2638.38	77
2638.89	70
2639.4	69
2639.91	79
2640.42	80
2640.93	86
2641.44	79
2641.95	75
2642.46	77
2642.97	79
2643.48	79
2643.99	74
2644.5	66
2645.01	64
2645.52	71
2646.03	71
2646.54	78
2647.05	80
2647.56	77
2648.07	68
2648.58	65
2649.09	67
2649.59	70
2650.1	70
2650.61	73
2651.12	72
2651.63	63
2652.14	71
2652.65	75
2653.16	71
2653.67	75
2654.17	73
2654.68	65
2655.19	64
2655.7	69
2656.21	72
2656.72	64
2657.22	54
2657.73	65
2658.24	60
2658.75	59
2659.26	60
2659.77	56
2660.27	60
2660.78	67
2661.29	63
2661.8	65
2662.3	59
2662.81	57
2663.32	54
2663.83	62
2664.34	69
2664.84	62
2665.35	66
2665.86	50
2666.36	64
2666.87	62
2667.38	68
2667.89	61
2668.39	60
2668.9	58
2669.41	68
2669.91	72
2670.42	72
2670.93	67
2671.43	63
2671.94	64
2672.45	77
2672.95	64
2673.46	74
2673.97	69
2674.47	65
2674.98	68
2675.48	70
2675.99	64
2676.5	78
2677	67
2677.51	77
2678.01	77
2678.52	92
2679.03	76
2679.53	81
2680.04	74
2680.54	80
2681.05	94
2681.55	80
2682.06	85
2682.57	85
2683.07	83
2683.58	74
2684.08	81
2684.59	85
2685.09	87
2685.6	92
2686.1	86
2686.61	85
2687.11	100
2687.62	83
2688.12	98
2688.63	74
2689.13	94
2689.63	96
2690.14	94
2690.64	90
2691.15	94
2691.65	83
2692.16	102
2692.66	82
2693.17	89
2693.67	89
2694.17	87
2694.68	82
2695.18	85
2695.69	95
2696.19	83
2696.69	87
2697.2	77
2697.7	81
2698.2	83
2698.71	75
2699.21	87
2699.71	83
2700.22	75
2700.72	83
2701.22	76
2701.73	78
2702.23	68
2702.73	77
2703.24	73
2703.74	70
2704.24	70
2704.75	72
2705.25	78
2705.75	77
2706.25	74
2706.76	65
2707.26	65
2707.76	75
2708.26	74
2708.77	78
2709.27	77
2709.77	92
2710.27	79
2710.78	79
2711.28	81
2711.78	94
2712.28	84
2712.78	89
2713.29	75
2713.79	82
2714.29	79
2714.79	87
2715.29	91
2715.79	87
2716.3	80
2716.8	90
2717.3	81
2717.8	91
2718.3	87
2718.8	108
2719.3	102
2719.81	89
2720.31	92
2720.81	95
2721.31	100
2721.81	100
2722.31	96
2722.81	110
2723.31	111
2723.81	93
2724.31	109
2724.81	120
2725.31	106
2725.82	123
2726.32	121
2726.82	124
2727.32	111
2727.82	123
2728.32	122
2728.82	124
2729.32	116
2729.82	131
2730.32	119
2730.82	126
2731.32	120
2731.82	118
2732.32	121
2732.82	116
2733.32	117
2733.82	102
2734.31	111
2734.81	124
2735.31	114
2735.81	104
2736.31	118
2736.81	105
2737.31	101
2737.81	105
2738.31	103
2738.81	87
2739.31	102
2739.81	106
2740.3	103
2740.8	104
2741.3	102
2741.8	95
2742.3	107
2742.8	81
2743.3	85
2743.79	88
2744.29	88
2744.79	78
2745.29	80
2745.79	85
2746.29	72
2746.78	86
2747.28	88
2747.78	92
2748.28	85
2748.78	88
2749.27	79
2749.77	86
2750.27	88
2750.77	78
2751.26	83
2751.76	87
2752.26	83
2752.76	88
2753.25	85
2753.75	85
2754.25	91
2754.75	94
2755.24	94
2755.74	93
2756.24	94
2756.73	93
2757.23	104
2757.73	103
2758.22	93
2758.72	98
2759.22	97
2759.72	105
2760.21	112
2760.71	107
2761.2	116
2761.7	107
2762.2	113
2762.69	115
2763.19	119
2763.69	118
2764.18	128
2764.68	125
2765.17	143
2765.67	131
2766.17	128
2766.66	132
2767.16	146
2767.65	149
2768.15	158
2768.65	139
2769.14	151
2769.64	138
2770.13	165
2770.63	148
2771.12	156
2771.62	175
2772.11	160
2772.61	170
2773.1	166
2773.6	162
2774.09	165
2774.59	162
2775.08	157
2775.58	155
2776.07	144
2776.57	162
2777.06	147
2777.56	143
2778.05	164
2778.55	158
2779.04	142
2779.53	149
2780.03	152
2780.52	153
2781.02	137
2781.51	121
2782.01	136
2782.5	132
2782.99	110
2783.49	113
2783.98	120
2784.47	104
2784.97	117
2785.46	110
2785.96	111
2786.45	108
2786.94	115
2787.44	94
2787.93	105
2788.42	113
2788.92	101
2789.41	116
2789.9	117
2790.4	107
2790.89	102
2791.38	100
2791.88	105
2792.37	105
2792.86	108
2793.35	108
2793.85	104
2794.34	101
2794.83	92
2795.33	103
2795.82	115
2796.31	111
2796.8	92
2797.3	107
2797.79	115
2798.28	100
2798.77	102
2799.26	97
2799.76	114
2800.25	104
2800.74	109
2801.23	97
2801.72	119
2802.22	112
2802.71	122
2803.2	125
2803.69	131
2804.18	129
2804.67	128
2805.17	130
2805.66	147
2806.15	149
2806.64	143
2807.13	133
2807.62	147
2808.11	158
2808.6	151
2809.1	157
2809.59	154
2810.08	172
2810.57	161
2811.06	167
2811.55	169
2812.04	180
2812.53	181
2813.02	180
2813.51	196
2814	196
2814.49	182
2814.98	205
2815.47	190
2815.96	195
2816.45	199
2816.94	203
2817.44	212
2817.93	201
2818.42	205
2818.91	190
2819.39	207
2819.88	197
2820.37	201
2820.86	214
2821.35	180
2821.84	183
2822.33	204
2822.82	200
2823.31	181
2823.8	165
2824.29	194
2824.78	169
2825.27	202
2825.76	175
2826.25	182
2826.74	181
2827.23	190
2827.71	181
2828.2	177
2828.69	194
2829.18	188
2829.67	191
2830.16	193
2830.65	196
2831.14	202
2831.62	194
2832.11	215
2832.6	190
2833.09	198
2833.58	210
2834.07	218
2834.55	230
2835.04	218
2835.53	228
2836.02	225
2836.51	232
2836.99	229
2837.48	223
2837.97	231
2838.46	226
2838.95	255
2839.43	219
2839.92	217
2840.41	225
2840.9	235
2841.38	235
2841.87	218
2842.36	230
2842.84	225
2843.33	218
2843.82	194
2844.31	212
2844.79	230
2845.28	204
2845.77	233
2846.25	203
2846.74	216
2847.23	211
2847.71	207
2848.2	233
2848.69	217
2849.17	217
2849.66	215
2850.15	231
2850.63	213
2851.12	199
2851.61	221
2852.09	208
2852.58	222
2853.06	216
2853.55	211
2854.04	232
2854.52	220
2855.01	232
2855.49	233
2855.98	234
2856.46	219
2856.95	233
2857.44	235
2857.92	237
2858.41	221
2858.89	232
2859.38	235
2859.86	218
2860.35	237
2860.83	219
2861.32	221
2861.8	239
2862.29	209
2862.77	224
2863.26	224
2863.74	211
2864.23	200
2864.71	202
2865.2	200
2865.68	205
2866.17	202
2866.65	192
2867.14	190
2867.62	189
2868.1	188
2868.59	190
2869.07	175
2869.56	179.5
2870.04	184
2870.53	175
2871.01	189
2871.49	148
2871.98	172
2872.46	181
2872.95	172
2873.43	165
2873.91	161
2874.4	165
2874.88	158
2875.36	161
2875.85	146
2876.33	155
2876.81	143
2877.3	150
2877.78	169
2878.26	147
2878.75	156
2879.23	157
2879.71	156
2880.2	151
2880.68	160
2881.16	164
2881.65	161
2882.13	161
2882.61	160
2883.09	159
2883.58	158
2884.06	166
2884.54	159
2885.02	149
2885.51	154
2885.99	167
2886.47	166
2886.95	162
2887.44	163
2887.92	175
2888.4	167
2888.88	183
2889.36	172
2889.85	189
2890.33	189
2890.81	178
2891.29	180
2891.77	200
2892.26	207
2892.74	193
2893.22	196
2893.7	219
2894.18	204
2894.66	214
2895.14	207
2895.63	215
2896.11	213
2896.59	212
2897.07	217
2897.55	224
2898.03	236
2898.51	227
2898.99	226
2899.47	223
2899.95	229
2900.44	230
2900.92	225
2901.4	227
2901.88	226
2902.36	231
2902.84	216
2903.32	224
2903.8	237
2904.28	249
2904.76	238
2905.24	230
2905.72	243
2906.2	224
2906.68	216
2907.16	207
2907.64	220
2908.12	219
2908.6	214
2909.08	202
2909.56	217
2910.04	218
2910.52	209
2911	207
2911.48	198
2911.96	189
2912.44	203
2912.92	228
2913.39	171
2913.87	212
2914.35	181
2914.83	189
2915.31	187
2915.79	172
2916.27	187
2916.75	196
2917.23	198
2917.71	191
2918.19	184
2918.66	186
2919.14	188
2919.62	180
2920.1	188
2920.58	188
2921.06	205
2921.53	188
2922.01	186
2922.49	179
2922.97	208
2923.45	191
2923.93	210
2924.4	202
2924.88	200
2925.36	186
2925.84	202
2926.32	183
2926.79	214
2927.27	206
2927.75	210
2928.23	217
2928.7	209
2929.18	214
2929.66	239
2930.14	219
2930.61	229
2931.09	212
2931.57	238
2932.05	229
2932.52	238
2933	233
2933.48	226
2933.95	243
2934.43	238
2934.91	239
2935.38	252
2935.86	244
2936.34	271
2936.81	273
2937.29	254
2937.77	258
2938.24	270
2938.72	286
2939.2	270
2939.67	294
2940.15	264
2940.63	284
2941.1	307
2941.58	287
2942.05	276
2942.53	303
2943.01	282
2943.48	292
2943.96	280
2944.43	283
2944.91	317
2945.39	292
2945.86	291
2946.34	301
2946.81	296
2947.29	312
2947.76	281
2948.24	286
2948.71	297
2949.19	284
2949.66	263
2950.14	277
2950.61	276
2951.09	297
2951.56	249
2952.04	275
2952.51	244
2952.99	258
2953.46	236
2953.94	250
2954.41	257
2954.89	235
2955.36	217
2955.84	258
2956.31	238
2956.79	241
2957.26	206
2957.73	250
2958.21	193
2958.68	203
2959.16	208
2959.63	206
2960.11	189
2960.58	189
2961.05	180
2961.53	186
2962	189
2962.48	175
2962.95	173
2963.42	163
2963.9	159
2964.37	160
2964.84	161
2965.32	166
2965.79	185
2966.26	176
2966.74	165
2967.21	162
2967.68	154
2968.16	155
2968.63	162
2969.1	173
2969.58	167
2970.05	173
2970.52	174
2970.99	152
2971.47	179
2971.94	151
2972.41	167
2972.88	159
2973.36	159
2973.83	164.904
2974.3	159.849
2974.77	178.397
2975.25	167.642
2975.72	159.869
2976.19	167.72
2976.66	161.964
2977.14	180.316
2977.61	178.074
2978.08	163.335
2978.55	164.996
2979.02	179.357
2979.5	180.634
2979.97	175.865
2980.44	166.077
2980.91	164.562
2981.38	189.399
2981.85	172.949
2982.33	172.112
2982.8	168.708
2983.27	161.916
2983.74	174.252
2984.21	175.166
2984.68	166.44
2985.15	171.546
2985.63	167.001
2986.1	165.07
2986.57	167.262
2987.04	179.763
2987.51	168.075
2987.98	161.784
2988.45	162.516
2988.92	171.913
2989.39	164.552
2989.86	168.493
2990.33	157.962
2990.81	157.122
2991.28	163.193
2991.75	151.397
2992.22	134.595
2992.69	151.891
2993.16	150.692
2993.63	151.702
2994.1	144.988
2994.57	150.29
2995.04	225.875
2995.51	409.994
2995.98	181.469
2996.45	137.113
2996.92	143.558
2997.39	129.693
2997.86	137.888
2998.33	135.607
2998.8	127.217
2999.27	126.245
2999.74	122.632
3000.21	128.499
3000.68	131.306
3001.15	133.36
3001.61	127.804
3002.08	127.806
3002.55	124.001
3003.02	122.684
3003.49	121.75
3003.96	124.676
3004.43	116.831
3004.9	112.558
3005.37	119.917
3005.84	125.252
3006.31	115.486
3006.77	119.649
3007.24	113.757
3007.71	113.563
3008.18	118.309
3008.65	123.075
3009.12	117.233
3009.59	120.806
3010.05	119.364
3010.52	113.531
3010.99	118.178
3011.46	113.031
3011.93	122.227
3012.4	113.871
3012.86	119.797
3013.33	131.183
3013.8	122.046
3014.27	120.104
3014.74	121.132
3015.2	119.073
3015.67	125.057
3016.14	128.384
3016.61	131.327
3017.07	128.835
3017.54	124.712
3018.01	132.253
3018.48	117.153
3018.95	117.453
3019.41	130.923
3019.88	130.716
3020.35	130.119
3020.81	137.024
3021.05	144
3021.52	133
3021.99	134
3022.46	136
3022.93	122
3023.4	137
3023.87	141
3024.34	125
3024.81	140
3025.28	139
3025.75	119
3026.22	123
3026.69	139
3027.16	128
3027.63	145
3028.1	125
3028.57	121
3029.04	116
3029.51	133
3029.98	126
3030.44	133
3030.91	130
3031.38	131
3031.85	119
3032.32	126
3032.79	132
3033.26	126
3033.73	108
3034.2	122
3034.67	124
3035.14	109
3035.6	115
3036.07	108
3036.54	120
3037.01	100
3037.48	106
3037.95	98
3038.42	106
3038.89	109
3039.35	104
3039.82	111
3040.29	92
3040.76	110
3041.23	99
3041.7	102
3042.16	99
3042.63	111
3043.1	104
3043.57	101
3044.04	98
3044.5	95
3044.97	101
3045.44	93
3045.91	90
3046.37	98
3046.84	98
3047.31	95
3047.78	101
3048.24	82
3048.71	85
3049.18	88
3049.65	91
3050.11	93
3050.58	94
3051.05	104
3051.52	96
3051.98	90
3052.45	93
3052.92	91
3053.38	104
3053.85	88
3054.32	108
3054.78	88
3055.25	97
3055.72	107
3056.18	101
3056.65	101
3057.12	108
3057.58	104
3058.05	96
3058.52	109
3058.98	109
3059.45	105
3059.91	122
3060.38	118
3060.85	139
3061.31	113
3061.78	97
3062.25	104
3062.71	111
3063.18	112
3063.64	116
3064.11	118
3064.57	126
3065.04	120
3065.5	122
3065.97	108
3066.44	128
3066.9	117
3067.37	112
3067.83	119
3068.3	116
3068.76	134
3069.23	134
3069.69	139
3070.16	123
3070.62	120
3071.09	119
3071.55	114
3072.02	135
3072.48	119
3072.95	110
3073.41	121
3073.88	129
3074.34	137
3074.8	114
3075.27	123
3075.73	125
3076.2	131
3076.66	107
3077.13	116
3077.59	116
3078.06	111
3078.52	110
3078.98	108
3079.45	113
3079.91	107
3080.38	111
3080.84	104
3081.3	117
3081.77	102
3082.23	109
3082.69	97
3083.16	98
3083.62	92
3084.09	109
3084.55	100
3085.01	102
3085.48	109
3085.94	101
3086.4	97
3086.87	104
3087.33	98
3087.79	95
3088.26	95
3088.72	83
3089.18	87
3089.64	96
3090.11	90
3090.57	88
3091.03	92
3091.5	97
3091.96	75
3092.42	95
3092.88	97
3093.35	96
3093.81	93
3094.27	101
3094.73	91
3095.19	97
3095.66	110
3096.12	84
3096.58	106
3097.04	104
3097.51	97
3097.97	93
3098.43	102
3098.89	112
3099.35	97
3099.82	101
3100.28	101
3100.74	115
3101.2	106
3101.66	104
3102.12	109
3102.59	120
3103.05	103
3103.51	112
3103.97	109
3104.43	115
3104.89	120
3105.35	111
3105.81	102
3106.28	109
3106.74	115
3107.2	114
3107.66	114
3108.12	111
3108.58	115
3109.04	127
3109.5	98
3109.96	115
3110.42	112
3110.88	114
3111.34	110
3111.8	111
3112.26	116
3112.73	108
3113.19	113
3113.65	105
3114.11	114
3114.57	103
3115.03	101
3115.49	105
3115.95	110
3116.41	102
3116.87	102
3117.33	105
3117.79	102
3118.25	100
3118.71	93
3119.17	93
3119.63	91
3120.09	98
3120.55	98
3121	93
3121.46	110
3121.92	97
3122.38	105
3122.84	106
3123.3	93
3123.76	94
3124.22	94
3124.68	86
3125.14	73
3125.6	82
3126.06	84
3126.51	82
3126.97	81
3127.43	91
3127.89	91
3128.35	74
3128.81	77
3129.27	88
3129.73	79
3130.18	77
3130.64	78
3131.1	84
3131.56	81
3132.02	82
3132.48	87
3132.93	74
3133.39	79
3133.85	78
3134.31	84
3134.77	81
3135.22	86
3135.68	76
3136.14	75
3136.6	88
3137.06	81
3137.51	81
3137.97	83
3138.43	90
3138.89	71
3139.34	89
3139.8	90
3140.26	86
3140.72	96
3141.17	84
3141.63	81
3142.09	78
3142.54	90
3143	84
3143.46	93
3143.91	91
3144.37	86
3144.83	83
3145.29	98
3145.74	79
3146.2	94
3146.66	86
3147.11	98
3147.57	90
3148.03	97
3148.48	93
3148.94	102
3149.39	92
3149.85	100
3150.31	107
3150.76	104
3151.22	109
3151.68	105
3152.13	107
3152.59	88
3153.04	103
3153.5	109
3153.96	106
3154.41	103
3154.87	111
3155.32	105
3155.78	113
3156.23	113
3156.69	121
3157.15	102
3157.6	111
3158.06	97
3158.51	102
3158.97	108
3159.42	101
3159.88	104
3160.33	113
3160.79	104
3161.24	111
3161.7	114
3162.15	128
3162.61	94
3163.06	93
3163.52	100
3163.97	97
3164.43	98
3164.88	93
3165.34	93
3165.79	106
3166.25	103
3166.7	95
3167.16	95
3167.61	97
3168.06	105
3168.52	98
3168.97	85
3169.43	95
3169.88	85
3170.34	79
3170.79	70
3171.24	94
3171.7	90
3172.15	92
3172.6	88
3173.06	78
3173.51	95
3173.97	90
3174.42	95
3174.87	86
3175.33	80
3175.78	86
3176.23	88
3176.69	84
3177.14	73
3177.59	88
3178.05	87
3178.5	87
3178.95	80
3179.41	85
3179.86	76
3180.31	68
3180.77	79
3181.22	83
3181.67	84
3182.12	86
3182.58	78
3183.03	77
3183.48	77
3183.93	84
3184.39	85
3184.84	80
3185.29	87
3185.75	79
3186.2	84
3186.65	75
3187.1	86
3187.55	84
3188.01	85
3188.46	82
3188.91	84
3189.36	88
3189.81	87
3190.27	86
3190.72	84
3191.17	88
3191.62	82
3192.07	85
3192.53	88
3192.98	95
3193.43	87
3193.88	91
3194.33	85
3194.78	87
3195.23	86
3195.69	95
3196.14	96
3196.59	96
3197.04	86
3197.49	90
3197.94	92
3198.39	76
3198.84	82
3199.3	95
3199.75	97
3200.2	98
3200.65	98
3201.1	93
3201.55	118
3202	93
3202.45	90
3202.9	89
3203.35	106
3203.8	98
3204.25	89
3204.7	96
3205.15	97
3205.6	90
3206.05	94
3206.5	92
3206.95	96
3207.4	98
3207.85	89
3208.3	93
3208.75	91
3209.2	87
3209.65	85
3210.1	96
3210.55	88
3211	89
3211.45	90
3211.9	84
3212.35	84
3212.8	90
3213.25	93
3213.7	89
3214.15	98
3214.6	89
3215.05	95
3215.5	87
3215.95	87
3216.4	95
3216.84	76
3217.29	86
3217.74	97
3218.19	81
3218.64	91
3219.09	95
3219.54	82
3219.99	87
3220.43	83
3220.88	93
3221.33	77
3221.78	83
3222.23	79
3222.68	86
3223.13	79
3223.57	93
3224.02	89
3224.47	75
3224.92	84
3225.37	86
3225.81	95
3226.26	82
3226.71	78
3227.16	76
3227.61	98
3228.05	91
3228.5	87
3228.95	85
3229.4	92
3229.84	91
3230.29	91
3230.74	94
3231.19	82
3231.64	88
3232.08	90
3232.53	102
3232.98	85
3233.42	81
3233.87	90
3234.32	83
3234.76	94
3235.21	89
3235.66	82
3236.11	88
3236.55	93
3237	101
3237.45	91
3237.89	92
3238.34	84
3238.79	88
3239.23	76
3239.68	87
3240.13	97
3240.57	75
3241.02	84
3241.47	78
3241.91	87
3242.36	91
3242.81	92
3243.25	85
3243.7	82
3244.14	84
3244.59	79
3245.03	83
3245.48	75
3245.93	85
3246.37	86
3246.82	83
3247.26	91
3247.71	85
3248.16	91
3248.6	84
3249.05	82
3249.49	84
3249.94	88
3250.38	76
3250.83	85
3251.27	73
3251.72	87
3252.16	73
3252.61	77
3253.05	82
3253.5	72
3253.94	77
3254.39	76
3254.83	88
3255.28	81
3255.72	82
3256.17	79
3256.61	80
3257.06	80
3257.5	78
3257.95	79
3258.39	85
3258.84	69
3259.28	87
3259.72	81
3260.17	70
3260.61	87
3261.06	83
3261.5	89
3261.95	77
3262.39	79
3262.83	80
3263.28	86
3263.72	76
3264.17	82
3264.61	89
3265.05	84
3265.5	97
3265.94	86
3266.38	84
3266.83	78
3267.27	82
3267.72	81
3268.16	87
3268.6	64
3269.05	82
3269.49	98
3269.93	79
3270.38	88
3270.82	83
3271.26	82
3271.71	89
3272.15	100
3272.59	93
3273.03	78
3273.48	79.5
3273.92	81
3274.36	97
3274.81	83
3275.25	82
3275.69	82
3276.13	89
3276.58	92
3277.02	75
3277.46	82
3277.9	85
3278.34	78
3278.79	87
3279.23	93
3279.67	97
3280.11	92
3280.56	89
3281	91
3281.44	90
3281.88	79
3282.32	94
3282.77	93
3283.21	89
3283.65	78
3284.09	72
3284.53	93
3284.98	88
3285.42	88
3285.86	86
3286.3	89
3286.74	80
3287.18	100
3287.62	86
3288.06	85
3288.51	79
3288.95	73
3289.39	79
3289.83	79
3290.27	91
3290.71	86
3291.15	81
3291.59	83
3292.03	90
3292.48	78
3292.92	82
3293.36	83
3293.8	86
3294.24	79
3294.68	79
3295.12	74
3295.56	81
3296	84
3296.44	86
3296.88	88
3297.32	77
3297.76	74
3298.2	69
3298.64	75
3299.08	81
3299.52	67
3299.96	84
3300.4	77
3300.84	71
3301.28	81
3301.72	58
3302.16	76
3302.6	72
3303.04	82
3303.48	62
3303.92	64
3304.36	75
3304.8	80
3305.24	71
3305.68	78
3306.12	75
3306.56	75
3307	71
3307.44	76
3307.87	79
3308.31	76
3308.75	72
3309.19	65
3309.63	81
3310.07	78
3310.51	80
3310.95	67
3311.39	76
3311.82	75
3312.26	75
3312.7	75
3313.14	81
3313.58	80
3314.02	82
3314.46	80
3314.89	77
3315.33	77
3315.77	81
3316.21	81
3316.65	74
3317.09	82
3317.52	86
3317.96	82
3318.4	86
3318.84	85
3319.28	79
3319.71	77
3320.15	79
3320.59	90
3321.03	90
3321.46	79
3321.9	87
3322.34	90
3322.78	79
3323.22	90
3323.65	86
3324.09	88
3324.53	89
3324.96	69
3325.4	69
3325.84	82
3326.28	85
3326.71	81
3327.15	74
3327.59	95
3328.02	96
3328.46	87
3328.9	88
3329.33	85
3329.77	85
3330.21	91
3330.65	94
3331.08	82
3331.52	90
3331.95	85
3332.39	84
3332.83	94
3333.26	74
3333.7	90
3334.14	81
3334.57	81
3335.01	78
3335.44	81
3335.88	85
3336.32	86
3336.75	85
3337.19	85
3337.63	81
3338.06	77
3338.5	74
3338.93	72
3339.37	83
3339.8	79
3340.24	77
3340.68	92
3341.11	76
3341.55	79
3341.98	71
3342.42	73
3342.85	80
3343.29	83
3343.72	68
3344.16	64
3344.59	79
3345.03	78
3345.46	77
3345.9	81
3346.33	75
3346.77	79
3347.2	70
3347.64	67
3348.07	77
3348.51	73
3348.94	69
3349.38	70
3349.81	64
3350.25	77
3350.68	80
3351.12	75
3351.55	76
3351.99	68
3352.42	71
3352.85	75
3353.29	71
3353.72	88
3354.16	64
3354.59	68
3355.02	68
3355.46	87
3355.89	68
3356.33	69
3356.76	85
3357.19	68
3357.63	71
3358.06	71
3358.49	74
3358.93	89
3359.36	73
3359.8	84
3360.23	74
3360.66	75
3361.1	77
3361.53	78
3361.96	83
3362.4	87
3362.83	87
3363.26	82
3363.7	76
3364.13	88
3364.56	78
3364.99	86
3365.43	74
3365.86	73
3366.29	81
3366.73	78
3367.16	77
3367.59	78
3368.02	89
3368.46	86
3368.89	73
3369.32	98
3369.75	78
3370.19	91
3370.62	77
3371.05	87
3371.48	94
3371.92	90
3372.35	89
3372.78	80
3373.21	77
3373.64	84
3374.08	90
3374.51	87
3374.94	91
3375.37	92
3375.8	85
3376.24	82
3376.67	77
3377.1	87
3377.53	89
3377.96	88
3378.39	84
3378.82	75
3379.26	79
3379.69	85
3380.12	90
3380.55	81
3380.98	83
3381.41	79
3381.84	79
3382.28	84
3382.71	71
3383.14	82
3383.57	78
3384	80
3384.43	88
3384.86	73
3385.29	80
3385.72	80
3386.15	76
3386.58	78
3387.02	89
3387.45	67
3387.88	81
3388.31	86
3388.74	81
3389.17	75
3389.6	72
3390.03	78
3390.46	72
3390.89	85.9608
3391.32	79.8008
3391.75	72.1576
3392.18	80.3176
3392.61	69.599
3393.04	75.328
3393.47	81.2835
3393.9	77.1835
3394.33	83.7832
3394.76	76.0612
3395.19	77.4749
3395.62	77.2752
3396.05	75.4024
3396.48	83.666
3396.91	84.7591
3397.34	85.9187
3397.76	81.2358
3398.19	77.2882
3398.62	83.6757
3399.05	83.2344
3399.48	86.6699
3399.91	69.4785
3400.34	81.6599
3400.77	81.5266
3401.2	79.5835
3401.63	81.3091
3402.06	79.1288
3402.49	76.4777
3402.91	85.3469
3403.34	75.4327
3403.77	82.3388
3404.2	85.4686
3404.63	87
3405.06	84.4902
3405.49	86.9578
3405.92	78.3052
3406.34	82.6704
3406.77	78.2124
3407.2	85.7825
3407.63	84.6925
3408.06	77.9423
3408.49	78.4264
3408.91	83.9934
3409.34	83.9779
3409.77	84.5577
3410.2	81.4374
3410.63	79.3641
3411.05	81.9721
3411.48	87.8566
3411.91	83.2003
3412.34	84.7534
3412.77	84.7046
3413.19	78.6934
3413.62	76.7598
3414.05	82.3743
3414.48	79.4302
3414.9	78.5044
3415.33	82.1879
3415.76	84.9445
3416.19	80.6063
3416.61	74.1534
3417.04	78.6336
3417.47	78.2675
3417.9	81.9713
3418.32	81.3424
3418.75	79.0118
3419.18	83.3668
3419.61	77.5151
3420.03	76.8767
3420.46	86.5702
3420.89	84.1188
3421.31	81.3122
3421.74	79.3575
3422.17	85.3186
3422.59	82.9261
3423.02	79.6609
3423.45	75.25
3423.87	82.4967
3424.3	80.4074
3424.73	74.7253
3425.15	79.9309
3425.58	72.8411
3426.01	86.8914
3426.43	81.9485
3426.86	83.7781
3427.28	75.5648
3427.71	80.3133
3428.14	74.6023
3428.56	80.6967
3428.99	74.1924
3429.42	82.9203
3429.84	77.5338
3430.27	80.5312
3430.69	74.4852
3431.12	82.3575
3431.54	83.4343
3431.97	79.5209
3432.4	92.0819
3432.82	78.2575
3433.25	83.8073
3433.67	85.7647
3434.1	86.0196
3434.52	89
3434.95	95
3435.37	84
3435.8	80
3436.23	82
3436.66	91
3437.09	80
3437.51	83
3437.94	88
3438.37	84
3438.8	81
3439.23	89
3439.66	87
3440.08	87
3440.51	83
3440.94	88
3441.37	78
3441.79	79
3442.22	79
3442.65	83
3443.08	68
3443.51	77
3443.93	77
3444.36	82
3444.79	80
3445.22	77
3445.64	76
3446.07	84
3446.5	79
3446.92	83
3447.35	84
3447.78	78
3448.21	85
3448.63	81
3449.06	84
3449.49	78
3449.91	76
3450.34	80
3450.77	86
3451.19	89
3451.62	81
3452.05	86
3452.47	73
3452.9	92
3453.33	83
3453.75	78
3454.18	80
3454.61	81
3455.03	82
3455.46	88
3455.89	80
3456.31	84
3456.74	80
3457.16	78
3457.59	90
3458.02	84
3458.44	88
3458.87	78
3459.29	80
3459.72	84
3460.15	88
3460.57	93
3461	83
3461.42	91
3461.85	73
3462.27	79
3462.7	88
3463.13	83
3463.55	76
3463.98	80
3464.4	78
3464.83	75
3465.25	75
3465.68	71
3466.1	75
3466.53	83
3466.95	79
3467.38	78
3467.8	69
3468.23	84
3468.65	80
3469.08	74
3469.5	76
3469.93	84
3470.35	89
3470.78	73
3471.2	84
3471.63	84
3472.05	78
3472.48	78
3472.9	85
3473.32	87
3473.75	81
3474.17	81
3474.6	76
3475.02	89
3475.45	74
3475.87	88
3476.29	80
3476.72	80
3477.14	78
3477.57	70
3477.99	84
3478.41	80
3478.84	84
3479.26	85
3479.69	84
3480.11	78
3480.53	92
3480.96	71
3481.38	70
3481.8	96
3482.23	80
3482.65	80
3483.07	85
3483.5	88
3483.92	85
3484.34	88
3484.77	92
3485.19	75
3485.61	91
3486.04	86
3486.46	93
3486.88	80
3487.31	77
3487.73	89
3488.15	90
3488.57	81
3489	93
3489.42	83
3489.84	87
3490.27	78
3490.69	91
3491.11	86
3491.53	86
3491.96	88
3492.38	82
3492.8	92
3493.22	88
3493.64	87
3494.07	79
3494.49	78
3494.91	83
3495.33	78
3495.76	79
3496.18	91
3496.6	75
3497.02	90
3497.44	77
3497.86	78
3498.29	78
3498.71	72
3499.13	83
3499.55	93
3499.97	77
3500.4	67
3500.82	76
3501.24	90
3501.66	73
3502.08	82
3502.5	75
3502.92	86
3503.34	83
3503.77	84
3504.19	66
3504.61	84
3505.03	87
3505.45	74
3505.87	77
3506.29	90
3506.71	82
3507.14	76
3507.56	72
3507.98	78
3508.4	75
3508.82	74
3509.24	83
3509.66	77
3510.08	86
3510.5	85
3510.92	88
3511.34	81
3511.76	82
3512.18	73
3512.6	76
3513.02	91
3513.44	78
3513.86	95
3514.28	84
3514.7	80
3515.12	84
3515.54	88
3515.96	80
3516.38	91
3516.8	85
3517.22	94
3517.64	79
3518.06	89
3518.48	94
3518.9	77
3519.32	89
3519.74	91
3520.16	91
3520.58	77
3521	80
3521.42	95
3521.84	93
3522.26	98
3522.68	92
3523.09	87
3523.51	84
3523.93	95
3524.35	89
3524.77	96
3525.19	90
3525.61	86
3526.03	87
3526.45	97
3526.87	100
3527.28	86
3527.7	86
3528.12	85
3528.54	98
3528.96	83
3529.38	89
3529.8	93
3530.21	86
3530.63	92
3531.05	110
3531.47	93
3531.89	85
3532.31	91
3532.72	98
3533.14	84
3533.56	83
3533.98	92
3534.4	86
3534.81	86
3535.23	89
3535.65	83
3536.07	86
3536.49	96
3536.9	81
3537.32	96
3537.74	82
3538.16	86
3538.57	90
3538.99	72
3539.41	77
3539.83	92
3540.24	81
3540.66	79
3541.08	67
3541.5	90
3541.91	88
3542.33	70
3542.75	83
3543.16	86
3543.58	82
3544	80
3544.42	81
3544.83	74
3545.25	77
3545.67	85
3546.08	81
3546.5	74
3546.92	66
3547.33	72
3547.75	79
3548.17	79
3548.58	81
3549	88
3549.41	84
3549.83	87
3550.25	77
3550.66	84
3551.08	82
3551.5	72
3551.91	82
3552.33	72
3552.74	80
3553.16	80
3553.58	73
3553.99	81
3554.41	81
3554.82	85
3555.24	75
3555.66	83
3556.07	75
3556.49	78
3556.9	86
3557.32	78
3557.73	86
3558.15	84
3558.57	90
3558.98	94
3559.4	83
3559.81	79
3560.23	100
3560.64	95
3561.06	90
3561.47	89
3561.89	85
3562.3	86
3562.72	84
3563.13	99
3563.55	94
3563.96	87
3564.38	95
3564.79	97
3565.21	93
3565.62	100
3566.04	107
3566.45	101
3566.86	97
3567.28	91
3567.69	98
3568.11	107
3568.52	103
3568.94	98
3569.35	107
3569.77	95
3570.18	104
3570.59	102
3571.01	103
3571.42	91
3571.84	110
3572.25	95
3572.66	103
3573.08	101
3573.49	89
3573.91	99
3574.32	97
3574.73	86
3575.15	86
3575.56	84
3575.97	99
3576.39	94
3576.8	97
3577.22	95
3577.63	87
3578.04	105
3578.46	87
3578.87	86
3579.28	95
3579.7	98
3580.11	87
3580.52	86
3580.93	83
3581.35	88
3581.76	83
3582.17	93
3582.59	84
3583	79
3583.41	80
3583.83	88
3584.24	79
3584.65	79
3585.06	74
3585.48	66
3585.89	81
3586.3	68
3586.71	72
3587.13	86
3587.54	78
3587.95	78
3588.36	69
3588.78	78
3589.19	72
3589.6	66
3590.01	76
3590.42	82
3590.84	83
3591.25	75
3591.66	82
3592.07	69
3592.48	76
3592.9	82
3593.31	79
3593.72	74
3594.13	68
3594.54	76
3594.95	80
3595.37	79
3595.78	78
3596.19	89
3596.6	76
3597.01	71
3597.42	74
3597.84	78
3598.25	73
3598.66	86
3599.07	76
3599.48	76
3599.89	72
3600.3	88
3600.71	85
3601.12	82
3601.53	79
3601.95	84
3602.36	99
3602.77	79
3603.18	79
3603.59	72
3604	93
3604.41	87
3604.82	92
3605.23	106
3605.64	91
3606.05	89
3606.46	81
3606.87	88
3607.28	88
3607.69	91
3608.1	85
3608.51	93
3608.93	95
3609.33	90
3609.74	94
3610.15	108
3610.56	89
3610.97	96
3611.38	103
3611.79	99
3612.2	102
3612.61	110
3613.02	98
3613.43	111
3613.84	102
3614.25	102
3614.66	111
3615.07	102
3615.48	110
3615.89	96
3616.3	115
3616.71	98
3617.12	109
3617.53	114
3617.94	95
3618.35	108
3618.76	87
3619.16	111
3619.57	107
3619.98	111
3620.39	95
3620.8	99
3621.21	99
3621.62	81
3622.03	98
3622.44	99
3622.84	95
3623.25	94
3623.66	93
3624.07	84
3624.48	93
3624.89	85
3625.3	79
3625.7	81
3626.11	86
3626.52	84
3626.93	96
3627.34	75
3627.75	90
3628.15	84
3628.56	89
3628.97	90
3629.38	80
3629.79	96
3630.19	92
3630.6	86
3631.01	81
3631.42	80
3631.83	77
3632.23	71
3632.64	73
3633.05	75
3633.46	78
3633.86	63
3634.27	76
3634.68	74
3635.09	75
3635.49	87
3635.9	81
3636.31	77
3636.72	82
3637.12	89
3637.53	83
3637.94	85
3638.34	88
3638.75	81
3639.16	87
3639.56	82
3639.97	99
3640.38	74
3640.79	68
3641.19	82
3641.6	82
3642.01	72
3642.41	89
3642.82	78
3643.23	96
3643.63	74
3644.04	86
3644.45	86
3644.85	94
3645.26	93
3645.66	98
3646.07	89
3646.48	85
3646.88	95
3647.29	93
3647.69	96
3648.1	95
3648.51	86
3648.91	94
3649.32	99
3649.73	89
3650.13	97
3650.54	100
3650.94	94
3651.35	90
3651.75	101
3652.16	91
3652.57	97
3652.97	105
3653.38	105
3653.78	87
3654.19	111
3654.59	106
3655	116
3655.4	115
3655.81	101
3656.21	99
3656.62	103
3657.02	118
3657.43	98
3657.83	109
3658.24	107
3658.64	102
3659.05	107
3659.45	105
3659.86	114
3660.26	89
3660.67	103
3661.07	102
3661.48	111
3661.88	104
3662.29	89
3662.69	98
3663.1	117
3663.5	101
3663.9	106
3664.31	106.5
3664.71	107
3665.12	106
3665.52	86
3665.93	107
3666.33	108
3666.73	94
3667.14	102
3667.54	97
3667.95	93
3668.35	92
3668.75	83
3669.16	87
3669.56	100
3669.97	87
3670.37	94
3670.77	94
3671.18	91
3671.58	99
3671.98	96
3672.39	78
3672.79	87
3673.19	90
3673.6	86
3674	80
3674.4	97
3674.81	89
3675.21	94
3675.61	82
3676.02	102
3676.42	91
3676.82	91
3677.23	93
3677.63	87
3678.03	75
3678.44	81
3678.84	87
3679.24	87
3679.64	92
3680.05	84
3680.45	97
3680.85	93
3681.25	94
3681.66	91
3682.06	97
3682.46	99
3682.86	88
3683.27	85
3683.67	96
3684.07	100
3684.47	88
3684.88	104
3685.28	101
3685.68	98
3686.08	92
3686.48	98
3686.89	92
3687.29	102
3687.69	89
3688.09	96
3688.49	95
3688.9	95
3689.3	105
3689.7	112
3690.1	113
3690.5	111
3690.9	108
3691.3	108
3691.71	105
3692.11	120
3692.51	110
3692.91	117
3693.31	111
3693.71	100
3694.11	112
3694.52	109
3694.92	119
3695.32	100
3695.72	119
3696.12	100
3696.52	114
3696.92	112
3697.32	104
3697.72	119
3698.13	109
3698.53	112
3698.93	98
3699.33	116
3699.73	102
3700.13	108
3700.53	98
3700.93	128
3701.33	106
3701.73	109
3702.13	106
3702.53	101
3702.93	103
3703.33	94
3703.73	95
3704.13	92
3704.53	90
3704.93	97
3705.33	95
3705.73	101
3706.13	94
3706.53	80
3706.93	99
3707.33	87
3707.73	86
3708.13	93
3708.53	82
3708.93	78
3709.33	83
3709.73	80
3710.13	81
3710.53	74
3710.93	68
3711.33	78
3711.73	76
3712.13	70
3712.53	76
3712.93	91
3713.33	73
3713.73	82
3714.12	76
3714.52	70
3714.92	64
3715.32	70
3715.72	79
3716.12	82
3716.52	70
3716.92	89
3717.32	80
3717.71	80
3718.11	75
3718.51	76
3718.91	72
3719.31	79
3719.71	67
3720.11	74
3720.51	72
3720.9	77
3721.3	91
3721.7	66
3722.1	71
3722.5	76
3722.89	79
3723.29	69
3723.69	82
3724.09	87
3724.49	87
3724.89	85
3725.28	85
3725.68	85
3726.08	79
3726.48	89
3726.88	78
3727.27	84
3727.67	82
3728.07	81
3728.47	92
3728.86	84
3729.26	98
3729.66	93
3730.06	89
3730.45	97
3730.85	84
3731.25	101
3731.65	98
3732.04	100
3732.44	92
3732.84	94
3733.23	93
3733.63	91
3734.03	101
3734.43	94
3734.82	99
3735.22	101
3735.62	96
3736.01	105
3736.41	105
3736.81	100
3737.2	108
3737.6	104
3738	113
3738.39	107
3738.79	106
3739.19	115
3739.58	98
3739.98	98
3740.38	101
3740.77	116
3741.17	102
3741.57	106
3741.96	111
3742.36	108
3742.75	114
3743.15	92
3743.55	113
3743.94	117
3744.34	111
3744.74	117
3745.13	97
3745.53	116
3745.92	106
3746.32	105
3746.71	113
3747.11	107
3747.51	95
3747.9	96
3748.3	109
3748.69	104
3749.09	107
3749.48	99
3749.88	88
3750.27	112
3750.67	108
3751.06	117
3751.46	112
3751.86	105
3752.25	96
3752.65	106
3753.04	102
3753.44	101
3753.83	102
3754.23	96
3754.62	96
3755.02	89
3755.41	95
3755.81	110
3756.2	91
3756.6	101
3756.99	96
3757.38	95
3757.78	99
3758.17	90
3758.57	87
3758.96	96
3759.36	81
3759.75	93
3760.15	85
3760.54	94
3760.93	92
3761.33	98
3761.72	95
3762.12	97
3762.51	93
3762.9	88
3763.3	92
3763.69	91
3764.09	103
3764.48	90
3764.88	104
3765.27	104
3765.66	100
3766.06	93
3766.45	101
3766.84	103
3767.24	88
3767.63	119
3768.02	85
3768.42	118
3768.81	101
3769.2	103
3769.6	95
3769.99	97
3770.39	103
3770.78	103
3771.17	119
3771.56	106
3771.96	94
3772.35	115.99
3772.74	108.811
3773.14	114.866
3773.53	111.562
3773.92	118.361
3774.31	117.308
3774.71	111.851
3775.1	126.028
3775.49	122.193
3775.89	132.114
3776.28	112.102
3776.67	108.927
3777.06	115.966
3777.46	113.317
3777.85	127.71
3778.24	118.555
3778.63	116.721
3779.03	126.598
3779.42	116.964
3779.81	121.142
3780.2	109.589
3780.6	111.848
3780.99	114.407
3781.38	121.686
3781.77	120.346
3782.16	123.124
3782.56	106.38
3782.95	119.325
3783.34	114.833
3783.73	111.378
3784.12	100.93
3784.52	101.408
3784.91	116.097
3785.3	95.68
3785.69	100.886
3786.08	100.26
3786.47	102.473
3786.87	104.371
3787.26	104.449
3787.65	99.3553
3788.04	91.3113
3788.43	92.6743
3788.82	98.5388
3789.21	94.5013
3789.61	91.0408
3790	88.4158
3790.39	89.8677
3790.78	95.962
3791.17	81.0107
3791.56	87.545
3791.95	86.8484
3792.34	86.6467
3792.73	80.4915
3793.13	79.4189
3793.52	82.4323
3793.91	83.7289
3794.3	79.0506
3794.69	79.3383
3795.08	78.7739
3795.47	76.0949
3795.86	78.7812
3796.25	82.3194
3796.64	75.6936
3797.03	75.5263
3797.42	79.2602
3797.81	76.7366
3798.2	81.4849
3798.59	78.1048
3798.98	71.8749
3799.38	78.4464
3799.77	78.3245
3800.16	72.5379
3800.55	74.8496
3800.94	83.1445
3801.33	71.9284
3801.72	74.125
3802.11	85.3922
3802.5	82.7904
3802.89	81.1719
3803.28	79.1187
3803.67	80.2158
3804.06	78.3699
3804.45	76.7748
3804.83	85.7227
3805.22	73.3063
3805.61	77.3202
3806	77.4335
3806.39	89.3164
3806.78	80.1008
3807.17	76.703
3807.56	82.1323
3807.95	79.6335
3808.34	77.9953
3808.73	92.8237
3809.12	88.5071
3809.51	87.0972
3809.9	90.035
3810.29	89.7411
3810.68	89.03
3811.07	89.1035
3811.45	95
3811.84	96
3812.23	101
3812.63	94
3813.02	90
3813.41	87
3813.8	86
3814.19	100
3814.58	101
3814.98	113
3815.37	111
3815.76	110
3816.15	108
3816.54	113
3816.93	113
3817.32	108
3817.71	109
3818.11	105
3818.5	108
3818.89	113
3819.28	111
3819.67	94
3820.06	121
3820.45	120
3820.84	125
3821.23	106
3821.63	113
3822.02	119
3822.41	115
3822.8	110
3823.19	115
3823.58	120
3823.97	111
3824.36	114
3824.75	116
3825.14	110
3825.53	112
3825.92	98
3826.31	99
3826.7	101
3827.09	103
3827.48	96
3827.87	112
3828.26	115
3828.66	97
3829.04	112
3829.44	114
3829.83	109
3830.22	95
3830.61	94
3830.99	93
3831.39	91
3831.78	92
3832.16	94
3832.55	84
3832.94	91
3833.33	86
3833.72	82
3834.11	102
3834.5	87
3834.89	81
3835.28	82.5
3835.67	84
3836.06	86
3836.45	85
3836.84	86
3837.23	85
3837.62	76
3838.01	85
3838.4	72
3838.79	79
3839.17	72
3839.56	83
3839.95	80
3840.34	93
3840.73	85
3841.12	78
3841.51	81
3841.9	78
3842.29	88
3842.67	80
3843.06	86
3843.45	77
3843.84	79
3844.23	84
3844.62	93
3845.01	72
3845.4	81
3845.78	76
3846.17	86
3846.56	85
3846.95	103
3847.34	83
3847.72	91
3848.11	99
3848.5	77
3848.89	97
3849.28	86
3849.67	97
3850.05	88
3850.44	102
3850.83	97
3851.22	97
3851.61	98
3851.99	100
3852.38	100
3852.77	100
3853.16	110
3853.54	117
3853.93	109
3854.32	103
3854.71	105
3855.09	103
3855.48	104
3855.87	104
3856.26	115
3856.64	103
3857.03	113
3857.42	118
3857.81	113
3858.19	117
3858.58	117
3858.97	116
3859.35	129
3859.74	127
3860.13	105
3860.51	106
3860.9	110
3861.29	118
3861.67	117
3862.06	121
3862.45	123
3862.84	127
3863.22	122
3863.61	111
3864	120
3864.38	112
3864.77	114
3865.16	106
3865.54	118
3865.93	125
3866.31	111
3866.7	130
3867.09	106
3867.47	122
3867.86	118
3868.25	107
3868.63	115
3869.02	114
3869.4	109
3869.79	105
3870.18	93
3870.56	110
3870.95	108
3871.33	100
3871.72	97
3872.1	99
3872.49	90
3872.88	109
3873.26	99
3873.65	106
3874.03	90
3874.42	83
3874.8	93
3875.19	87
3875.57	89
3875.96	78
3876.35	91
3876.73	79
3877.12	92
3877.5	96
3877.89	93
3878.27	89
3878.66	87
3879.04	84
3879.43	88
3879.81	86
3880.2	85
3880.58	79
3880.97	90
3881.35	81
3881.74	79
3882.12	86
3882.51	78
3882.89	75
3883.27	85
3883.66	91
3884.04	81
3884.43	71
3884.81	81
3885.2	87
3885.58	73
3885.97	82
3886.35	83
3886.73	87
3887.12	79
3887.5	80
3887.89	89
3888.27	80
3888.65	101
3889.04	83
3889.42	80
3889.81	83
3890.19	93
3890.57	93
3890.96	94
3891.34	100
3891.73	102
3892.11	89
3892.49	85
3892.88	114
3893.26	95
3893.64	100
3894.03	95
3894.41	94
3894.79	96
3895.18	101
3895.56	102
3895.94	112
3896.33	111
3896.71	97
3897.09	110
3897.48	95
3897.86	109
3898.24	107
3898.63	107
3899.01	118
3899.39	110
3899.78	118
3900.16	111
3900.54	113
3900.92	118
3901.31	110
3901.69	113
3902.07	108
3902.46	118
3902.84	126
3903.22	120
3903.6	123
3903.99	126
3904.37	110
3904.75	118
3905.13	119
3905.52	114
3905.9	110
3906.28	113
3906.66	111
3907.04	114
3907.43	111
3907.81	108
3908.19	113
3908.57	105
3908.96	105
3909.34	105
3909.72	95
3910.1	116
3910.48	110
3910.86	100
3911.25	99
3911.63	108
3912.01	109
3912.39	111
3912.77	96
3913.15	110
3913.54	87
3913.92	87
3914.3	99
3914.68	89
3915.06	92
3915.44	101
3915.82	93
3916.21	88
3916.59	95
3916.97	88
3917.35	83
3917.73	88
3918.11	86
3918.49	78
3918.87	93
3919.25	89
3919.64	86
3920.02	72
3920.4	86
3920.78	67
3921.16	75
3921.54	76
3921.92	81
3922.3	83
3922.68	77
3923.06	80
3923.44	77
3923.82	71
3924.2	81
3924.58	82
3924.96	77
3925.34	83
3925.72	70
3926.1	80
3926.49	87
3926.87	72
3927.25	83
3927.63	62
3928.01	75
3928.39	72
3928.77	84
3929.15	86
3929.53	84
3929.91	79
3930.29	70
3930.67	97
3931.05	88
3931.43	96
3931.8	82
3932.18	84
3932.56	86
3932.94	79
3933.32	82
3933.7	78
3934.08	84
3934.46	91
3934.84	86
3935.22	93
3935.6	89
3935.98	88
3936.36	95
3936.74	82
3937.12	94
3937.5	91
3937.87	92
3938.25	92
3938.63	96
3939.01	78
3939.39	88
3939.77	88
3940.15	81
3940.53	92
3940.91	100
3941.28	94
3941.66	102
3942.04	89
3942.42	92
3942.8	100
3943.18	102
3943.56	92
3943.93	98
3944.31	95
3944.69	102
3945.07	97
3945.45	101
3945.83	92
3946.2	94
3946.58	99
3946.96	99
3947.34	106
3947.72	96
3948.1	97
3948.47	98
3948.85	106
3949.23	86
3949.61	100
3949.98	100
3950.36	103
3950.74	98
3951.12	95
3951.5	82
3951.87	94
3952.25	97
3952.63	99
3953.01	95
3953.38	87
3953.76	90
3954.14	106
3954.52	88
3954.89	87
3955.27	102
3955.65	94
3956.03	85
3956.4	91
3956.78	90
3957.16	101
3957.53	80
3957.91	89
3958.29	90
3958.66	80
3959.04	91
3959.42	94
3959.8	93
3960.17	96
3960.55	93
3960.93	99
3961.3	86
3961.68	88
3962.06	92
3962.43	84
3962.81	85
3963.19	86
3963.56	89
3963.94	82
3964.31	80
3964.69	101
3965.07	81
3965.44	75
3965.82	92
3966.2	94
3966.57	97
3966.95	91
3967.32	88
3967.7	86
3968.08	106
3968.45	100
3968.83	88
3969.2	118
3969.58	87
3969.96	113
3970.33	106
3970.71	101
3971.08	105
3971.46	111
3971.83	114
3972.21	108
3972.59	110
3972.96	124
3973.34	122
3973.71	98
3974.09	154
3974.46	1417
3974.84	369
3975.21	114
3975.59	113
3975.96	112
3976.34	126
3976.71	125
3977.09	122
3977.46	114
3977.84	116
3978.21	104
3978.59	117
3978.96	116
3979.34	111
3979.71	117
3980.09	114
3980.46	112
3980.84	108
3981.21	114
3981.59	113
3981.96	121
3982.34	106
3982.71	118
3983.09	122
3983.46	116
3983.83	124
3984.21	98
3984.58	92
3984.96	116
3985.33	98
3985.71	106
3986.08	100
3986.45	105
3986.83	108
3987.2	111
3987.58	92
3987.95	96
3988.32	103
3988.7	104
3989.07	84
3989.45	89
3989.82	92
3990.19	90
3990.57	89
3990.94	90
3991.31	85
3991.69	96
3992.06	81
3992.44	72
3992.81	87
3993.18	72
3993.56	80
3993.93	85
3994.3	80
3994.68	77
3995.05	86
3995.42	69
3995.8	68
3996.17	72
3996.54	68
3996.91	68
3997.29	73
3997.66	68
3998.03	61
3998.41	70
3998.78	72
3999.15	78
3999.53	68
3999.9	64
