100.791	598
101.61	586
102.429	627
103.248	604
104.067	630
104.885	583
105.703	581
106.523	576
107.341	590
108.158	537
108.976	516
109.795	554
110.612	495
111.43	532
112.248	517
113.066	480
113.883	459
114.7	490
115.518	478
116.335	495
117.151	479
117.968	494
118.784	490
119.602	442
120.418	451
121.234	440
122.05	476
122.866	441
123.682	428
124.499	440
125.315	430
126.13	435
126.946	408
127.761	414
128.576	419
129.391	398
130.206	368
131.021	393
131.836	386
132.651	397
133.467	380
134.281	372
135.096	382
135.91	354
136.724	380
137.538	395
138.352	363
139.166	374
139.98	354
140.793	359
141.607	355
142.419	351
143.233	351
144.046	364
144.859	328
145.672	331
146.485	302
147.298	323
148.111	324
148.923	307
149.736	306
150.548	345
151.36	309
152.172	319
152.984	316
153.796	308
154.608	307
155.42	293
156.23	306
157.042	306
157.853	320
158.665	301
159.475	315
160.286	294
161.097	287
161.908	285
162.718	270
163.529	291
164.339	301
165.15	287
165.959	291
166.77	263
167.58	271
168.389	278
169.199	282
170.009	277
170.818	269
171.628	280
172.437	260
173.246	263
174.055	276
174.863	254
175.673	268
176.482	258
177.29	263
178.099	257
178.906	244
179.715	255
180.523	232
181.331	262
182.139	238
182.947	274
183.755	248
184.562	248
185.37	253
186.177	243
186.984	232
187.791	234
188.598	243
189.405	246
190.211	247
191.018	233
191.825	223
192.632	225
193.438	233
194.243	225
195.05	227
195.856	220
196.662	221
197.467	228
198.273	224
199.079	213
199.884	226
200.689	233
201.495	221
202.3	229
203.104	213
203.91	220
204.714	202
205.519	222
206.323	214
207.128	201
207.932	206
208.736	214
209.54	212
210.345	204
211.148	209
211.952	228
212.755	201
213.559	196
214.363	191
215.166	192
215.969	208
216.772	188
217.575	191
218.378	194
219.181	195
219.984	196
220.786	179
221.588	192
222.391	194
223.193	194
223.995	199
224.797	187
225.598	172
226.4	177
227.202	204
228.003	187
228.805	192
229.606	197
230.407	175
231.208	178
232.009	168
232.81	167
233.611	177
234.411	160
235.212	192
236.012	161
236.813	167
237.613	165
238.413	155
239.213	150
240.013	175
240.813	170
241.613	162
242.412	179
243.211	173
244.011	168
244.81	164
245.609	175
246.408	176
247.206	171
248.005	148
248.804	159
249.603	163
250.401	177
251.199	161
251.997	162
252.796	153
253.594	151
254.391	152
255.189	175
255.987	169
256.785	175
257.582	178
258.379	172
259.177	158
259.973	159
260.77	156
261.568	158
262.364	168
263.161	152
263.958	156
264.754	159
265.55	176
266.346	163
267.142	159
267.939	159
268.734	163
269.53	154
270.325	160
271.121	149
271.916	163
272.712	153
273.507	157
274.302	151
275.097	140
275.892	153
276.687	147
277.482	144
278.276	161
279.071	154
279.865	159
280.659	145
281.453	155
282.248	157
283.041	153
283.835	144
284.629	158
285.422	145
286.216	151
287.009	136
287.802	143
288.596	138
289.388	142
290.181	142
290.974	144
291.767	159
292.559	130
293.352	134
294.144	120
294.936	128
295.728	141
296.521	138
297.313	133
298.104	139
298.896	139
299.688	148
300.479	135
301.271	163
302.062	134
302.853	125
303.644	142
304.435	136
305.226	137
306.017	146
306.807	141
307.597	136
308.389	136
309.179	129
309.969	129
310.759	121
311.549	122
312.339	136
313.128	121
313.918	132
314.707	129
315.497	129
316.286	138
317.075	134
317.864	133
318.653	131
319.442	124
320.231	123
321.019	113
321.808	131
322.596	129
323.385	134
324.173	125
324.961	118
325.749	134
326.537	126
327.325	126
328.113	130
328.901	135
329.688	119
330.475	124
331.262	125
332.049	122
332.837	138
333.624	137
334.411	139
335.197	127
335.983	124
336.77	126
337.557	128
338.343	128
339.129	124
339.915	124
340.701	120
341.487	113
342.272	122
343.058	115
343.844	117
344.629	122
345.414	128
346.2	114
346.985	112
347.769	115
348.554	128
349.34	127
350.124	137
350.908	130
351.692	122
352.477	112
353.262	122
354.045	127
354.83	126
355.613	114
356.397	130
357.181	134
357.964	127
358.748	123
359.531	125
360.315	128
361.097	121
361.881	123
362.663	126
363.447	120
364.229	116
365.012	121
365.794	139
366.577	128
367.359	135
368.141	133
368.923	130
369.705	121
370.487	115
371.268	127
372.05	127
372.832	112
373.613	108
374.394	127
375.176	102
375.956	122
376.737	121
377.519	123
378.299	117
379.079	124
379.861	120
380.641	123
381.421	115
382.202	122
382.982	134
383.762	132
384.541	128
385.321	122
386.101	130
386.881	123
387.66	131
388.439	125
389.218	115
389.998	137
390.777	114
391.556	128
392.335	122
393.113	116
393.892	114
394.67	125
395.449	129
396.228	131
397.006	125
397.784	121
398.562	130
399.34	131
400.117	118
400.895	124
401.673	135
402.45	139
403.227	132
404.005	128
404.782	132
405.559	125
406.336	121
407.112	131
407.889	125
408.666	132
409.442	131
410.219	137
410.995	134
411.771	120
412.547	123
413.323	136
414.099	139
414.875	128
415.65	135
416.426	144
417.202	140
417.976	129
418.752	155
419.527	140
420.302	155
421.077	155
421.851	149
422.626	148
423.401	166
424.176	157
424.949	175
425.724	183
426.498	182
427.273	191
428.046	217
428.82	203
429.594	205
430.367	220
431.141	195
431.915	209
432.687	216
433.461	208
434.234	232
435.007	218
435.78	207
436.552	211
437.325	218
438.098	214
438.87	208
439.643	205
440.414	177
441.187	185
441.959	191
442.731	178
443.502	194
444.274	165
445.046	175
445.818	168
446.589	173
447.36	150
448.131	169
448.903	163
449.673	158
450.445	142
451.215	142
451.985	152
452.756	138
453.527	153
454.297	139
455.067	151
455.837	130
456.608	126
457.377	142
458.147	126
458.917	141
459.686	138
460.456	135
461.226	128
461.995	133
462.764	129
463.533	137
464.302	125
465.071	125
465.839	111
466.608	126
467.377	114
468.145	113
468.914	122
469.682	115
470.45	116
471.217	123
471.986	117
472.754	123
473.521	97
474.289	113
475.056	104
475.824	124
476.591	105
477.358	111
478.126	108
478.893	122
479.66	106
480.426	122
481.193	116
481.959	104
482.726	111
483.492	105
484.258	110
485.025	115
485.791	116
486.557	102
487.322	101
488.088	109
488.854	102
489.619	112
490.385	88
491.149	104
491.915	98
492.68	96
493.445	104
494.21	90
494.975	106
495.74	109
496.504	105
497.268	100
498.033	109
498.797	102
499.561	95
500.326	106
501.089	94
501.853	112
502.617	96
503.381	109
504.144	92
504.907	106
505.671	99
506.434	100
507.197	108
507.96	105
508.723	102
509.486	104
510.248	105
511.011	110
511.774	99
512.536	91
513.298	90
514.06	112
514.822	104
515.585	106
516.346	98
517.108	101
517.869	96
518.631	107
519.392	90
520.154	111
520.916	102
521.676	97
522.438	103
523.198	96
523.96	100
524.72	92
525.481	87
526.241	97
527.002	95
527.762	96
528.522	99
529.282	95
530.042	94
530.802	95
531.562	111
532.321	101
533.081	89
533.84	98
534.6	87
535.359	100
536.118	106
536.878	92
537.636	90
538.395	94
539.154	113
539.913	104
540.671	94
541.429	103
542.188	89
542.946	93
543.704	95
544.462	93
545.221	94
545.978	94
546.736	99
547.493	98
548.251	94
549.008	103
549.766	97
550.523	91
551.28	101
552.037	91
552.794	104
553.55	112
554.307	94
555.063	87
555.821	103
556.577	91
557.333	103
558.089	111
558.846	108
559.601	96
560.357	94
561.113	87
561.869	93
562.624	97
563.38	101
564.135	94
564.89	95
565.646	113
566.401	99
567.156	99
567.911	104
568.665	99
569.419	101
570.174	78
570.928	104
571.683	108
572.437	85
573.191	92
573.946	96
574.699	96
575.453	94
576.207	104
576.96	88
577.714	94
578.467	97
579.22	94
579.974	101
580.727	95
581.479	85
582.233	99
582.986	90
583.739	92
584.49	86
585.243	84
585.996	87
586.748	93
587.5	83
588.253	94
589.004	82
589.756	98
590.507	86
591.259	84
592.011	94
592.762	89
593.514	80
594.265	97
595.016	89
595.768	93
596.518	78
597.269	95
598.02	87
598.771	96
599.521	93
600.272	92
601.022	86
601.772	98
602.522	101
603.273	91
604.022	90
604.772	103
605.522	88
606.271	86
607.021	84
607.77	93
608.519	103
609.269	97
610.018	90
610.767	87
611.516	84
612.265	88
613.013	103
613.762	99
614.51	99
615.259	91
616.008	103
616.756	99
617.503	89
618.251	100
619	100
619.747	100
620.495	94
621.242	94
621.99	88
622.738	94
623.485	106
624.232	97
624.979	85
625.726	107
626.473	101
627.22	78
627.967	88
628.713	97
629.46	92
630.206	94
630.952	85
631.698	96
632.444	94
633.19	94
633.936	88
634.682	80
635.427	95
636.173	99
636.919	98
637.664	109
638.409	88
639.154	93
639.899	94
640.645	97
641.389	89
642.134	99
642.879	93
643.624	92
644.368	99
645.112	93
645.856	83
646.6	93
647.345	98
648.089	93
648.833	89
649.577	91.5
650.32	94
651.063	90
651.807	92
652.551	99
653.293	91
654.037	78
654.78	81
655.523	86
656.265	94
657.008	88
657.751	98
658.494	81
659.236	92
659.978	88
660.721	89
661.463	94
662.205	98
662.946	93
663.688	96
664.431	92
665.172	91
665.914	88
666.655	82
667.396	95
668.138	103
668.879	97
669.62	94
670.361	94
671.102	86
671.842	94
672.583	92
673.323	92
674.064	90
674.804	96
675.545	91
676.285	89
677.025	82
677.765	87
678.504	86
679.244	92
679.984	98
680.724	100
681.463	91
682.202	87
682.942	96
683.681	91
684.419	97
685.159	80
685.898	89
686.636	83
687.375	88
688.114	92
688.852	90
689.59	89
690.329	99
691.067	98
691.805	80
692.542	89
693.281	83
694.018	91
694.756	93
695.493	94
696.231	86
696.968	94
697.706	83
698.443	89
699.18	83
699.917	90
700.654	102
701.39	89
702.127	80
702.863	96
703.6	96
704.336	90
705.072	89
705.808	92
706.544	99
707.28	100
708.016	92
708.752	95
709.488	86
710.223	98
710.959	91
711.694	88
712.429	89
713.165	95
713.9	100
714.635	89
715.37	95
716.105	99
716.839	80
717.573	76
718.308	87
719.042	94
719.777	89
720.511	87
721.245	91
721.979	92
722.713	91
723.447	103
724.181	97
724.914	88
725.647	100
726.381	100
727.114	96
727.847	86
728.58	97
729.314	89
730.047	81
730.779	95
731.512	82
732.244	99
732.977	93
733.709	88
734.441	90
735.174	90
735.906	95
736.638	83
737.37	91
738.101	101
738.833	87
739.565	85
740.296	94
741.027	86
741.759	92
742.49	83
743.221	96
743.952	91
744.683	87
745.414	90
746.145	85
746.875	95
747.606	87
748.336	84
749.067	90
749.797	92
750.527	77
751.258	91
751.987	85
752.717	91
753.447	90
754.176	86
754.906	87
755.636	87
756.365	101
757.094	101
757.823	95
758.552	87
759.281	92
760.01	79
760.739	87
761.468	76
762.196	99
762.924	78
763.652	94
764.381	91
765.109	92
765.837	96
766.565	85
767.293	85
768.021	90
768.749	91
769.477	90
770.204	84
770.931	86
771.658	83
772.386	97
773.113	105
773.84	98
774.566	86
775.293	87
776.02	87
776.747	98
777.473	97
778.199	86
778.926	105
779.652	88
780.378	93
781.104	95
781.83	103
782.556	99
783.282	97
784.008	88
784.732	104
785.458	91
786.183	77
786.909	84
787.634	94
788.359	97
789.084	84
789.809	100
790.534	91
791.258	102
791.983	94
792.707	84
793.432	88
794.156	98
794.88	93
795.604	100
796.328	100
797.052	94
797.775	97
798.499	89
799.223	91
799.946	86
800.67	110
801.393	87
802.116	106
802.84	96
803.563	89
804.285	90
805.008	105
805.731	110
806.454	94
807.176	108
807.899	95
808.621	94
809.343	107
810.066	117.911
810.787	103.91
811.51	96.1999
812.231	95.5359
812.952	106.015
813.674	94.4596
814.396	95.2462
815.118	93.33
815.839	107.284
816.56	95.2218
817.281	97.0796
818.002	88.1983
818.724	102.817
819.444	95.3403
820.164	109
820.886	93.5697
821.606	103.272
822.326	101.645
823.047	105.436
823.767	102.959
824.487	105.917
825.208	100.968
825.928	101.038
826.647	105.919
827.367	99.7326
828.087	89.8863
828.807	102.525
829.526	106.263
830.245	98.67
830.965	100.577
831.685	94.2495
832.404	103.068
833.122	98.261
833.841	97.0164
834.56	112.858
835.279	99.4833
835.997	95.337
836.717	102.8
837.435	107.968
838.153	111.077
838.871	105.09
839.59	101.41
840.308	102.798
841.026	107.074
841.743	110.457
842.461	101.626
843.179	107.66
843.896	98.1914
844.614	106.134
845.331	113.885
846.049	112.474
846.766	103.555
847.483	103.653
848.2	103.736
848.917	116.275
849.634	111.672
850.35	113.864
851.067	114.025
851.784	118.332
852.5	122.773
853.217	122.417
853.933	126.429
854.649	123.26
855.365	127.689
856.081	140.513
856.797	122.309
857.513	131.202
858.229	141.147
858.944	139.504
859.659	136.847
860.375	142.525
861.091	142.924
861.805	151.602
862.52	160.63
863.236	156.942
863.95	173.035
864.665	173.127
865.38	197.903
866.094	185.785
866.809	197.358
867.524	212.91
868.238	220.808
868.952	244.506
869.666	254.999
870.38	279.642
871.095	302.439
871.808	351.727
872.522	359.445
873.235	394.898
873.949	458.959
874.662	501.644
875.376	534.825
876.089	571.851
876.803	622.677
877.515	718.534
878.229	743.81
878.941	834.707
879.655	851.394
880.367	892.44
881.079	904.783
881.166	906
881.882	892
882.599	880
883.316	871
884.032	850
884.748	786
885.464	725
886.18	655
886.897	605
887.613	552
888.328	517
889.044	436
889.76	386
890.475	393
891.19	346
891.906	295
892.622	283
893.337	259
894.052	232
894.767	216
895.481	214
896.196	194
896.911	194
897.625	188
898.34	178
899.054	170
899.768	155
900.483	147
901.197	149
901.911	136
902.625	131
903.339	138
904.052	134
904.766	144
905.48	137
906.193	117
906.906	133
907.619	120
908.332	110
909.046	115
909.759	114
910.472	114
911.185	108
911.898	109
912.609	116
913.322	108
914.035	110
914.747	100
915.46	111
916.171	111
916.883	111
917.595	97
918.307	95
919.019	93
919.731	105
920.442	97
921.154	103
921.865	94
922.576	99
923.288	91
923.999	100
924.71	104.5
925.421	109
926.132	96
926.842	94
927.553	96
928.263	88
928.974	98
929.685	97
930.394	91
931.105	87
931.815	92
932.525	93
933.235	85
933.944	94
934.655	81
935.364	96
936.074	94
936.783	87
937.492	85
938.201	91
938.911	83
939.619	84
940.329	86
941.037	93
941.747	94
942.455	91
943.164	83
943.872	78
944.58	75
945.289	88
945.997	86
946.706	88
947.413	90
948.121	86
948.829	96
949.537	82
950.244	86
950.952	88
951.659	83
952.367	89
953.074	87
953.781	83
954.488	85
955.196	82
955.903	77
956.609	91
957.316	84
958.023	91
958.729	85
959.436	89
960.142	81
960.849	98
961.555	83
962.261	86
962.967	82
963.672	75
964.378	94
965.084	88
965.79	85
966.495	81
967.201	87
967.906	93
968.611	77
969.316	78
970.021	89
970.726	88
971.432	77
972.137	83
972.841	83
973.546	76
974.25	84
974.955	82
975.659	78
976.363	81
977.068	82
977.772	76
978.476	92
979.179	89
979.883	89
980.586	87
981.29	95
981.993	84
982.697	83
983.4	90
984.104	83
984.807	88
985.51	92
986.213	82
986.916	90
987.618	78
988.321	86
989.024	90
989.726	90
990.429	80
991.13	90
991.833	88
992.535	93
993.237	88
993.94	96
994.641	77
995.343	95
996.045	91
996.746	85
997.447	104
998.149	88
998.85	85
999.551	83
1000.25	89
1000.95	106
1001.65	94
1002.36	101
1003.06	106
1003.76	83
1004.46	90
1005.16	98
1005.86	96
1006.56	93
1007.26	102
1007.96	89
1008.66	83
1009.36	86
1010.06	97
1010.76	78
1011.46	97
1012.16	106
1012.86	88
1013.56	95
1014.26	102
1014.95	106
1015.65	95
1016.35	106
1017.05	95
1017.75	98
1018.45	103
1019.15	108
1019.85	105
1020.55	105
1021.24	107
1021.94	104
1022.64	114
1023.34	104
1024.04	93
1024.73	121
1025.43	95
1026.13	100
1026.83	109
1027.52	119
1028.22	116
1028.92	117
1029.62	109
1030.31	119
1031.01	116
1031.71	140
1032.4	126
1033.1	132
1033.8	124
1034.5	134
1035.19	144
1035.89	148
1036.58	171
1037.28	150
1037.98	166
1038.67	159
1039.37	191
1040.06	181
1040.76	187
1041.46	191
1042.15	211
1042.85	217
1043.54	239
1044.24	238
1044.93	220
1045.63	263
1046.32	245
1047.02	278
1047.71	276
1048.41	245
1049.1	250
1049.8	269
1050.49	265
1051.19	251
1051.88	260
1052.58	225
1053.27	262
1053.96	260
1054.66	260
1055.35	225
1056.05	216
1056.74	230
1057.43	216
1058.13	227
1058.82	205
1059.51	207
1060.21	187
1060.9	188
1061.59	185
1062.29	186
1062.98	163
1063.67	167
1064.36	174
1065.06	158
1065.75	164
1066.44	174
1067.13	165
1067.83	156
1068.52	166
1069.21	168
1069.9	158
1070.6	180
1071.29	150
1071.98	175
1072.67	159
1073.36	178
1074.05	176
1074.74	171
1075.44	186
1076.13	170
1076.82	180
1077.51	202
1078.2	205
1078.89	191
1079.58	204
1080.27	192
1080.96	219
1081.65	205
1082.34	234
1083.03	213
1083.72	241
1084.41	228
1085.1	235
1085.79	255
1086.48	258
1087.17	264
1087.86	261
1088.55	248
1089.24	252
1089.93	278
1090.62	273
1091.31	273
1092	300
1092.69	274
1093.38	266
1094.07	256
1094.76	263
1095.44	248
1096.13	249
1096.82	247
1097.51	226
1098.2	229
1098.89	230
1099.58	223
1100.26	206
1100.95	201
1101.64	182
1102.33	184
1103.01	178
1103.7	168
1104.39	163
1105.08	147
1105.76	162
1106.45	168
1107.14	151
1107.83	132
1108.51	143
1109.2	142
1109.89	117
1110.57	158
1111.26	150
1111.95	134
1112.63	125
1113.32	131
1114	117
1114.69	137
1115.38	132
1116.06	141
1116.75	133
1117.44	137
1118.12	132
1118.81	116
1119.49	133
1120.18	130
1120.86	126
1121.55	125
1122.23	125
1122.92	125
1123.6	112
1124.29	107
1124.97	120
1125.66	135
1126.34	122
1127.03	111
1127.71	120
1128.4	126
1129.08	113
1129.77	116
1130.45	113
1131.13	119
1131.82	115
1132.5	115
1133.19	108
1133.87	106
1134.55	100
1135.24	97
1135.92	99
1136.6	108
1137.29	95
1137.97	100
1138.65	88
1139.33	106
1140.02	96
1140.7	92
1141.38	93
1142.07	93
1142.75	103
1143.43	94
1144.11	87
1144.8	99
1145.48	83
1146.16	91
1146.84	96
1147.52	80
1148.21	98
1148.89	89
1149.57	102
1150.25	82
1150.93	85
1151.61	78
1152.29	86
1152.98	98
1153.66	75
1154.34	95
1155.02	87
1155.7	91
1156.38	92
1157.06	78
1157.74	86
1158.42	85
1159.1	82
1159.78	91
1160.46	91
1161.14	79
1161.82	78
1162.5	85
1163.18	90
1163.86	82
1164.54	81
1165.22	90
1165.9	86
1166.58	84
1167.26	87
1167.94	92
1168.62	84
1169.3	77
1169.98	80
1170.66	80
1171.34	85
1172.01	75
1172.69	87
1173.37	90
1174.05	82
1174.73	87
1175.41	77
1176.08	76
1176.76	82
1177.44	70
1178.12	76
1178.8	87
1179.47	73
1180.15	76
1180.83	78
1181.51	71
1182.18	73
1182.86	79
1183.54	70
1184.22	76
1184.89	67
1185.57	85
1186.25	77
1186.92	84
1187.6	72
1188.28	81
1188.95	83
1189.63	77
1190.31	80
1190.98	77
1191.66	78
1192.34	83
1193.01	86
1193.69	76
1194.36	74
1195.04	75
1195.71	66
1196.39	71
1197.07	73
1197.74	71
1198.42	79
1199.09	80
1199.77	71
1200.44	72
1201.12	80
1201.79	82
1202.47	77
1203.14	79
1203.82	80
1204.49	81
1205.16	76
1205.84	84
1206.51	79
1207.19	76
1207.86	79
1208.54	81
1209.21	75
1209.88	71
1210.56	79
1211.23	91
1211.9	80
1212.58	90
1213.25	82
1213.93	81
1214.6	74
1215.27	78
1215.94	82
1216.62	83
1217.29	75
1217.96	73
1218.64	67
1219.31	83
1219.98	78
1220.65	80
1221.33	81
1222	73
1222.67	79
1223.34	70
1224.01	87
1224.69	69
1225.36	81
1226.03	83
1226.7	71
1227.37	83
1228.04	87
1228.72	90
1229.39	80
1230.06	80
1230.73	82
1231.4	71
1232.07	73
1232.74	77
1233.41	84
1234.08	80
1234.75	78
1235.42	81
1236.1	75
1236.77	86
1237.44	78
1238.11	76
1238.78	80
1239.45	84
1240.12	85
1240.79	89
1241.46	87
1242.13	91
1242.8	88
1243.47	78
1244.13	91
1244.8	80
1245.47	91
1246.14	89
1246.81	94
1247.48	85
1248.15	78
1248.82	91
1249.49	87
1250.15	75
1250.82	93
1251.49	78
1252.16	83
1252.83	86
1253.5	84
1254.17	84
1254.83	93
1255.5	87
1256.17	106
1256.84	98
1257.5	83
1258.17	97
1258.84	96
1259.51	102
1260.17	94
1260.84	102
1261.51	89
1262.18	114
1262.84	111
1263.51	106
1264.18	114.5
1264.84	123
1265.51	112
1266.18	101
1266.84	118
1267.51	122
1268.18	115
1268.84	129
1269.51	130
1270.17	128
1270.84	144
1271.51	135
1272.17	137
1272.84	135
1273.5	146
1274.17	147
1274.83	154
1275.5	144
1276.16	151
1276.83	157
1277.5	169
1278.16	169
1278.83	167
1279.49	144
1280.16	141
1280.82	166
1281.48	147
1282.15	133
1282.81	158
1283.48	145
1284.14	127
1284.81	115
1285.47	131
1286.13	127
1286.8	129
1287.46	117
1288.13	129
1288.79	106
1289.45	118
1290.12	116
1290.78	113
1291.44	100
1292.11	104
1292.77	113
1293.43	107
1294.1	112
1294.76	105
1295.42	91
1296.08	94
1296.75	97
1297.41	89
1298.07	103
1298.73	99
1299.4	95
1300.06	92
1300.72	111
1301.38	90
1302.04	92
1302.71	94
1303.37	97
1304.03	89
1304.69	87
1305.35	90
1306.01	101
1306.68	90
1307.34	82
1308	92
1308.66	94
1309.32	86
1309.98	93
1310.64	90
1311.3	78
1311.96	97
1312.62	84
1313.28	88
1313.94	89
1314.61	86
1315.27	96
1315.93	101
1316.59	84
1317.25	94
1317.91	97
1318.57	88
1319.23	88
1319.89	98
1320.54	82
1321.2	87
1321.86	85
1322.52	85
1323.18	80
1323.84	91
1324.5	86
1325.16	93
1325.82	95
1326.48	83
1327.14	90
1327.79	91
1328.45	87
1329.11	91
1329.77	87
1330.43	88
1331.09	86
1331.74	84
1332.4	89
1333.06	94
1333.72	90
1334.38	83
1335.03	84
1335.69	79
1336.35	87
1337.01	85
1337.66	97
1338.32	92
1338.98	85
1339.64	100
1340.29	90
1340.95	87
1341.61	93
1342.26	106
1342.92	82
1343.58	97
1344.23	85
1344.89	92
1345.55	92
1346.2	98
1346.86	89
1347.51	84
1348.17	93
1348.83	102
1349.48	101
1350.14	83
1350.79	96
1351.45	88
1352.1	103
1352.76	103
1353.42	94
1354.07	92
1354.73	97
1355.38	81
1356.04	90
1356.69	95
1357.35	87
1358	106
1358.66	97
1359.31	97
1359.96	92
1360.62	102
1361.27	98
1361.93	85
1362.58	87
1363.24	104
1363.89	89
1364.54	90
1365.2	106
1365.85	99
1366.51	99
1367.16	90
1367.81	101
1368.47	92
1369.12	91
1369.77	93
1370.43	85
1371.08	90
1371.73	89
1372.38	91
1373.04	99
1373.69	99
1374.34	101
1375	92
1375.65	95
1376.3	98
1376.95	101
1377.6	91
1378.26	99
1378.91	102
1379.56	106
1380.21	114
1380.86	112
1381.52	108
1382.17	111
1382.82	115
1383.47	120
1384.12	101
1384.77	111
1385.42	105
1386.08	131
1386.73	110
1387.38	111
1388.03	114
1388.68	103
1389.33	97
1389.98	115
1390.63	113
1391.28	110
1391.93	115
1392.58	93
1393.23	110
1393.88	99
1394.53	109
1395.18	101
1395.83	108
1396.48	121
1397.13	103
1397.78	121
1398.43	96
1399.08	112
1399.73	114
1400.38	110
1401.03	117
1401.68	113
1402.33	116
1402.98	116
1403.63	98
1404.28	105
1404.92	118
1405.57	122
1406.22	120
1406.87	127
1407.52	123
1408.17	125
1408.81	102
1409.46	126
1410.11	114
1410.76	116
1411.41	123
1412.06	118
1412.7	108
1413.35	121
1414	130
1414.65	126
1415.29	121
1415.94	131
1416.59	118
1417.23	120
1417.88	129
1418.53	131
1419.18	151
1419.82	137
1420.47	136
1421.12	140
1421.76	131
1422.41	123
1423.06	127
1423.7	135
1424.35	137
1424.99	138
1425.64	142
1426.29	139
1426.93	137
1427.58	147
1428.22	130
1428.87	156
1429.52	149
1430.16	148
1430.81	143
1431.45	168
1432.1	135
1432.74	157
1433.39	160
1434.03	157
1434.68	149
1435.32	161
1435.97	148
1436.61	148
1437.26	186
1437.9	166
1438.55	190
1439.19	172
1439.83	181
1440.48	174
1441.12	176.025
1441.77	170.408
1442.41	178.022
1443.05	174.34
1443.7	197.857
1444.34	206.433
1444.99	214.182
1445.63	219.308
1446.27	214.191
1446.92	248.085
1447.56	219.239
1448.2	258.728
1448.85	264.286
1449.49	245.117
1450.13	281.022
1450.77	281.496
1451.42	297.153
1452.06	306.637
1452.7	309.007
1453.35	311.358
1453.99	290.553
1454.63	316.946
1455.27	305.029
1455.91	319.25
1456.56	317.904
1457.2	300.865
1457.84	306.347
1458.48	281.819
1459.12	292.382
1459.77	270.016
1460.41	275.745
1461.05	266.174
1461.69	240.605
1462.33	229.628
1462.97	224.923
1463.61	215.099
1464.26	214.535
1464.9	214.74
1465.54	201.606
1466.18	197.342
1466.82	192.515
1467.46	194.294
1468.1	188.953
1468.74	185.832
1469.38	185.022
1470.02	180.808
1470.66	179.239
1471.3	187.48
1471.94	177.559
1472.58	166.215
1473.22	174.35
1473.86	164.975
1474.5	165.05
1475.14	168.074
1475.78	169.297
1476.42	167.547
1477.06	169.06
1477.7	157.215
1478.34	175.909
1478.98	163.851
1479.62	162.803
1480.26	166.908
1480.9	171.016
1481.54	165.399
1482.18	162.23
1482.81	171.721
1483.45	160.476
1484.09	162.129
1484.73	168.552
1485.37	158.365
1486.01	159.973
1486.65	163.146
1487.28	159.689
1487.92	154.607
1488.56	160.443
1489.2	150.713
1489.84	140.735
1490.47	134.688
1491.11	145.068
1491.75	128.252
1492.39	143.402
1493.03	132.317
1493.66	126.967
1494.3	121.039
1494.94	129.847
1495.57	126.031
1496.21	120.516
1496.85	124.759
1497.49	124.57
1498.12	128.833
1498.76	120.3
1499.4	114.625
1500.03	119.292
1500.67	123.354
1501.31	119.71
1501.94	122.424
1502.58	113.025
1503.21	112.258
1503.85	110.511
1504.49	115.176
1505.12	110.912
1505.28	109
1505.92	108
1506.55	133
1507.19	119
1507.83	123
1508.47	112
1509.11	130
1509.75	122
1510.39	122
1511.03	124
1511.67	123
1512.31	133
1512.95	123
1513.59	123
1514.22	119
1514.86	126
1515.5	110
1516.14	123
1516.78	120
1517.42	127
1518.05	120
1518.69	121
1519.33	116
1519.97	109
1520.61	113
1521.24	109
1521.88	107
1522.52	108
1523.16	98
1523.79	108
1524.43	96
1525.07	105
1525.71	97
1526.34	93
1526.98	100
1527.62	105
1528.26	101
1528.89	97
1529.53	97
1530.17	92
1530.8	104
1531.44	88
1532.07	93
1532.71	91
1533.35	92
1533.98	91
1534.62	88
1535.26	85
1535.89	87
1536.53	89
1537.16	87
1537.8	89
1538.44	95
1539.07	87
1539.71	90
1540.34	94
1540.98	86
1541.61	94
1542.25	83
1542.88	82
1543.52	87
1544.15	92
1544.79	87
1545.42	85
1546.06	95
1546.69	98
1547.33	90
1547.96	93
1548.6	90
1549.23	89
1549.86	98
1550.5	109
1551.13	101
1551.77	89
1552.4	95
1553.03	89
1553.67	103
1554.3	109
1554.93	113
1555.57	110
1556.2	91
1556.84	104
1557.47	104
1558.1	99
1558.73	106
1559.37	95
1560	107
1560.63	97
1561.27	88
1561.9	95
1562.53	88
1563.16	89
1563.8	86
1564.43	94
1565.06	84
1565.69	94
1566.33	86
1566.96	90
1567.59	75
1568.22	83
1568.85	86
1569.49	84
1570.12	75
1570.75	86
1571.38	75
1572.01	87
1572.64	77
1573.28	87
1573.91	92
1574.54	75
1575.17	83
1575.8	74
1576.43	73
1577.06	83
1577.69	84
1578.32	83
1578.95	86
1579.58	84
1580.21	78
1580.84	78
1581.47	72
1582.11	74
1582.73	66
1583.37	83
1584	93
1584.63	72
1585.26	82
1585.88	84
1586.51	80
1587.14	74
1587.77	78
1588.4	80
1589.03	83
1589.66	77
1590.29	86
1590.92	93
1591.55	77
1592.18	90
1592.81	109
1593.44	87
1594.06	92
1594.69	90
1595.32	104
1595.95	97
1596.58	82
1597.21	93
1597.83	89
1598.46	82
1599.09	92
1599.72	97
1600.35	89
1600.98	93
1601.6	95
1602.23	95
1602.86	90
1603.49	96
1604.11	91
1604.74	86
1605.37	77
1606	86
1606.62	80
1607.25	87
1607.88	93
1608.5	79
1609.13	88
1609.76	78
1610.38	80
1611.01	74
1611.64	77
1612.26	74
1612.89	70
1613.52	77
1614.14	78
1614.77	84
1615.39	64
1616.02	86
1616.65	85
1617.27	72
1617.9	74
1618.52	78
1619.15	85
1619.77	83
1620.4	73
1621.02	85
1621.65	73
1622.28	72
1622.9	81
1623.53	76
1624.15	61
1624.78	77
1625.4	75
1626.03	78
1626.65	78
1627.27	68
1627.9	79
1628.52	67
1629.15	75
1629.77	71
1630.4	82
1631.02	78
1631.64	73
1632.27	80
1632.89	75
1633.52	71
1634.14	76
1634.76	70
1635.39	87
1636.01	77
1636.63	76
1637.26	83
1637.88	81
1638.5	85
1639.13	81
1639.75	86
1640.37	77
1641	84
1641.62	82
1642.24	90
1642.86	78
1643.49	80
1644.11	87
1644.73	94
1645.35	76
1645.98	97
1646.6	77
1647.22	80
1647.84	80
1648.46	82
1649.09	71
1649.71	71
1650.33	81
1650.95	65
1651.57	81
1652.19	75
1652.82	82
1653.44	77
1654.06	82
1654.68	72
1655.3	71
1655.92	69
1656.54	71
1657.16	66
1657.78	71
1658.4	70
1659.03	66
1659.65	70
1660.27	74
1660.89	75
1661.51	76
1662.13	72
1662.75	61
1663.37	73
1663.99	64
1664.61	67
1665.23	72
1665.85	66
1666.47	75
1667.09	69
1667.71	64
1668.33	70
1668.95	70
1669.56	67
1670.18	62
1670.8	77
1671.42	81
1672.04	71
1672.66	72
1673.28	73
1673.9	66
1674.52	74
1675.13	69
1675.75	75
1676.37	82
1676.99	72
1677.61	64
1678.23	60
1678.84	65
1679.46	61
1680.08	71
1680.7	72
1681.32	77
1681.93	88
1682.55	73
1683.17	76
1683.79	79
1684.41	77
1685.02	79
1685.64	75
1686.26	79
1686.87	86
1687.49	70
1688.11	71
1688.73	63
1689.34	81
1689.96	81
1690.58	82
1691.19	70
1691.81	61
1692.43	71
1693.04	68
1693.66	74
1694.27	79
1694.89	66
1695.51	79
1696.12	64
1696.74	80
1697.35	69
1697.97	69
1698.59	68
1699.2	70
1699.82	65
1700.43	66
1701.05	69
1701.66	79
1702.28	67
1702.89	65
1703.51	67
1704.12	61
1704.74	71
1705.35	63
1705.97	68
1706.58	71
1707.2	67
1707.81	57
1708.43	61
1709.04	64
1709.66	65
1710.27	69
1710.88	62
1711.5	63
1712.11	64
1712.73	68
1713.34	56
1713.95	52
1714.57	68
1715.18	64
1715.8	64
1716.41	73
1717.02	64
1717.64	61
1718.25	60
1718.86	70
1719.48	56
1720.09	73
1720.7	72
1721.31	64
1721.93	68
1722.54	74
1723.15	74
1723.77	73
1724.38	65
1724.99	66
1725.6	73
1726.22	72
1726.83	66
1727.44	74
1728.05	67
1728.66	71
1729.28	66
1729.89	65
1730.5	59
1731.11	72
1731.72	67
1732.33	72
1732.95	71
1733.56	69
1734.17	65
1734.78	65
1735.39	63
1736	63
1736.61	63
1737.22	68
1737.83	62
1738.44	76
1739.06	62
1739.67	63
1740.28	69
1740.89	63
1741.5	66
1742.11	66
1742.72	49
1743.33	58
1743.94	63
1744.55	58
1745.16	64
1745.77	67
1746.38	67
1746.99	62
1747.6	61
1748.21	66
1748.82	56
1749.43	56
1750.04	63
1750.65	61
1751.25	59
1751.86	60
1752.47	56
1753.08	54
1753.69	58
1754.3	52
1754.91	60
1755.52	62
1756.13	62
1756.73	64
1757.34	59
1757.95	51
1758.56	52
1759.17	58
1759.78	52
1760.38	70
1760.99	59
1761.6	57
1762.21	58
1762.81	56
1763.42	57
1764.03	59
1764.64	63
1765.24	59
1765.85	62
1766.46	58
1767.07	67
1767.67	71
1768.28	67
1768.89	68
1769.5	62
1770.1	63
1770.71	61
1771.32	65
1771.92	51
1772.53	66
1773.14	66
1773.74	66
1774.35	64
1774.95	61
1775.56	48
1776.17	61
1776.77	61
1777.38	60
1777.99	73
1778.59	68
1779.2	56
1779.8	56
1780.41	64
1781.01	56
1781.62	64
1782.22	66
1782.83	55
1783.43	62
1784.04	64
1784.65	59
1785.25	62
1785.85	62
1786.46	61
1787.06	56
1787.67	46
1788.27	59
1788.88	67
1789.48	58
1790.09	64
1790.69	59
1791.3	56
1791.9	64
1792.5	47
1793.11	56
1793.71	64
1794.32	60
1794.92	68
1795.52	55
1796.13	66
1796.73	51
1797.33	68
1797.94	59
1798.54	56
1799.14	51
1799.75	49
1800.35	50
1800.95	59
1801.56	60
1802.16	55
1802.76	58
1803.37	58
1803.97	52
1804.57	63
1805.17	57
1805.78	53
1806.38	51
1806.98	59
1807.58	54
1808.18	51
1808.79	66
1809.39	58
1809.99	65
1810.59	53
1811.19	56
1811.8	53
1812.4	60
1813	59
1813.6	59
1814.2	59
1814.8	58
1815.41	55
1816.01	50
1816.61	51
1817.21	54
1817.81	62
1818.41	53
1819.01	62
1819.61	56
1820.21	62
1820.81	55
1821.41	56
1822.01	50
1822.61	58
1823.22	53
1823.82	50
1824.42	58
1825.02	52
1825.62	54
1826.22	61
1826.82	52
1827.42	64
1828.02	52
1828.61	52
1829.21	55
1829.81	60
1830.41	51
1831.01	53
1831.61	57
1832.21	49
1832.81	54
1833.41	61
1834.01	55
1834.61	54
1835.21	58
1835.81	56
1836.4	58
1837	55
1837.6	47
1838.2	47
1838.8	46
1839.4	50
1839.99	55
1840.59	59
1841.19	53
1841.79	56
1842.39	56
1842.98	45
1843.58	50
1844.18	53
1844.78	58
1845.38	63
1845.97	54
1846.57	53
1847.17	55
1847.76	57
1848.36	55
1848.96	58
1849.56	57
1850.15	55
1850.75	55
1851.35	52
1851.94	58
1852.54	58
1853.14	56
1853.73	58
1854.33	64
1854.93	55
1855.52	53
1856.12	51
1856.72	59
1857.31	46
1857.91	51
1858.5	65
1859.1	64
1859.7	62
1860.29	67
1860.89	53
1861.48	64
1862.08	54
1862.67	55
1863.27	52
1863.86	52
1864.46	60
1865.05	59
1865.65	58
1866.25	60
1866.84	50
1867.43	53
1868.03	55
1868.62	55
1869.22	48
1869.81	60
1870.41	60
1871	53
1871.6	51
1872.19	57
1872.79	59
1873.38	52
1873.97	57
1874.57	59
1875.16	60
1875.76	64
1876.35	52
1876.94	56
1877.54	57
1878.13	50
1878.72	43
1879.32	60
1879.91	47
1880.5	41
1881.1	56
1881.69	57
1882.28	49
1882.88	58
1883.47	42
1884.06	50
1884.66	64
1885.25	48
1885.84	63
1886.43	43
1887.03	60
1887.62	56
1888.21	51
1888.8	57
1889.4	54
1889.99	51
1890.58	62
1891.17	57
1891.76	49
1892.35	53
1892.95	46
1893.54	65
1894.13	56
1894.72	53
1895.31	52
1895.9	56
1896.5	64
1897.09	47
1897.68	58
1898.27	56
1898.86	56
1899.45	54
1900.04	58
1900.63	45
1901.22	51
1901.81	60
1902.4	54
1903	52
1903.59	49
1904.18	54
1904.77	55
1905.36	50
1905.95	56
1906.54	58
1907.13	46
1907.72	56
1908.31	60
1908.9	61
1909.49	56
1910.08	54
1910.67	49
1911.26	51
1911.84	49
1912.43	49
1913.02	60
1913.61	55
1914.2	45
1914.79	62
1915.38	51
1915.97	53
1916.56	60
1917.15	49
1917.73	63
1918.32	55
1918.91	58
1919.5	47
1920.09	55
1920.68	56
1921.27	48
1921.85	50
1922.44	51
1923.03	56
1923.62	54
1924.21	59
1924.79	54
1925.38	55
1925.97	55
1926.56	51
1927.14	48
1927.73	51
1928.32	51
1928.91	49
1929.49	59
1930.08	45
1930.67	52
1931.26	55
1931.84	54
1932.43	52
1933.02	44
1933.6	51
1934.19	46
1934.78	53
1935.36	54
1935.95	57
1936.54	47
1937.12	56
1937.71	52
1938.29	60
1938.88	42
1939.47	55
1940.05	51
1940.64	52
1941.22	55
1941.81	48
1942.4	49
1942.98	49
1943.57	51
1944.15	50
1944.74	39
1945.32	54
1945.91	55
1946.49	61
1947.08	56
1947.66	55
1948.25	45
1948.83	50
1949.42	58
1950	62
1950.59	58
1951.17	47
1951.76	53
1952.34	55
1952.93	52
1953.51	52
1954.1	56
1954.68	52
1955.26	44
1955.85	52
1956.43	55
1957.02	51
1957.6	42
1958.18	52
1958.77	48
1959.35	44
1959.93	45
1960.52	52
1961.1	51
1961.68	45
1962.27	53
1962.85	47
1963.43	50
1964.02	54
1964.6	45
1965.18	53
1965.77	48
1966.35	47
1966.93	50
1967.51	53
1968.1	53
1968.68	51
1969.26	52
1969.84	41
1970.43	49
1971.01	55
1971.59	51
1972.17	57
1972.75	45
1973.34	52
1973.92	53
1974.5	46
1975.08	48
1975.66	48
1976.24	53
1976.83	47
1977.41	46
1977.99	42
1978.57	51
1979.15	53
1979.73	40
1980.31	45
1980.89	58
1981.48	49
1982.06	44
1982.64	57
1983.22	38
1983.8	45
1984.38	43
1984.96	46
1985.54	43
1986.12	44
1986.7	46
1987.28	55
1987.86	44
1988.44	49
1989.02	45
1989.6	50
1990.18	50
1990.76	41
1991.34	39
1991.92	41
1992.5	46
1993.08	50
1993.66	47
1994.24	49
1994.82	53
1995.4	55
1995.98	46
1996.56	50
1997.13	47
1997.71	45
1998.29	50
1998.87	52
1999.45	47
2000.03	55
2000.61	49
2001.19	48
2001.76	55
2002.34	50
2002.92	48
2003.5	42
2004.08	48
2004.66	46
2005.23	44
2005.81	47
2006.39	48.965
2006.97	40.0182
2007.54	46.148
2008.12	47.1717
2008.7	57.6504
2009.28	50.2514
2009.85	46.4535
2010.43	43.5063
2011.01	44.6778
2011.59	50.6294
2012.16	43.1332
2012.74	46.8219
2013.32	48.5351
2013.9	47.9802
2014.47	46.6401
2015.05	51.6276
2015.63	46.4122
2016.2	45.2632
2016.78	46.8647
2017.36	47.0061
2017.93	45.2327
2018.51	50.644
2019.08	46.468
2019.66	38.2674
2020.24	46.9538
2020.81	51.6533
2021.39	49.5934
2021.97	42.3048
2022.54	44.2785
2023.12	45.2722
2023.69	49.2425
2024.27	48.1393
2024.84	45.8867
2025.42	42.9596
2026	45.6296
2026.57	47.6731
2027.15	46.3138
2027.72	44.4125
2028.3	53.685
2028.87	42.3437
2029.45	46.6877
2030.02	49.5535
2030.6	43.7931
2031.17	50.2656
2031.75	48.508
2032.32	45.9204
2032.9	45.872
2033.47	46.5491
2034.05	44.8835
2034.62	45.9644
2035.19	50.2492
2035.77	52.4139
2036.34	48.4534
2036.92	46.4249
2037.49	47.2172
2038.06	45.5892
2038.64	46.8323
2039.21	49.8952
2039.79	51.0854
2040.36	48.6514
2040.93	50.8857
2041.51	49.4582
2042.08	46.5231
2042.65	49.7654
2043.23	48.1974
2043.8	42.1994
2044.38	46.4074
2044.95	43.0895
2045.52	43.8775
2046.09	49.7211
2046.67	48.655
2047.24	47.5165
2047.81	44.7756
2048.39	43.7156
2048.96	46.2652
2049.53	49.2741
2050.1	51.1842
2050.68	52.0477
2051.25	48.1052
2051.82	47.9478
2052.39	48.0328
2052.97	43.7489
2053.54	49.3013
2054.11	51.069
2054.68	48.1483
2055.25	44.8264
2055.83	43.0837
2056.4	51.507
2056.97	44.855
2057.54	48.9583
2058.11	44.6903
2058.68	44.255
2059.26	44.5915
2059.83	47.6518
2060.4	46.3123
2060.97	53.8088
2061.54	50.1636
2062.11	48.2888
2062.68	52.4858
2063.25	45.671
2063.72	44
2064.3	50
2064.87	39
2065.45	44
2066.02	44
2066.6	47
2067.17	47
2067.74	42
2068.32	44
2068.89	45
2069.47	48
2070.04	52
2070.61	39
2071.19	48
2071.76	56
2072.33	45
2072.91	43
2073.48	40
2074.05	47
2074.63	42
2075.2	54
2075.77	51
2076.35	43
2076.92	52
2077.49	52
2078.07	46
2078.64	42
2079.21	50
2079.78	46
2080.36	47
2080.93	48
2081.5	49
2082.07	54
2082.65	49
2083.22	50
2083.79	49
2084.36	55
2084.93	48
2085.51	53
2086.08	49
2086.65	47
2087.22	46
2087.79	45
2088.37	50
2088.94	48
2089.51	47
2090.08	54
2090.65	41
2091.22	51
2091.79	52
2092.36	53
2092.94	46
2093.51	51
2094.08	51
2094.65	55
2095.22	42
2095.79	53
2096.36	45
2096.93	52
2097.5	46
2098.07	56
2098.64	53
2099.21	50
2099.78	46
2100.35	45
2100.92	56
2101.49	48
2102.06	43
2102.63	49
2103.2	48
2103.77	44
2104.34	44
2104.91	41
2105.48	49
2106.05	47
2106.62	47
2107.19	49
2107.76	38
2108.33	40
2108.9	48
2109.47	49
2110.04	51
2110.6	43
2111.17	40
2111.74	57
2112.31	45
2112.88	43
2113.45	44
2114.02	53
2114.58	48
2115.15	46
2115.72	53
2116.29	49
2116.86	52
2117.43	42
2117.99	39
2118.56	51
2119.13	46
2119.7	47
2120.27	43
2120.83	42
2121.4	41
2121.97	46
2122.54	47
2123.1	48
2123.67	47
2124.24	50
2124.81	41
2125.37	40
2125.94	46
2126.51	43
2127.07	46
2127.64	43
2128.21	50
2128.77	44
2129.34	51
2129.91	44
2130.47	45
2131.04	50
2131.61	44
2132.17	51
2132.74	47
2133.31	50
2133.87	42
2134.44	42
2135.01	50
2135.57	42
2136.14	46
2136.7	49
2137.27	42
2137.83	50
2138.4	51
2138.97	53
2139.53	46
2140.1	46
2140.66	45
2141.23	44
2141.79	51
2142.36	42
2142.92	51
2143.49	49
2144.05	47
2144.62	47
2145.18	47
2145.75	42
2146.31	42
2146.88	39
2147.44	41
2148.01	48
2148.57	44
2149.13	52
2149.7	50
2150.26	43
2150.83	42
2151.39	48
2151.95	47
2152.52	52
2153.08	50
2153.65	41
2154.21	44
2154.77	50
2155.34	42
2155.9	49
2156.46	50
2157.03	47
2157.59	45
2158.15	45
2158.72	45
2159.28	50
2159.84	48
2160.41	54
2160.97	51
2161.53	45
2162.1	47
2162.66	42
2163.22	48
2163.78	47
2164.35	45
2164.91	44
2165.47	55
2166.03	46
2166.6	52
2167.16	51
2167.72	45
2168.28	42
2168.84	42
2169.41	48
2169.97	50
2170.53	44
2171.09	44
2171.65	44
2172.21	45
2172.78	45
2173.34	54
2173.9	58
2174.46	49
2175.02	46
2175.58	43
2176.14	45
2176.71	47
2177.27	44
2177.83	52
2178.39	37
2178.95	47
2179.51	50
2180.07	47
2180.63	40
2181.19	57
2181.75	46
2182.31	49
2182.87	39
2183.43	52
2183.99	46
2184.55	41
2185.11	45
2185.67	45
2186.23	52
2186.79	45
2187.35	43
2187.91	47
2188.47	55
2189.03	49
2189.59	41
2190.15	47
2190.71	47
2191.27	47
2191.83	47
2192.39	49
2192.95	49
2193.51	44
2194.07	48
2194.62	47
2195.18	46
2195.74	55
2196.3	45
2196.86	44
2197.42	43
2197.98	50
2198.54	48
2199.09	48
2199.65	39
2200.21	45
2200.77	48
2201.33	43
2201.88	47
2202.44	53
2203	46
2203.56	47
2204.12	49
2204.67	57
2205.23	49
2205.79	44
2206.35	49
2206.9	42
2207.46	45
2208.02	41
2208.58	51
2209.13	37
2209.69	36
2210.25	49
2210.81	40
2211.36	47
2211.92	45
2212.48	51
2213.03	49
2213.59	49
2214.15	44
2214.7	47
2215.26	48
2215.81	45
2216.37	48
2216.93	49
2217.48	45
2218.04	50
2218.6	49
2219.15	40
2219.71	46
2220.26	38
2220.82	47
2221.38	52
2221.93	54
2222.49	43
2223.04	45
2223.6	44
2224.15	47
2224.71	50
2225.26	55
2225.82	47
2226.38	46
2226.93	42
2227.49	45
2228.04	42
2228.59	45
2229.15	47
2229.7	48
2230.26	44
2230.81	56
2231.37	48
2231.92	44
2232.48	49
2233.03	44
2233.59	51
2234.14	48
2234.69	40
2235.25	46
2235.8	43
2236.36	45
2236.91	48
2237.46	45
2238.02	44
2238.57	44
2239.13	55
2239.68	47
2240.23	46
2240.79	46
2241.34	40
2241.89	50
2242.45	53
2243	52
2243.55	49
2244.11	40
2244.66	46
2245.21	45
2245.76	42
2246.32	50
2246.87	44
2247.42	41
2247.98	43
2248.53	40
2249.08	48
2249.63	47
2250.19	51
2250.74	44
2251.29	49
2251.84	52
2252.39	41
2252.95	40
2253.5	50
2254.05	41
2254.6	49
2255.15	53
2255.71	44
2256.26	59
2256.81	43
2257.36	45
2257.91	48
2258.46	55
2259.01	40
2259.57	49
2260.12	47
2260.67	52
2261.22	47
2261.77	49
2262.32	51
2262.87	44
2263.42	46
2263.97	45
2264.52	45
2265.07	47
2265.62	49
2266.18	49
2266.73	52
2267.28	47
2267.83	37
2268.38	45
2268.93	47
2269.48	44
2270.03	53
2270.58	46
2271.13	49
2271.68	39
2272.23	43
2272.78	46
2273.33	40
2273.87	48
2274.42	47
2274.97	56
2275.52	50
2276.07	53
2276.62	51
2277.17	49
2277.72	41
2278.27	43
2278.82	50
2279.37	53
2279.92	47
2280.46	49
2281.01	50
2281.56	46
2282.11	48
2282.66	39
2283.21	45
2283.76	48
2284.3	54
2284.85	50
2285.4	56
2285.95	40
2286.5	42
2287.04	53
2287.59	46
2288.14	52
2288.69	52
2289.24	51
2289.78	50
2290.33	46
2290.88	43
2291.43	44
2291.97	56
2292.52	45
2293.07	40
2293.62	45
2294.16	48
2294.71	46
2295.26	47
2295.8	52
2296.35	45
2296.9	52
2297.44	45
2297.99	49
2298.54	50
2299.08	43
2299.63	43
2300.18	52
2300.72	57
2301.27	44
2301.82	44
2302.36	43
2302.91	45
2303.45	47
2304	38
2304.55	45
2305.09	43
2305.64	48
2306.18	44
2306.73	37
2307.28	49
2307.82	42
2308.37	46
2308.91	43
2309.46	48
2310	41
2310.55	40
2311.09	49
2311.64	43
2312.18	43
2312.73	43
2313.27	48
2313.82	47
2314.36	47
2314.91	54
2315.45	43
2316	40
2316.54	42
2317.09	54
2317.63	50
2318.17	44
2318.72	49
2319.26	53
2319.81	45
2320.35	47
2320.89	46
2321.44	48
2321.98	54
2322.53	53
2323.07	45
2323.61	49
2324.16	42
2324.7	51
2325.24	52
2325.79	58
2326.33	49
2326.87	44
2327.42	39
2327.96	54
2328.5	52
2329.05	51
2329.59	45
2330.13	55
2330.68	47
2331.22	48
2331.76	47
2332.3	47
2332.85	42
2333.39	44
2333.93	44
2334.47	43
2335.02	35
2335.56	40
2336.1	44
2336.64	42
2337.19	55
2337.73	41
2338.27	46
2338.81	39
2339.35	50
2339.89	51
2340.44	45
2340.98	46
2341.52	48
2342.06	47
2342.6	42
2343.14	46
2343.69	42
2344.23	55
2344.77	49
2345.31	56
2345.85	44
2346.39	46
2346.93	47
2347.47	38
2348.01	37
2348.55	52
2349.09	43
2349.64	36
2350.18	38
2350.72	54
2351.26	52
2351.8	56
2352.34	37
2352.88	46
2353.42	46
2353.96	37
2354.5	47
2355.04	48
2355.58	54
2356.12	50
2356.66	47
2357.2	52
2357.74	45
2358.28	52
2358.82	44
2359.36	41
2359.9	46
2360.43	39
2360.97	49
2361.51	45
2362.05	40
2362.59	44
2363.13	45
2363.67	45
2364.21	39
2364.75	45
2365.29	43
2365.82	40
2366.36	41
2366.9	43
2367.44	48
2367.98	39
2368.52	45
2369.06	52
2369.59	49
2370.13	49
2370.67	44
2371.21	54
2371.75	46.5
2372.28	39
2372.82	45
2373.36	48
2373.9	42
2374.44	51
2374.97	51
2375.51	40
2376.05	48
2376.59	36
2377.12	44
2377.66	39
2378.2	34
2378.73	56
2379.27	51
2379.81	38
2380.35	44
2380.88	51
2381.42	43
2381.96	47
2382.49	50
2383.03	42
2383.57	40
2384.1	43
2384.64	44
2385.18	45
2385.71	42
2386.25	47
2386.78	46
2387.32	39
2387.86	44
2388.39	43
2388.93	47
2389.47	41
2390	39
2390.54	44
2391.07	47
2391.61	47
2392.14	44
2392.68	44
2393.22	44
2393.75	41
2394.29	35
2394.82	42
2395.36	43
2395.89	45
2396.43	35
2396.96	44
2397.5	37
2398.03	42
2398.57	51
2399.1	35
2399.64	35.5
2400.17	36
2400.71	35
2401.24	39
2401.77	42
2402.31	42
2402.84	44
2403.38	42
2403.91	39
2404.45	42
2404.98	47
2405.51	52
2406.05	42
2406.58	42
2407.12	52
2407.65	47
2408.18	52
2408.72	43
2409.25	44
2409.78	41
2410.32	41
2410.85	43
2411.38	42
2411.92	44
2412.45	41
2412.98	39
2413.52	38
2414.05	40
2414.58	47
2415.12	48
2415.65	50
2416.18	44
2416.71	44
2417.25	43
2417.78	41
2418.31	43
2418.84	48
2419.38	46
2419.91	48
2420.44	44
2420.97	44
2421.51	49
2422.04	44
2422.57	49
2423.1	41
2423.63	46
2424.17	41
2424.7	49
2425.23	44
2425.76	41
2426.29	48
2426.82	40
2427.36	45
2427.89	47
2428.42	43
2428.95	54
2429.48	50
2430.01	43
2430.54	39
2431.07	38
2431.61	41
2432.14	45
2432.67	46
2433.2	35
2433.73	47
2434.26	44
2434.79	44
2435.32	42
2435.85	47
2436.38	47
2436.91	47
2437.44	49
2437.97	44
2438.5	48
2439.03	49
2439.56	44
2440.09	42
2440.62	46
2441.15	55
2441.68	41
2442.21	37
2442.74	45
2443.27	40
2443.8	50
2444.33	40
2444.86	52
2445.39	44
2445.92	48
2446.45	47
2446.98	35
2447.51	46
2448.04	48
2448.56	50
2449.09	46
2449.62	32
2450.15	48
2450.68	39
2451.21	49
2451.74	49
2452.27	50
2452.79	50
2453.32	49
2453.85	40
2454.38	45
2454.91	41
2455.44	40
2455.96	46
2456.49	39
2457.02	51
2457.55	46
2458.08	47
2458.6	46
2459.13	47
2459.66	46
2460.19	55
2460.71	48
2461.24	51
2461.77	45
2462.3	52
2462.82	48
2463.35	42
2463.88	43
2464.41	44
2464.93	46
2465.46	48
2465.99	48
2466.51	51
2467.04	51
2467.57	47
2468.09	46
2468.62	45
2469.15	44
2469.67	50
2470.2	44
2470.73	47
2471.25	44
2471.78	47
2472.31	47
2472.83	53
2473.36	49
2473.88	44
2474.41	46
2474.94	43
2475.46	44
2475.99	41
2476.51	44
2477.04	49
2477.56	45
2478.09	51
2478.62	38
2479.14	44
2479.67	48
2480.19	43
2480.72	52
2481.24	46
2481.77	46
2482.29	34
2482.82	46
2483.34	46
2483.87	52
2484.39	42
2484.92	48
2485.44	44
2485.97	46
2486.49	58
2487.01	54
2487.54	52
2488.06	52
2488.59	46
2489.11	51
2489.64	41
2490.16	48
2490.68	51
2491.21	51
2491.73	45
2492.26	45
2492.78	46
2493.3	49
2493.83	47
2494.35	41
2494.87	54
2495.4	42
2495.92	55
2496.45	48
2496.97	37
2497.49	48
2498.01	50
2498.54	45
2499.06	39
2499.58	50
2500.11	43
2500.63	40
2501.15	44
2501.68	49
2502.2	48
2502.72	53
2503.24	51
2503.77	46
2504.29	45
2504.81	44
2505.33	48
2505.86	51
2506.38	50
2506.9	38
2507.42	42
2507.94	46
2508.47	44
2508.99	40
2509.51	44
2510.03	46
2510.55	44
2511.08	45
2511.6	53
2512.12	51
2512.64	58
2513.16	42
2513.68	45
2514.21	54.936
2514.73	47.8877
2515.25	49.1444
2515.77	40.3073
2516.29	48.8227
2516.81	44.7846
2517.33	49.2999
2517.85	49.4814
2518.37	45.4046
2518.89	52.8116
2519.41	41.1991
2519.94	45.0996
2520.46	47.1115
2520.98	48.6165
2521.5	42.3009
2522.02	45.1282
2522.54	40.4505
2523.06	40.9893
2523.58	44.3506
2524.1	39.5044
2524.62	46.2782
2525.14	49.3676
2525.66	42.7164
2526.18	44.1786
2526.7	46.4804
2527.22	44.2235
2527.74	43.2857
2528.26	45.6599
2528.78	42.0496
2529.3	41.4659
2529.82	46.5213
2530.34	46.3897
2530.86	45.9015
2531.37	44.0641
2531.89	46.1889
2532.41	43.2904
2532.93	41.0684
2533.45	48.9247
2533.97	45.3201
2534.49	52.342
2535.01	43.5685
2535.53	46.504
2536.05	53.9845
2536.56	47.1324
2537.08	47.5253
2537.6	53.7219
2538.12	47.1246
2538.64	43.8078
2539.16	45.9478
2539.68	41.7866
2540.19	44.3784
2540.71	48.0283
2541.23	51.3758
2541.75	46.2105
2542.27	45.9693
2542.78	42.7011
2543.3	44.9555
2543.82	47.9395
2544.34	46.0335
2544.86	47.2023
2545.37	48.3949
2545.89	47.8479
2546.41	46.6526
2546.93	45.8538
2547.44	47.1793
2547.96	44.128
2548.48	44.7402
2549	47.6984
2549.51	45.8873
2550.03	48.3126
2550.55	43.4691
2551.06	44.2191
2551.58	50.6835
2552.1	46.0333
2552.62	44.1374
2553.13	48.3722
2553.65	50.0922
2554.17	46.534
2554.68	44.0994
2555.2	45.7318
2555.71	44.2109
2556.23	41.0068
2556.75	47.5869
2557.26	46.6041
2557.78	46.4402
2558.3	47.7353
2558.81	49.746
2559.33	46.8332
2559.84	45.1978
2560.36	46.699
2560.88	42.7939
2561.39	43.0223
2561.91	51.0362
2562.42	49.677
2562.94	44.8992
2563.46	46.2969
2563.97	48.4347
2564.49	48.9345
2565	50.1763
2565.52	44.1226
2566.03	45.6688
2566.55	46.4726
2566.87	44
2567.39	39
2567.91	41
2568.42	42
2568.94	41
2569.46	58
2569.98	49
2570.5	51
2571.02	41
2571.53	41
2572.05	43
2572.57	47
2573.09	41
2573.6	46
2574.12	47
2574.64	42
2575.16	43
2575.68	45
2576.19	57
2576.71	45
2577.23	55
2577.75	43
2578.26	49
2578.78	53
2579.3	40
2579.81	51
2580.33	46
2580.85	45
2581.37	49
2581.88	43
2582.4	45
2582.92	47
2583.43	44
2583.95	42
2584.47	44
2584.98	43
2585.5	42
2586.02	42
2586.53	49
2587.05	48
2587.56	51
2588.08	43
2588.6	42
2589.11	39
2589.63	46
2590.14	49
2590.66	55
2591.18	50
2591.69	45
2592.21	50
2592.72	41
2593.24	51
2593.75	51
2594.27	47
2594.78	46
2595.3	46
2595.82	44
2596.33	54
2596.85	49
2597.36	43
2597.88	37
2598.39	44
2598.91	52
2599.42	49
2599.94	37
2600.45	49
2600.97	43
2601.48	47
2601.99	38
2602.51	46
2603.02	38
2603.54	48
2604.05	42
2604.57	49
2605.08	55
2605.59	48
2606.11	50
2606.62	51
2607.14	48
2607.65	47
2608.16	42
2608.68	47
2609.19	41
2609.71	44
2610.22	49
2610.73	46
2611.25	56
2611.76	44
2612.27	45
2612.79	47
2613.3	48
2613.81	44
2614.33	46
2614.84	48
2615.35	50
2615.87	38
2616.38	50
2616.89	49
2617.4	41
2617.92	56
2618.43	38
2618.94	44
2619.46	42
2619.97	40
2620.48	50
2620.99	48
2621.5	49
2622.02	53
2622.53	42
2623.04	48
2623.55	47
2624.07	46
2624.58	44
2625.09	41
2625.6	47
2626.11	49
2626.63	56
2627.14	37
2627.65	38
2628.16	39
2628.67	44
2629.18	52
2629.69	42
2630.21	46
2630.72	44
2631.23	50
2631.74	36
2632.25	48
2632.76	52
2633.27	47
2633.78	47
2634.3	56
2634.81	45
2635.32	55
2635.83	51
2636.34	43
2636.85	42
2637.36	63
2637.87	57
2638.38	42
2638.89	49
2639.4	50
2639.91	48
2640.42	47
2640.93	56
2641.44	45
2641.95	54
2642.46	49
2642.97	52
2643.48	47
2643.99	55
2644.5	49
2645.01	48
2645.52	56
2646.03	51
2646.54	50
2647.05	47
2647.56	52
2648.07	56
2648.58	54
2649.09	49
2649.59	54
2650.1	53
2650.61	51
2651.12	42
2651.63	48
2652.14	52
2652.65	49
2653.16	43
2653.67	51
2654.17	53
2654.68	48
2655.19	51
2655.7	49
2656.21	48
2656.72	52
2657.22	41
2657.73	45
2658.24	51
2658.75	51
2659.26	48
2659.77	52
2660.27	50
2660.78	52
2661.29	53
2661.8	47
2662.3	44
2662.81	46
2663.32	48
2663.83	52
2664.34	55
2664.84	43
2665.35	54
2665.86	47
2666.36	45
2666.87	52
2667.38	48
2667.89	47
2668.39	41
2668.9	47
2669.41	51
2669.91	49
2670.42	46
2670.93	53
2671.43	46
2671.94	48
2672.45	45
2672.95	37
2673.46	52
2673.97	48
2674.47	46
2674.98	56
2675.48	49
2675.99	41
2676.5	52
2677	45
2677.51	53
2678.01	48
2678.52	45
2679.03	53
2679.53	50
2680.04	51
2680.54	52
2681.05	61
2681.55	51
2682.06	55
2682.57	51
2683.07	60
2683.58	52
2684.08	61
2684.59	51
2685.09	54
2685.6	56
2686.1	63
2686.61	59
2687.11	66
2687.62	53
2688.12	49
2688.63	65
2689.13	61
2689.63	51
2690.14	55
2690.64	56
2691.15	58
2691.65	49
2692.16	48
2692.66	61
2693.17	54
2693.67	60
2694.17	62
2694.68	56
2695.18	56
2695.69	53
2696.19	56
2696.69	58
2697.2	57
2697.7	65
2698.2	52
2698.71	52
2699.21	53
2699.71	59
2700.22	56
2700.72	54
2701.22	57
2701.73	60
2702.23	53
2702.73	54
2703.24	62
2703.74	60
2704.24	51
2704.75	53
2705.25	55
2705.75	71
2706.25	53
2706.76	54
2707.26	52
2707.76	68
2708.26	65
2708.77	63
2709.27	57
2709.77	57
2710.27	46
2710.78	59
2711.28	62
2711.78	73
2712.28	61
2712.78	67
2713.29	58
2713.79	62
2714.29	61
2714.79	58
2715.29	70
2715.79	63
2716.3	63
2716.8	66
2717.3	72
2717.8	62
2718.3	64
2718.8	59
2719.3	66
2719.81	61
2720.31	71
2720.81	70
2721.31	71
2721.81	68
2722.31	69
2722.81	67
2723.31	64
2723.81	73
2724.31	66
2724.81	59
2725.31	66
2725.82	68
2726.32	77
2726.82	79
2727.32	66
2727.82	72
2728.32	77
2728.82	73
2729.32	65
2729.82	73
2730.32	74
2730.82	59
2731.32	73
2731.82	70
2732.32	70
2732.82	62
2733.32	65
2733.82	65
2734.31	59
2734.81	71
2735.31	65
2735.81	67
2736.31	69
2736.81	60
2737.31	68
2737.81	62
2738.31	61
2738.81	57
2739.31	65
2739.81	54
2740.3	55
2740.8	55
2741.3	61
2741.8	68
2742.3	56
2742.8	57
2743.3	54
2743.79	59
2744.29	55
2744.79	59
2745.29	67
2745.79	54
2746.29	52
2746.78	69
2747.28	66
2747.78	62
2748.28	58
2748.78	61
2749.27	56
2749.77	55
2750.27	57
2750.77	52
2751.26	63
2751.76	56
2752.26	65
2752.76	51
2753.25	55
2753.75	52
2754.25	63
2754.75	61
2755.24	65
2755.74	49
2756.24	70
2756.73	56
2757.23	59
2757.73	63
2758.22	59
2758.72	64
2759.22	64
2759.72	56
2760.21	68
2760.71	67
2761.2	56
2761.7	77
2762.2	63
2762.69	63
2763.19	66
2763.69	62
2764.18	63
2764.68	56
2765.17	61
2765.67	55
2766.17	70
2766.66	76
2767.16	66
2767.65	68
2768.15	70
2768.65	67
2769.14	66
2769.64	65
2770.13	70
2770.63	76
2771.12	69
2771.62	70
2772.11	69
2772.61	65
2773.1	71
2773.6	70
2774.09	62
2774.59	71
2775.08	69
2775.58	62
2776.07	71
2776.57	66
2777.06	62
2777.56	60
2778.05	73
2778.55	64
2779.04	63
2779.53	62
2780.03	69
2780.52	66
2781.02	63
2781.51	64
2782.01	69
2782.5	63
2782.99	60
2783.49	61
2783.98	60
2784.47	56
2784.97	61
2785.46	67
2785.96	59
2786.45	60
2786.94	55
2787.44	59
2787.93	59
2788.42	56
2788.92	50
2789.41	58
2789.9	46
2790.4	60
2790.89	69
2791.38	56
2791.88	55
2792.37	68
2792.86	53
2793.35	62
2793.85	55
2794.34	52
2794.83	50
2795.33	61
2795.82	61
2796.31	57
2796.8	58
2797.3	55
2797.79	53
2798.28	59
2798.77	63
2799.26	60
2799.76	59
2800.25	72
2800.74	61
2801.23	58
2801.72	69
2802.22	48
2802.71	72
2803.2	69
2803.69	63
2804.18	56
2804.67	51
2805.17	68
2805.66	67
2806.15	62
2806.64	58
2807.13	64
2807.62	70
2808.11	70
2808.6	63
2809.1	70
2809.59	79
2810.08	64
2810.57	67
2811.06	68
2811.55	76
2812.04	75
2812.53	77
2813.02	76
2813.51	75
2814	82
2814.49	81
2814.98	76
2815.47	91
2815.96	85
2816.45	71
2816.94	72
2817.44	84
2817.93	80
2818.42	69
2818.91	90
2819.39	68
2819.88	75
2820.37	63
2820.86	72
2821.35	85
2821.84	71
2822.33	75
2822.82	67
2823.31	71
2823.8	83
2824.29	80
2824.78	74
2825.27	80
2825.76	78
2826.25	75
2826.74	72
2827.23	78
2827.71	75
2828.2	65
2828.69	73
2829.18	65
2829.67	72
2830.16	72
2830.65	76
2831.14	70
2831.62	67
2832.11	69
2832.6	70
2833.09	80
2833.58	66
2834.07	67
2834.55	86
2835.04	79
2835.53	57
2836.02	77
2836.51	81
2836.99	68
2837.48	70
2837.97	62
2838.46	71
2838.95	72
2839.43	69
2839.92	61
2840.41	75
2840.9	75
2841.38	72
2841.87	70
2842.36	86
2842.84	85
2843.33	65
2843.82	80
2844.31	79
2844.79	78
2845.28	79
2845.77	84
2846.25	87
2846.74	78
2847.23	81
2847.71	78
2848.2	88
2848.69	91
2849.17	90
2849.66	83
2850.15	88
2850.63	86
2851.12	100
2851.61	85
2852.09	84
2852.58	99
2853.06	95
2853.55	89
2854.04	89
2854.52	98
2855.01	97
2855.49	98
2855.98	107
2856.46	107
2856.95	91
2857.44	115
2857.92	96
2858.41	100
2858.89	105
2859.38	102
2859.86	103
2860.35	101
2860.83	112
2861.32	111
2861.8	124
2862.29	107
2862.77	111
2863.26	119
2863.74	123
2864.23	122
2864.71	120
2865.2	111
2865.68	114
2866.17	120
2866.65	112
2867.14	117
2867.62	118
2868.1	124
2868.59	134
2869.07	115
2869.56	129
2870.04	143
2870.53	139
2871.01	139
2871.49	135
2871.98	149
2872.46	133
2872.95	143
2873.43	139
2873.91	156
2874.4	137
2874.88	164
2875.36	152
2875.85	160
2876.33	140
2876.81	160
2877.3	156
2877.78	154
2878.26	159
2878.75	166
2879.23	160
2879.71	163
2880.2	164
2880.68	157
2881.16	167
2881.65	163
2882.13	150
2882.61	171
2883.09	160
2883.58	161
2884.06	172
2884.54	163
2885.02	165
2885.51	166
2885.99	161
2886.47	159
2886.95	161
2887.44	155
2887.92	165
2888.4	150
2888.88	165
2889.36	165
2889.85	155
2890.33	163
2890.81	155
2891.29	159
2891.77	154
2892.26	156
2892.74	154
2893.22	154
2893.7	143
2894.18	156
2894.66	145
2895.14	170
2895.63	144
2896.11	163
2896.59	161
2897.07	162
2897.55	153
2898.03	156
2898.51	148
2898.99	148
2899.47	153
2899.95	143
2900.44	149
2900.92	153
2901.4	138
2901.88	158
2902.36	143
2902.84	148
2903.32	154
2903.8	162
2904.28	149
2904.76	147
2905.24	137
2905.72	132
2906.2	150
2906.68	140
2907.16	146
2907.64	130
2908.12	137
2908.6	148
2909.08	135
2909.56	141
2910.04	131
2910.52	137
2911	139
2911.48	131
2911.96	135
2912.44	148
2912.92	142
2913.39	127
2913.87	141
2914.35	140
2914.83	145
2915.31	127
2915.79	147
2916.27	150
2916.75	147
2917.23	143
2917.71	141
2918.19	157
2918.66	141
2919.14	168
2919.62	154
2920.1	154
2920.58	159
2921.06	169
2921.53	158
2922.01	170
2922.49	179
2922.97	183
2923.45	179
2923.93	190
2924.4	205
2924.88	210
2925.36	204
2925.84	215
2926.32	217
2926.79	224
2927.27	218
2927.75	228
2928.23	234
2928.7	227
2929.18	241
2929.66	270
2930.14	255
2930.61	257
2931.09	242
2931.57	259
2932.05	220
2932.52	246
2933	256
2933.48	234
2933.95	235
2934.43	230
2934.91	249
2935.38	209
2935.86	231
2936.34	231
2936.81	199
2937.29	179
2937.77	207
2938.24	203
2938.72	194
2939.2	202
2939.67	171
2940.15	190
2940.63	191
2941.1	174
2941.58	181
2942.05	186
2942.53	159
2943.01	166
2943.48	153
2943.96	155
2944.43	153
2944.91	155
2945.39	140
2945.86	140
2946.34	140
2946.81	148
2947.29	125
2947.76	144
2948.24	132
2948.71	130
2949.19	118
2949.66	132
2950.14	107
2950.61	125
2951.09	113
2951.56	110
2952.04	108
2952.51	109
2952.99	110
2953.46	103
2953.94	112
2954.41	101
2954.89	106
2955.36	102
2955.84	106
2956.31	99
2956.79	113
2957.26	96
2957.73	107
2958.21	98
2958.68	102
2959.16	102
2959.63	102
2960.11	98
2960.58	83
2961.05	99
2961.53	93
2962	100
2962.48	103
2962.95	97
2963.42	88
2963.9	111
2964.37	106
2964.84	107
2965.32	109
2965.79	109
2966.26	108
2966.74	105
2967.21	104
2967.68	101
2968.16	106
2968.63	110
2969.1	112
2969.58	116
2970.05	98
2970.52	119
2970.99	121
2971.47	108
2971.94	112
2972.41	108
2972.88	123
2973.36	110
2973.83	138.829
2974.3	116.613
2974.77	120.677
2975.25	123.888
2975.72	109
2976.19	120.291
2976.66	109.593
2977.14	109.322
2977.61	119.095
2978.08	124.544
2978.55	121.29
2979.02	123.513
2979.5	114.634
2979.97	124.504
2980.44	108.021
2980.91	109.255
2981.38	123.601
2981.85	106.862
2982.33	112.362
2982.8	110.302
2983.27	113.335
2983.74	103.173
2984.21	108.426
2984.68	102.497
2985.15	101.031
2985.63	92.7253
2986.1	97.5499
2986.57	95.9109
2987.04	90.8465
2987.51	93.0267
2987.98	96.9527
2988.45	94.249
2988.92	95.241
2989.39	90.0018
2989.86	90.2679
2990.33	87.1857
2990.81	85.1378
2991.28	80.7956
2991.75	81.5628
2992.22	81.3724
2992.69	77.2725
2993.16	88.8821
2993.63	76.7733
2994.1	74.6761
2994.57	75.4945
2995.04	70.013
2995.51	71.2462
2995.98	73.6485
2996.45	65.8215
2996.92	72.5874
2997.39	71.654
2997.86	74.0462
2998.33	61.2298
2998.8	68.6141
2999.27	70.2788
2999.74	64.4683
3000.21	63.9745
3000.68	69.8074
3001.15	64.8324
3001.61	62.0809
3002.08	60.869
3002.55	69.6226
3003.02	69.9444
3003.49	63.8443
3003.96	57.1727
3004.43	66.2987
3004.9	57.8618
3005.37	64.142
3005.84	61.92
3006.31	63.6648
3006.77	60.0357
3007.24	60.1602
3007.71	61.4763
3008.18	61.1842
3008.65	60.5248
3009.12	61.2646
3009.59	58.7246
3010.05	53.9232
3010.52	61.5885
3010.99	67.8533
3011.46	65.9728
3011.93	59.5967
3012.4	61.2702
3012.86	66.2958
3013.33	63.9268
3013.8	60.3376
3014.27	62.5566
3014.74	56.7367
3015.2	53.516
3015.67	56.079
3016.14	55.6275
3016.61	59.7972
3017.07	66.7273
3017.54	66.7331
3018.01	67.0684
3018.48	66.197
3018.95	65.508
3019.41	64.0443
3019.88	60.581
3020.35	60.0501
3020.81	62.5119
3021.05	66
3021.52	62
3021.99	61
3022.46	71
3022.93	62
3023.4	59
3023.87	59
3024.34	59
3024.81	55
3025.28	67
3025.75	59
3026.22	69
3026.69	61
3027.16	58
3027.63	56
3028.1	57
3028.57	62
3029.04	58
3029.51	53
3029.98	58
3030.44	60
3030.91	57
3031.38	55
3031.85	58
3032.32	62
3032.79	49
3033.26	60
3033.73	58
3034.2	55
3034.67	64
3035.14	56
3035.6	56
3036.07	49
3036.54	47
3037.01	56
3037.48	59
3037.95	56
3038.42	52
3038.89	49
3039.35	50
3039.82	63
3040.29	48
3040.76	61
3041.23	55
3041.7	56
3042.16	48
3042.63	42
3043.1	53
3043.57	55
3044.04	57
3044.5	57
3044.97	55
3045.44	54
3045.91	54
3046.37	56
3046.84	46
3047.31	53
3047.78	47
3048.24	52
3048.71	54
3049.18	55.5
3049.65	57
3050.11	51
3050.58	52
3051.05	62
3051.52	53
3051.98	53
3052.45	58
3052.92	45
3053.38	51
3053.85	51
3054.32	54
3054.78	57
3055.25	51
3055.72	48
3056.18	50
3056.65	59
3057.12	46
3057.58	51
3058.05	55
3058.52	53
3058.98	55
3059.45	55
3059.91	48
3060.38	47
3060.85	57
3061.31	56
3061.78	57
3062.25	54
3062.71	54
3063.18	58
3063.64	55
3064.11	52
3064.57	54
3065.04	64
3065.5	49
3065.97	57
3066.44	60
3066.9	51
3067.37	61
3067.83	56
3068.3	54
3068.76	57
3069.23	56
3069.69	56
3070.16	54
3070.62	58
3071.09	60
3071.55	56
3072.02	51
3072.48	58
3072.95	59
3073.41	49
3073.88	64
3074.34	53
3074.8	68
3075.27	54
3075.73	67
3076.2	51
3076.66	63
3077.13	51
3077.59	50
3078.06	58
3078.52	46
3078.98	53
3079.45	57
3079.91	55
3080.38	53
3080.84	55
3081.3	56
3081.77	50
3082.23	62
3082.69	46
3083.16	71
3083.62	52
3084.09	52
3084.55	50
3085.01	54
3085.48	63
3085.94	57
3086.4	60
3086.87	52
3087.33	61
3087.79	56
3088.26	52
3088.72	48
3089.18	48
3089.64	49
3090.11	46
3090.57	52
3091.03	54
3091.5	53
3091.96	55
3092.42	56
3092.88	56
3093.35	53
3093.81	52
3094.27	52
3094.73	43
3095.19	57
3095.66	56
3096.12	48
3096.58	48
3097.04	44
3097.51	54
3097.97	55
3098.43	59
3098.89	62
3099.35	60
3099.82	52
3100.28	62
3100.74	53
3101.2	64
3101.66	48
3102.12	59
3102.59	60
3103.05	54
3103.51	50
3103.97	56
3104.43	54
3104.89	51
3105.35	62
3105.81	59
3106.28	50
3106.74	52
3107.2	58
3107.66	55
3108.12	55
3108.58	61
3109.04	61
3109.5	56
3109.96	51
3110.42	51
3110.88	47
3111.34	61
3111.8	63
3112.26	54
3112.73	52
3113.19	61
3113.65	49
3114.11	58
3114.57	56
3115.03	57
3115.49	56
3115.95	51
3116.41	58
3116.87	59
3117.33	52
3117.79	56
3118.25	50
3118.71	46
3119.17	51
3119.63	53
3120.09	57
3120.55	51
3121	56
3121.46	46
3121.92	53
3122.38	58
3122.84	44
3123.3	49
3123.76	47
3124.22	54
3124.68	47
3125.14	54
3125.6	45
3126.06	52
3126.51	51
3126.97	55
3127.43	51
3127.89	58
3128.35	50
3128.81	38
3129.27	55
3129.73	44
3130.18	50
3130.64	53
3131.1	40
3131.56	51
3132.02	60
3132.48	45
3132.93	53
3133.39	57
3133.85	57
3134.31	52
3134.77	44
3135.22	50
3135.68	47
3136.14	54
3136.6	49
3137.06	47
3137.51	46
3137.97	48
3138.43	39
3138.89	55
3139.34	49
3139.8	53
3140.26	39
3140.72	50
3141.17	50
3141.63	46
3142.09	46
3142.54	50
3143	50
3143.46	54
3143.91	58
3144.37	48
3144.83	56
3145.29	52
3145.74	44
3146.2	42
3146.66	53
3147.11	49
3147.57	53
3148.03	47
3148.48	53
3148.94	49
3149.39	46
3149.85	60
3150.31	51
3150.76	50
3151.22	51
3151.68	51
3152.13	53
3152.59	50
3153.04	54
3153.5	47
3153.96	48
3154.41	48
3154.87	63
3155.32	57
3155.78	54
3156.23	65
3156.69	50
3157.15	58
3157.6	50
3158.06	49
3158.51	49
3158.97	55
3159.42	65
3159.88	57
3160.33	51
3160.79	51
3161.24	49
3161.7	54
3162.15	49
3162.61	53
3163.06	51
3163.52	52
3163.97	56
3164.43	52
3164.88	54
3165.34	51
3165.79	49
3166.25	56
3166.7	48
3167.16	54
3167.61	54
3168.06	55
3168.52	63
3168.97	55
3169.43	49
3169.88	52
3170.34	51
3170.79	47
3171.24	55
3171.7	50
3172.15	53
3172.6	55
3173.06	49
3173.51	62
3173.97	50
3174.42	51
3174.87	46
3175.33	56
3175.78	45
3176.23	45
3176.69	50
3177.14	49
3177.59	52
3178.05	53
3178.5	49
3178.95	40
3179.41	48
3179.86	51
3180.31	50
3180.77	52
3181.22	52
3181.67	48
3182.12	42
3182.58	49
3183.03	51
3183.48	47
3183.93	51
3184.39	48
3184.84	50
3185.29	50
3185.75	51
3186.2	48
3186.65	48
3187.1	54
3187.55	48
3188.01	50
3188.46	53
3188.91	49
3189.36	55
3189.81	48
3190.27	56
3190.72	47
3191.17	53
3191.62	49
3192.07	53
3192.53	52
3192.98	63
3193.43	52
3193.88	48
3194.33	50
3194.78	49
3195.23	47
3195.69	46
3196.14	57
3196.59	50
3197.04	55
3197.49	53
3197.94	54
3198.39	50
3198.84	54
3199.3	51
3199.75	56
3200.2	65
3200.65	54
3201.1	61
3201.55	57
3202	49
3202.45	51
3202.9	53
3203.35	59
3203.8	45
3204.25	52
3204.7	48
3205.15	56
3205.6	46
3206.05	49
3206.5	57
3206.95	57
3207.4	63
3207.85	57
3208.3	49
3208.75	49
3209.2	55
3209.65	43
3210.1	54
3210.55	64
3211	52
3211.45	52
3211.9	56
3212.35	58
3212.8	59
3213.25	60
3213.7	57
3214.15	56
3214.6	51
3215.05	49
3215.5	51
3215.95	52
3216.4	53
3216.84	50
3217.29	53
3217.74	55
3218.19	58
3218.64	47
3219.09	55
3219.54	46
3219.99	49
3220.43	46
3220.88	62
3221.33	43
3221.78	49
3222.23	54
3222.68	49
3223.13	49
3223.57	56
3224.02	57
3224.47	56
3224.92	49
3225.37	48
3225.81	58
3226.26	45
3226.71	54
3227.16	48
3227.61	47
3228.05	54
3228.5	57
3228.95	45
3229.4	48
3229.84	49
3230.29	56
3230.74	47
3231.19	53
3231.64	44
3232.08	47
3232.53	54
3232.98	58
3233.42	49
3233.87	51
3234.32	54
3234.76	59
3235.21	53
3235.66	52
3236.11	57
3236.55	49
3237	56
3237.45	47
3237.89	55
3238.34	52
3238.79	50
3239.23	57
3239.68	55
3240.13	50
3240.57	49
3241.02	55
3241.47	52
3241.91	52
3242.36	54
3242.81	48
3243.25	50
3243.7	47
3244.14	45
3244.59	47
3245.03	50
3245.48	50
3245.93	52
3246.37	54
3246.82	64
3247.26	45
3247.71	45
3248.16	44
3248.6	43
3249.05	55
3249.49	50
3249.94	51
3250.38	50
3250.83	47
3251.27	60
3251.72	50
3252.16	41
3252.61	50
3253.05	56
3253.5	48
3253.94	57
3254.39	49
3254.83	46
3255.28	48
3255.72	50
3256.17	52
3256.61	48
3257.06	50
3257.5	42
3257.95	50
3258.39	49
3258.84	50
3259.28	46
3259.72	47
3260.17	48
3260.61	48
3261.06	55
3261.5	49
3261.95	53
3262.39	49
3262.83	53
3263.28	51
3263.72	43
3264.17	48
3264.61	54
3265.05	49
3265.5	49
3265.94	50
3266.38	47
3266.83	56
3267.27	50
3267.72	46
3268.16	45
3268.6	50
3269.05	46
3269.49	44
3269.93	44
3270.38	34
3270.82	51
3271.26	51
3271.71	42
3272.15	53
3272.59	49
3273.03	44
3273.48	47.5
3273.92	51
3274.36	50
3274.81	53
3275.25	45
3275.69	55
3276.13	51
3276.58	56
3277.02	43
3277.46	48
3277.9	46
3278.34	51
3278.79	47
3279.23	55
3279.67	49
3280.11	49
3280.56	42
3281	55
3281.44	46
3281.88	54
3282.32	51
3282.77	52
3283.21	55
3283.65	42
3284.09	47
3284.53	43
3284.98	48
3285.42	52
3285.86	55
3286.3	53
3286.74	53
3287.18	36
3287.62	52
3288.06	42
3288.51	49
3288.95	54
3289.39	49
3289.83	52
3290.27	50
3290.71	53
3291.15	51
3291.59	57
3292.03	46
3292.48	48
3292.92	54
3293.36	50
3293.8	39
3294.24	53
3294.68	49
3295.12	52
3295.56	54
3296	48
3296.44	49
3296.88	50
3297.32	49
3297.76	51
3298.2	52
3298.64	49
3299.08	47
3299.52	51
3299.96	44
3300.4	43
3300.84	56
3301.28	49
3301.72	40
3302.16	57
3302.6	54
3303.04	46
3303.48	40
3303.92	56
3304.36	54
3304.8	48
3305.24	43
3305.68	47
3306.12	46
3306.56	43
3307	44
3307.44	50
3307.87	52
3308.31	49
3308.75	44
3309.19	53
3309.63	55
3310.07	45
3310.51	43
3310.95	51
3311.39	56
3311.82	51
3312.26	40
3312.7	50
3313.14	41
3313.58	50
3314.02	46
3314.46	51
3314.89	54
3315.33	51
3315.77	52
3316.21	53
3316.65	54
3317.09	53
3317.52	49
3317.96	55
3318.4	48
3318.84	62
3319.28	51
3319.71	50
3320.15	45
3320.59	53
3321.03	50
3321.46	41
3321.9	42
3322.34	48
3322.78	53
3323.22	49
3323.65	46
3324.09	52
3324.53	49
3324.96	52
3325.4	55
3325.84	55
3326.28	43
3326.71	46
3327.15	57
3327.59	55
3328.02	61
3328.46	49
3328.9	59
3329.33	52
3329.77	47
3330.21	55
3330.65	52
3331.08	51
3331.52	52
3331.95	51
3332.39	47
3332.83	55
3333.26	50
3333.7	54
3334.14	39
3334.57	42
3335.01	49
3335.44	45
3335.88	54
3336.32	44
3336.75	45
3337.19	57
3337.63	43
3338.06	44
3338.5	51
3338.93	57
3339.37	48
3339.8	46
3340.24	45
3340.68	54
3341.11	46
3341.55	52
3341.98	47
3342.42	49
3342.85	51
3343.29	51
3343.72	48
3344.16	44
3344.59	50
3345.03	48
3345.46	52
3345.9	47
3346.33	44
3346.77	42
3347.2	48
3347.64	42
3348.07	51
3348.51	47
3348.94	46
3349.38	41
3349.81	51
3350.25	41
3350.68	49
3351.12	48
3351.55	50
3351.99	37
3352.42	50
3352.85	46
3353.29	49
3353.72	53
3354.16	54
3354.59	49
3355.02	49
3355.46	44
3355.89	41
3356.33	44
3356.76	54
3357.19	41
3357.63	50
3358.06	47
3358.49	47
3358.93	47
3359.36	46
3359.8	52
3360.23	45
3360.66	46
3361.1	49
3361.53	51
3361.96	47
3362.4	51
3362.83	59
3363.26	47
3363.7	41
3364.13	43
3364.56	42
3364.99	51
3365.43	47
3365.86	54
3366.29	50
3366.73	53
3367.16	52
3367.59	39
3368.02	47
3368.46	51
3368.89	50
3369.32	48
3369.75	56
3370.19	52
3370.62	50
3371.05	52
3371.48	52
3371.92	44
3372.35	51
3372.78	56
3373.21	49
3373.64	48
3374.08	47
3374.51	46
3374.94	47
3375.37	49
3375.8	44
3376.24	48
3376.67	51
3377.1	51
3377.53	56
3377.96	51
3378.39	40
3378.82	37
3379.26	52
3379.69	45
3380.12	50
3380.55	39
3380.98	41
3381.41	46
3381.84	46
3382.28	47
3382.71	47
3383.14	47
3383.57	48
3384	49
3384.43	46
3384.86	45
3385.29	43
3385.72	49
3386.15	42
3386.58	46
3387.02	40
3387.45	55
3387.88	40
3388.31	46
3388.74	47
3389.17	45
3389.6	45
3390.03	44
3390.46	41
3390.89	51.951
3391.32	46.9371
3391.75	53.7479
3392.18	46.0287
3392.61	52.5936
3393.04	46.9551
3393.47	49.1121
3393.9	57.308
3394.33	44.4187
3394.76	45.0927
3395.19	50.2794
3395.62	39.2674
3396.05	48.4902
3396.48	44.8045
3396.91	46.1106
3397.34	49.8054
3397.76	47.6151
3398.19	46.1186
3398.62	44.3578
3399.05	44.2601
3399.48	48.1945
3399.91	49.6687
3400.34	45.3469
3400.77	50.3291
3401.2	50.0083
3401.63	45.1829
3402.06	43.2889
3402.49	56.1811
3402.91	47.1114
3403.34	47.1532
3403.77	44.4951
3404.2	50.393
3404.63	44.937
3405.06	50.0441
3405.49	46.8226
3405.92	51.4381
3406.34	44.4908
3406.77	45.5534
3407.2	46.2767
3407.63	42.7858
3408.06	46.8719
3408.49	47.8334
3408.91	43.4039
3409.34	42.1176
3409.77	51.4483
3410.2	43.9637
3410.63	48.5416
3411.05	48.6513
3411.48	52.4865
3411.91	46.1176
3412.34	45.1024
3412.77	46.4511
3413.19	42
3413.62	45.6177
3414.05	45.7251
3414.48	45.9772
3414.9	45.15
3415.33	44.7451
3415.76	48.392
3416.19	48.0661
3416.61	46.9262
3417.04	46.6881
3417.47	49.2475
3417.9	52.1879
3418.32	49.9874
3418.75	45.9561
3419.18	42.8097
3419.61	46.6626
3420.03	43.3431
3420.46	44.1911
3420.89	46.3258
3421.31	46.0227
3421.74	46.3025
3422.17	48.884
3422.59	44.6176
3423.02	43.1531
3423.45	46.3
3423.87	44.5402
3424.3	42.7854
3424.73	42.2891
3425.15	42.7628
3425.58	44.876
3426.01	39.7647
3426.43	40.576
3426.86	44.6533
3427.28	50.0822
3427.71	44.7149
3428.14	51.8301
3428.56	49.4275
3428.99	42.5351
3429.42	42.495
3429.84	45.0168
3430.27	43.9236
3430.69	48.7648
3431.12	41.7252
3431.54	43.0663
3431.97	41.9061
3432.4	50.2409
3432.82	41.6093
3433.25	48.0072
3433.67	45.263
3434.1	52.9069
3434.52	52
3434.95	44
3435.37	49
3435.8	45
3436.23	44
3436.66	45
3437.09	40
3437.51	51
3437.94	51
3438.37	47
3438.8	44
3439.23	43
3439.66	47
3440.08	46
3440.51	49
3440.94	52
3441.37	48
3441.79	41
3442.22	52
3442.65	48
3443.08	46
3443.51	55
3443.93	41
3444.36	43
3444.79	41
3445.22	45
3445.64	41
3446.07	45
3446.5	53
3446.92	39
3447.35	50
3447.78	51
3448.21	48
3448.63	41
3449.06	45
3449.49	41
3449.91	52
3450.34	47
3450.77	47
3451.19	54
3451.62	36
3452.05	55
3452.47	49
3452.9	49
3453.33	43
3453.75	51
3454.18	52
3454.61	48.5
3455.03	45
3455.46	46
3455.89	42
3456.31	38
3456.74	43
3457.16	52
3457.59	53
3458.02	42
3458.44	47
3458.87	48
3459.29	45
3459.72	46.5
3460.15	48
3460.57	46
3461	37
3461.42	35
3461.85	45
3462.27	46
3462.7	49
3463.13	45
3463.55	53
3463.98	39
3464.4	42
3464.83	46
3465.25	53
3465.68	49
3466.1	38
3466.53	49
3466.95	49
3467.38	47
3467.8	45
3468.23	43
3468.65	50
3469.08	49
3469.5	52
3469.93	41
3470.35	47
3470.78	44
3471.2	42
3471.63	47
3472.05	43
3472.48	40
3472.9	46
3473.32	44
3473.75	48
3474.17	52
3474.6	40
3475.02	51
3475.45	45
3475.87	49
3476.29	42
3476.72	46
3477.14	47
3477.57	51
3477.99	43
3478.41	56
3478.84	45
3479.26	50
3479.69	46
3480.11	50
3480.53	51
3480.96	48
3481.38	49
3481.8	49
3482.23	47
3482.65	53
3483.07	46
3483.5	44
3483.92	53
3484.34	53
3484.77	57
3485.19	41
3485.61	48
3486.04	50
3486.46	53
3486.88	39
3487.31	53
3487.73	51
3488.15	48
3488.57	47
3489	53
3489.42	47
3489.84	46
3490.27	52
3490.69	38
3491.11	49
3491.53	47
3491.96	48
3492.38	46
3492.8	54
3493.22	60
3493.64	50
3494.07	59
3494.49	48
3494.91	51
3495.33	47
3495.76	45
3496.18	43
3496.6	52
3497.02	46
3497.44	46
3497.86	46
3498.29	46
3498.71	51
3499.13	48
3499.55	46
3499.97	45
3500.4	45
3500.82	45
3501.24	43
3501.66	48
3502.08	48
3502.5	40
3502.92	49
3503.34	42
3503.77	49
3504.19	47
3504.61	55
3505.03	48
3505.45	43
3505.87	47
3506.29	54
3506.71	51
3507.14	42
3507.56	46
3507.98	46
3508.4	43
3508.82	45
3509.24	56
3509.66	42
3510.08	52
3510.5	43
3510.92	48
3511.34	48
3511.76	50
3512.18	46
3512.6	42
3513.02	55
3513.44	41
3513.86	52
3514.28	48
3514.7	49
3515.12	41
3515.54	50
3515.96	41
3516.38	50
3516.8	40
3517.22	49
3517.64	43
3518.06	59
3518.48	36
3518.9	41
3519.32	53
3519.74	48
3520.16	46
3520.58	38
3521	45
3521.42	60
3521.84	49
3522.26	44
3522.68	49
3523.09	51
3523.51	49
3523.93	53
3524.35	46
3524.77	49
3525.19	46
3525.61	42
3526.03	49
3526.45	41
3526.87	52
3527.28	47
3527.7	53
3528.12	47
3528.54	50
3528.96	58
3529.38	42
3529.8	48
3530.21	56
3530.63	53
3531.05	47
3531.47	52
3531.89	45
3532.31	46
3532.72	49
3533.14	47
3533.56	46
3533.98	42
3534.4	43
3534.81	47
3535.23	51
3535.65	57
3536.07	39
3536.49	46
3536.9	52
3537.32	46
3537.74	42
3538.16	50
3538.57	48
3538.99	47
3539.41	52
3539.83	49
3540.24	47
3540.66	47
3541.08	36
3541.5	45
3541.91	47
3542.33	50
3542.75	49
3543.16	46
3543.58	43
3544	42
3544.42	44
3544.83	45
3545.25	49
3545.67	46
3546.08	51
3546.5	52
3546.92	50
3547.33	39
3547.75	41
3548.17	41
3548.58	43
3549	45
3549.41	43
3549.83	45
3550.25	44
3550.66	51
3551.08	48
3551.5	47
3551.91	48
3552.33	48
3552.74	42
3553.16	44
3553.58	44
3553.99	49
3554.41	50
3554.82	47
3555.24	50
3555.66	51
3556.07	49
3556.49	45
3556.9	41
3557.32	48
3557.73	47
3558.15	44
3558.57	38
3558.98	49
3559.4	45
3559.81	40
3560.23	53
3560.64	46
3561.06	55
3561.47	50
3561.89	41
3562.3	45
3562.72	42
3563.13	46
3563.55	44
3563.96	45
3564.38	42
3564.79	46
3565.21	51
3565.62	44
3566.04	41
3566.45	49
3566.86	50
3567.28	45
3567.69	50
3568.11	50
3568.52	50
3568.94	46
3569.35	46
3569.77	47
3570.18	55
3570.59	49
3571.01	45
3571.42	54
3571.84	55
3572.25	42
3572.66	47
3573.08	56
3573.49	52
3573.91	51
3574.32	52
3574.73	46
3575.15	38
3575.56	42
3575.97	54
3576.39	51
3576.8	49
3577.22	53
3577.63	51
3578.04	44
3578.46	56
3578.87	43
3579.28	41
3579.7	49
3580.11	49
3580.52	41
3580.93	43
3581.35	50
3581.76	47
3582.17	45
3582.59	36
3583	39
3583.41	50
3583.83	38
3584.24	48
3584.65	50
3585.06	48
3585.48	49
3585.89	45
3586.3	39
3586.71	49
3587.13	43
3587.54	41
3587.95	41
3588.36	39
3588.78	42
3589.19	41
3589.6	44
3590.01	49
3590.42	49
3590.84	47
3591.25	42
3591.66	45
3592.07	43
3592.48	46
3592.9	46
3593.31	42
3593.72	46
3594.13	43
3594.54	44
3594.95	45
3595.37	42
3595.78	40
3596.19	46
3596.6	48
3597.01	50
3597.42	43
3597.84	43
3598.25	49
3598.66	43
3599.07	49
3599.48	36
3599.89	48
3600.3	48
3600.71	54
3601.12	47
3601.53	46
3601.95	39
3602.36	44
3602.77	44
3603.18	45
3603.59	45
3604	47
3604.41	53
3604.82	48
3605.23	52
3605.64	48
3606.05	41
3606.46	52
3606.87	48
3607.28	47
3607.69	47
3608.1	41
3608.51	46
3608.93	41
3609.33	55
3609.74	45
3610.15	41
3610.56	45
3610.97	57
3611.38	47
3611.79	46
3612.2	46
3612.61	52
3613.02	43
3613.43	44
3613.84	46
3614.25	56
3614.66	43
3615.07	55
3615.48	42
3615.89	47
3616.3	43
3616.71	55
3617.12	50
3617.53	56
3617.94	44
3618.35	41
3618.76	45
3619.16	45
3619.57	55
3619.98	42
3620.39	53
3620.8	46
3621.21	46
3621.62	50
3622.03	46
3622.44	43
3622.84	48
3623.25	44
3623.66	37
3624.07	48
3624.48	47
3624.89	46
3625.3	46
3625.7	46
3626.11	47
3626.52	44
3626.93	50
3627.34	44
3627.75	51
3628.15	50
3628.56	48
3628.97	45
3629.38	43
3629.79	52
3630.19	44
3630.6	48
3631.01	47
3631.42	49
3631.83	48
3632.23	48
3632.64	51
3633.05	40
3633.46	51
3633.86	44
3634.27	51
3634.68	46
3635.09	51
3635.49	39
3635.9	53
3636.31	45
3636.72	52
3637.12	47
3637.53	44
3637.94	49
3638.34	50
3638.75	42
3639.16	43
3639.56	45
3639.97	48
3640.38	46
3640.79	40
3641.19	50
3641.6	39
3642.01	45
3642.41	46
3642.82	42
3643.23	48
3643.63	44
3644.04	39
3644.45	46
3644.85	43
3645.26	54
3645.66	51
3646.07	49
3646.48	55
3646.88	48
3647.29	46
3647.69	46
3648.1	41
3648.51	44
3648.91	49
3649.32	41
3649.73	41
3650.13	44
3650.54	57
3650.94	54
3651.35	42
3651.75	54
3652.16	43
3652.57	55
3652.97	52
3653.38	54
3653.78	52
3654.19	48
3654.59	52
3655	56
3655.4	57
3655.81	47
3656.21	54
3656.62	47
3657.02	52
3657.43	50
3657.83	50
3658.24	49
3658.64	47
3659.05	56
3659.45	61
3659.86	45
3660.26	34
3660.67	49
3661.07	49
3661.48	49
3661.88	44
3662.29	53
3662.69	56
3663.1	47
3663.5	56
3663.9	56
3664.31	50.5
3664.71	45
3665.12	40
3665.52	47
3665.93	52
3666.33	44
3666.73	57
3667.14	54
3667.54	55
3667.95	41
3668.35	40
3668.75	48
3669.16	43
3669.56	49
3669.97	51
3670.37	51
3670.77	59
3671.18	51
3671.58	53
3671.98	40
3672.39	44
3672.79	48
3673.19	41
3673.6	47
3674	46
3674.4	52
3674.81	57
3675.21	42
3675.61	45
3676.02	46
3676.42	48
3676.82	47
3677.23	57
3677.63	40
3678.03	39
3678.44	36
3678.84	47
3679.24	47
3679.64	52
3680.05	48
3680.45	50
3680.85	48
3681.25	46
3681.66	43
3682.06	46
3682.46	45
3682.86	55
3683.27	40
3683.67	47
3684.07	39
3684.47	45
3684.88	45
3685.28	45
3685.68	45
3686.08	51
3686.48	53
3686.89	52
3687.29	54
3687.69	45
3688.09	51
3688.49	45
3688.9	50
3689.3	46
3689.7	64
3690.1	53
3690.5	49
3690.9	59
3691.3	46
3691.71	53
3692.11	54
3692.51	51
3692.91	50
3693.31	50
3693.71	47
3694.11	59
3694.52	44
3694.92	52
3695.32	51
3695.72	42
3696.12	50
3696.52	50
3696.92	50
3697.32	60
3697.72	56
3698.13	52
3698.53	47
3698.93	50
3699.33	55
3699.73	47
3700.13	45
3700.53	47
3700.93	42
3701.33	48
3701.73	54
3702.13	55
3702.53	53
3702.93	61
3703.33	52
3703.73	58
3704.13	43
3704.53	57
3704.93	45
3705.33	45
3705.73	53
3706.13	52
3706.53	54
3706.93	46
3707.33	43
3707.73	54
3708.13	51
3708.53	47
3708.93	47
3709.33	39
3709.73	45
3710.13	44
3710.53	45
3710.93	44
3711.33	54
3711.73	35
3712.13	46
3712.53	45
3712.93	46
3713.33	42
3713.73	46
3714.12	47
3714.52	43
3714.92	42
3715.32	50
3715.72	47
3716.12	49
3716.52	47
3716.92	52
3717.32	44
3717.71	44
3718.11	54
3718.51	43
3718.91	44
3719.31	44
3719.71	41
3720.11	42
3720.51	41
3720.9	48
3721.3	46
3721.7	44
3722.1	43
3722.5	35
3722.89	47
3723.29	42
3723.69	45
3724.09	44
3724.49	44
3724.89	55
3725.28	45
3725.68	47
3726.08	46
3726.48	42
3726.88	49
3727.27	38
3727.67	48
3728.07	44
3728.47	43
3728.86	43
3729.26	44
3729.66	46
3730.06	47
3730.45	53
3730.85	53
3731.25	56
3731.65	49
3732.04	47
3732.44	44
3732.84	39
3733.23	50
3733.63	42
3734.03	45
3734.43	45
3734.82	52
3735.22	44
3735.62	47
3736.01	52
3736.41	47
3736.81	59
3737.2	50
3737.6	46
3738	49
3738.39	52
3738.79	53
3739.19	49
3739.58	46
3739.98	51
3740.38	48
3740.77	46
3741.17	46
3741.57	48
3741.96	46
3742.36	56
3742.75	47
3743.15	55
3743.55	47
3743.94	48
3744.34	54
3744.74	60
3745.13	50
3745.53	39
3745.92	50
3746.32	39
3746.71	55
3747.11	49
3747.51	49
3747.9	44
3748.3	44
3748.69	50
3749.09	49
3749.48	52
3749.88	50
3750.27	49
3750.67	48
3751.06	44
3751.46	45
3751.86	50
3752.25	43
3752.65	48
3753.04	49
3753.44	53
3753.83	52
3754.23	52
3754.62	44
3755.02	41
3755.41	53
3755.81	53
3756.2	52
3756.6	43
3756.99	48
3757.38	50
3757.78	44
3758.17	46
3758.57	48
3758.96	46
3759.36	41
3759.75	50
3760.15	45
3760.54	43
3760.93	46
3761.33	51
3761.72	41
3762.12	40
3762.51	47
3762.9	42
3763.3	56
3763.69	57
3764.09	41
3764.48	52
3764.88	47
3765.27	57
3765.66	43
3766.06	41
3766.45	52
3766.84	46
3767.24	41
3767.63	50
3768.02	43
3768.42	49
3768.81	46
3769.2	50
3769.6	46
3769.99	50
3770.39	47
3770.78	49
3771.17	45
3771.56	48
3771.96	53
3772.35	50.955
3772.74	50.7331
3773.14	45.0431
3773.53	49.0144
3773.92	45.1991
3774.31	60.511
3774.71	49.9684
3775.1	47.2819
3775.49	45.4208
3775.89	48.8076
3776.28	49.58
3776.67	48.1495
3777.06	55.1855
3777.46	48.2127
3777.85	51.5013
3778.24	45.6772
3778.63	46.8045
3779.03	50.39
3779.42	52.3489
3779.81	55.1827
3780.2	51.6552
3780.6	59.33
3780.99	50.8314
3781.38	43.1039
3781.77	54.1989
3782.16	53.563
3782.56	52.2951
3782.95	50.4772
3783.34	50.9377
3783.73	51.7387
3784.12	50.4703
3784.52	50.8255
3784.91	50.35
3785.3	45.9825
3785.69	42.5021
3786.08	45.7179
3786.47	43.6079
3786.87	46.9746
3787.26	45
3787.65	42.3377
3788.04	51.8966
3788.43	44.7813
3788.82	52.669
3789.21	45.1348
3789.61	46.2072
3790	45.8332
3790.39	48.1815
3790.78	49.5345
3791.17	49.665
3791.56	45.5848
3791.95	47
3792.34	49.2449
3792.73	41.5595
3793.13	41.4192
3793.52	45.0164
3793.91	42.5349
3794.3	47.4207
3794.69	43.435
3795.08	43.8298
3795.47	47.6475
3795.86	42.3288
3796.25	41.4325
3796.64	45.3306
3797.03	42.0011
3797.42	40.283
3797.81	38.2028
3798.2	38.0545
3798.59	41.35
3798.98	44.3547
3799.38	52.1599
3799.77	41.8539
3800.16	44.8389
3800.55	42.1501
3800.94	44.1402
3801.33	46.5275
3801.72	40.592
3802.11	42.355
3802.5	41.9769
3802.89	39.1622
3803.28	45
3803.67	44.805
3804.06	43.3965
3804.45	43.1124
3804.83	48.1277
3805.22	51.0956
3805.61	42.5842
3806	38.9637
3806.39	40.9367
3806.78	41.8642
3807.17	46.2605
3807.56	39.3708
3807.95	45.7888
3808.34	43.225
3808.73	42.87
3809.12	43.4875
3809.51	49.0784
3809.9	41.4314
3810.29	42.9927
3810.68	44.7374
3811.07	33.2673
3811.45	44
3811.84	45
3812.23	42
3812.63	50
3813.02	50
3813.41	49
3813.8	38
3814.19	50
3814.58	45
3814.98	41
3815.37	45
3815.76	49
3816.15	45
3816.54	47
3816.93	51
3817.32	40
3817.71	52
3818.11	51
3818.5	43
3818.89	49
3819.28	59
3819.67	46
3820.06	48
3820.45	52
3820.84	45
3821.23	57
3821.63	48
3822.02	45
3822.41	61
3822.8	51
3823.19	43
3823.58	45
3823.97	47
3824.36	54
3824.75	46
3825.14	46
3825.53	38
3825.92	43
3826.31	51
3826.7	45
3827.09	48
3827.48	48
3827.87	50
3828.26	50
3828.66	50
3829.04	48
3829.44	46
3829.83	47
3830.22	51
3830.61	46
3830.99	41
3831.39	40
3831.78	41
3832.16	51
3832.55	41
3832.94	42
3833.33	43
3833.72	53
3834.11	50
3834.5	44
3834.89	47
3835.28	44
3835.67	41
3836.06	35
3836.45	51
3836.84	40
3837.23	49
3837.62	41
3838.01	47
3838.4	38
3838.79	52
3839.17	39
3839.56	49
3839.95	38
3840.34	41
3840.73	43
3841.12	36
3841.51	41
3841.9	42
3842.29	43
3842.67	36
3843.06	40
3843.45	46
3843.84	34
3844.23	45
3844.62	39
3845.01	44
3845.4	43
3845.78	43
3846.17	44
3846.56	40
3846.95	37
3847.34	46
3847.72	48
3848.11	41
3848.5	48
3848.89	46
3849.28	45
3849.67	42
3850.05	49
3850.44	41
3850.83	43
3851.22	52
3851.61	37
3851.99	49
3852.38	38
3852.77	54
3853.16	44
3853.54	51
3853.93	50
3854.32	43
3854.71	46
3855.09	51
3855.48	43
3855.87	43
3856.26	55
3856.64	44
3857.03	47
3857.42	54
3857.81	50
3858.19	51
3858.58	55
3858.97	45
3859.35	53
3859.74	50
3860.13	44
3860.51	45
3860.9	56
3861.29	51
3861.67	51
3862.06	49
3862.45	51
3862.84	43
3863.22	53
3863.61	52
3864	56
3864.38	45
3864.77	53
3865.16	50
3865.54	51
3865.93	57
3866.31	48
3866.7	51
3867.09	47
3867.47	47
3867.86	51
3868.25	46
3868.63	39
3869.02	64
3869.4	37
3869.79	52
3870.18	51
3870.56	45
3870.95	48
3871.33	51
3871.72	50
3872.1	49
3872.49	55
3872.88	36
3873.26	46
3873.65	40
3874.03	47
3874.42	59
3874.8	48
3875.19	46
3875.57	54
3875.96	37
3876.35	51
3876.73	44
3877.12	49
3877.5	48
3877.89	54
3878.27	47
3878.66	38
3879.04	36
3879.43	38
3879.81	39
3880.2	43
3880.58	38
3880.97	52
3881.35	42
3881.74	55
3882.12	40
3882.51	41
3882.89	45
3883.27	43
3883.66	47
3884.04	50
3884.43	47
3884.81	51
3885.2	39
3885.58	45
3885.97	44
3886.35	40
3886.73	47
3887.12	46
3887.5	41
3887.89	40
3888.27	48
3888.65	44
3889.04	45
3889.42	55
3889.81	42
3890.19	42
3890.57	46
3890.96	39
3891.34	44
3891.73	52
3892.11	49
3892.49	44
3892.88	43
3893.26	40
3893.64	42
3894.03	52
3894.41	53
3894.79	48
3895.18	55
3895.56	46
3895.94	41
3896.33	48
3896.71	58
3897.09	49
3897.48	46
3897.86	48
3898.24	49
3898.63	49
3899.01	49
3899.39	45
3899.78	44
3900.16	54
3900.54	59
3900.92	40
3901.31	40
3901.69	47
3902.07	49
3902.46	46
3902.84	50
3903.22	45
3903.6	45
3903.99	47
3904.37	48
3904.75	53
3905.13	52
3905.52	48
3905.9	60
3906.28	48
3906.66	43
3907.04	53
3907.43	54
3907.81	41
3908.19	50
3908.57	44
3908.96	52
3909.34	50
3909.72	48
3910.1	48
3910.48	43
3910.86	56
3911.25	57
3911.63	42
3912.01	34
3912.39	53
3912.77	48
3913.15	40
3913.54	54
3913.92	46
3914.3	49
3914.68	43
3915.06	49
3915.44	51
3915.82	39
3916.21	50
3916.59	44
3916.97	38
3917.35	51
3917.73	47
3918.11	51
3918.49	51
3918.87	51
3919.25	41
3919.64	39
3920.02	45
3920.4	41
3920.78	40
3921.16	52
3921.54	53
3921.92	43
3922.3	40
3922.68	40
3923.06	46
3923.44	51
3923.82	48
3924.2	41
3924.58	45
3924.96	44
3925.34	44
3925.72	43
3926.1	48
3926.49	37
3926.87	44
3927.25	40
3927.63	46
3928.01	43
3928.39	35
3928.77	47
3929.15	41
3929.53	47
3929.91	35
3930.29	46
3930.67	44
3931.05	42
3931.43	35
3931.8	43
3932.18	45
3932.56	47
3932.94	47
3933.32	43
3933.7	50
3934.08	52
3934.46	42
3934.84	47
3935.22	47
3935.6	52
3935.98	44
3936.36	47
3936.74	51
3937.12	43
3937.5	43
3937.87	47
3938.25	38
3938.63	48
3939.01	57
3939.39	44
3939.77	43
3940.15	50
3940.53	45
3940.91	43
3941.28	47
3941.66	43
3942.04	42
3942.42	50
3942.8	43
3943.18	48
3943.56	46
3943.93	54
3944.31	40
3944.69	53
3945.07	58
3945.45	51
3945.83	42
3946.2	43
3946.58	43
3946.96	48
3947.34	46
3947.72	44
3948.1	50
3948.47	45
3948.85	48
3949.23	51
3949.61	41
3949.98	38
3950.36	44
3950.74	49
3951.12	48
3951.5	48
3951.87	44
3952.25	40
3952.63	53
3953.01	52
3953.38	52
3953.76	41
3954.14	43
3954.52	37
3954.89	44
3955.27	50
3955.65	45
3956.03	43
3956.4	51
3956.78	48
3957.16	52
3957.53	43
3957.91	48
3958.29	38
3958.66	50
3959.04	46
3959.42	47
3959.8	55
3960.17	49
3960.55	40
3960.93	50
3961.3	50
3961.68	48
3962.06	40
3962.43	47
3962.81	48
3963.19	47
3963.56	48
3963.94	40
3964.31	45
3964.69	48
3965.07	48
3965.44	40
3965.82	39
3966.2	43
3966.57	46
3966.95	46
3967.32	43
3967.7	51
3968.08	50
3968.45	54
3968.83	48
3969.2	40
3969.58	51
3969.96	45
3970.33	48
3970.71	43
3971.08	50
3971.46	45
3971.83	52
3972.21	51
3972.59	54
3972.96	51
3973.34	55
3973.71	48
3974.09	47
3974.46	45
3974.84	48
3975.21	47
3975.59	50
3975.96	47
3976.34	44
3976.71	55
3977.09	51
3977.46	42
3977.84	53
3978.21	58
3978.59	51
3978.96	43
3979.34	54
3979.71	52
3980.09	50
3980.46	62
3980.84	50
3981.21	55
3981.59	45
3981.96	40
3982.34	45
3982.71	57
3983.09	54
3983.46	52
3983.83	42
3984.21	55
3984.58	54
3984.96	46
3985.33	51
3985.71	55
3986.08	52
3986.45	49
3986.83	47
3987.2	50
3987.58	46
3987.95	45
3988.32	51
3988.7	55
3989.07	43
3989.45	47
3989.82	45
3990.19	46
3990.57	51
3990.94	48
3991.31	44
3991.69	52
3992.06	42
3992.44	44
3992.81	38
3993.18	47
3993.56	48
3993.93	46
3994.3	34
3994.68	43
3995.05	40
3995.42	45
3995.8	49
3996.17	46
3996.54	44
3996.91	48
3997.29	40
3997.66	43
3998.03	40
3998.41	43
3998.78	45
3999.15	42
3999.53	41
3999.9	49
