100.898	4296
102.73	4286
104.561	4147
106.393	4179
108.226	4186
110.056	4074
111.886	4125
113.716	4016
115.548	3952
117.377	4035
119.206	3997
121.034	3961
122.864	3930
124.692	3887
126.519	3899
128.346	3912
130.173	3876
132.001	3934
133.827	3864
135.653	3863
137.478	3857
139.303	3844
141.127	3829
142.953	3792
144.777	3829
146.601	3784
148.424	3804
150.246	3781
152.069	3797
153.891	3749
155.712	3910
157.533	3856
159.356	3869
161.177	3870
162.997	3775
164.817	3868
166.636	3849
168.456	3850
170.274	3870
172.093	3840
173.911	3789
175.729	3873
177.546	3795
179.363	3835
181.179	3831
182.996	3805
184.812	3737
186.627	3824
188.442	3866
190.257	3811
192.072	3818
193.886	3785
195.7	3756
197.513	3793
199.326	3748
201.139	3715
202.951	3777
204.763	3743
206.575	3775
208.384	3828
210.195	3686
212.006	3767
213.816	3786
215.626	3801
217.436	3810
219.245	3750
221.054	3846
222.862	3713
224.668	3802
226.476	3743
228.284	3789
230.091	3815
231.897	3722
233.704	3785
235.508	3719
237.313	3730
239.119	3686
240.924	3715
242.728	3702
244.53	3681
246.334	3632
248.138	3735
249.941	3677
251.744	3736
253.545	3669
255.347	3701
257.148	3752
258.95	3741
260.749	3743
262.55	3778
264.35	3747
266.148	3727
267.948	3682
269.747	3647
271.546	3783
273.343	3812
275.141	3699
276.939	3764
278.735	3718
280.532	3752
282.329	3669
284.123	3705
285.92	3738
287.713	3679
289.509	3690
291.304	3652
293.097	3636
294.891	3669
296.686	3612
298.477	3704
300.271	3680
302.062	3635
303.854	3657
305.645	3622
307.437	3574
309.229	3627
311.018	3669
312.809	3652
314.597	3626
316.388	3762
318.176	3695
319.965	3721
321.752	3782
323.541	3785
325.328	3606
327.116	3698
328.902	3721
330.689	3710
332.475	3691
334.261	3765
336.046	3710
337.832	3775
339.616	3832
341.399	3732
343.184	3767
344.967	3762
346.751	3788
348.534	3778
350.317	3809
352.099	3744
353.88	3777
355.662	3726
357.443	3788
359.223	3714
361.004	3817
362.783	3731
364.564	3740
366.343	3660
368.121	3697.5
369.901	3735
371.679	3812
373.456	3731
375.233	3728
377.011	3719
378.788	3819
380.563	3799
382.341	3831
384.116	3765
385.891	3735
387.667	3758
389.442	3807
391.215	3856
392.989	3852
394.764	3763
396.537	3750
398.309	3792
400.081	3754
401.853	3808
403.626	3811
405.397	3851
407.168	3905
408.938	3882
410.708	3785
412.48	3777
414.249	3786
416.018	3866
417.787	3794
419.555	3907
421.323	3875
423.091	3856
424.86	3930
426.627	3921
428.394	3859
430.16	3919
431.926	3928
433.692	3959
435.457	3923
437.222	3965
438.986	3996
440.751	3872
442.515	3980
444.28	3833
446.043	3905
447.806	3855
449.569	3910
451.331	3857
453.093	3794
454.854	3820
456.616	3802
458.376	3850
460.137	3780
461.897	3732
463.657	3804
465.416	3797
467.176	3721
468.934	3731
470.693	3873
472.449	3805
474.207	3820
475.964	3827
477.721	3777
479.478	3839
481.235	3711
482.991	3834
484.746	3839
486.502	3797
488.257	3798
490.012	3813
491.764	3818
493.518	3817
495.272	3881
497.025	3787
498.779	3824
500.531	3839
502.282	3848
504.034	3900
505.785	3809
507.537	3876
509.288	3831
511.039	3844
512.787	3896
514.537	3865
516.287	3950
518.036	3904
519.783	3813
521.532	3894
523.28	3887
525.029	3899
526.774	3875
528.522	3786
530.269	3834
532.015	3850
533.76	3856
535.506	3807
537.251	3784
538.995	3875
540.74	3836
542.485	3862
544.227	3782
545.971	3845
547.715	3884
549.456	3866
551.199	3835
552.942	3830
554.682	3905
556.424	3909
558.164	3849
559.905	3881
561.646	3778
563.385	3897
565.125	3922
566.863	3863
568.603	3924
570.341	3955
572.08	3887
573.818	3930
575.555	3953
577.293	3934
579.028	3933
580.766	3858
582.501	3949
584.238	3921
585.972	3889
587.708	3919
589.442	3925
591.177	3925
592.91	3935
594.645	3902
596.377	3956
598.112	4021
599.843	3894
601.575	4004
603.308	3909
605.039	3910
606.771	3857
608.501	3840
610.233	3897
611.962	3861
613.691	3902
615.422	3839
617.151	3904
618.879	3840
620.609	3855
622.336	3784
624.063	3835
625.792	3801
627.518	3865
629.245	3840
630.972	3878
632.698	3843
634.423	3839
636.15	3943
637.874	3824
639.599	3823
641.324	3870
643.048	3846
644.771	3837
646.494	3864
648.219	3842
649.941	3959
651.663	3941
653.384	3985
655.107	3912
656.828	3971
658.549	3988
660.269	3935
661.989	3894
663.709	3916
665.43	3974
667.149	3977
668.868	3933
670.586	3938
672.304	3916
674.021	4043
675.741	3980
677.458	3939
679.174	3980
680.891	3926
682.607	3915
684.323	3989
686.038	4007
687.753	3945
689.468	4024
691.182	3944
692.898	3858
694.612	3946
696.325	3927
698.038	3944
699.751	3944
701.464	3875
703.176	3986
704.887	3950
706.599	3860
708.31	3962
710.021	3999
711.731	3882
713.442	3886
715.151	3897
716.861	3854
718.57	3884
720.279	3901
721.988	3886
723.694	3868
725.402	3894
727.109	3905
728.817	3863
730.523	3925
732.23	3886
733.936	3892
735.642	3844
737.348	3879
739.053	3883
740.756	3903
742.461	3889
744.165	3942
745.869	3936
747.573	3919
749.277	3971
750.978	3947
752.68	3952
754.383	3930
756.085	3976
757.787	3911
759.486	3926
761.187	3962
762.888	3993
764.589	3916
766.289	3986
767.987	3913
769.686	4000
771.385	3964
773.082	3937
774.781	4000
776.479	4110
778.177	4093
779.873	3944
781.57	3985
783.267	3995
784.962	3998
786.658	4013
788.354	4041
790.048	4029
791.743	3985
793.438	3894
795.131	3924
796.826	3986
798.52	3965
800.211	3967
801.905	4024
803.596	4008
805.289	3968
806.981	3996
808.672	3913
810.364	3912
812.053	3920
813.744	3917
815.433	4036
817.124	3957
818.812	3942
820.502	3948
822.19	3866
823.879	3930
825.566	3894
827.255	3954
828.941	3995
830.629	3934
832.315	3892
834.003	3887
835.688	3908
837.375	3983
839.059	4000
840.745	4048
842.429	3994
844.113	3989
845.798	3895
847.481	3969
849.165	3993
850.848	4059
852.53	4070
854.213	4028
855.895	4111
857.578	4040
859.258	4078
860.939	4159
862.621	4155
864.301	4232
865.98	4097
867.661	4267
869.34	4253
871.018	4376
872.697	4453
874.377	4609
876.054	4727
877.731	4991
879.41	5119
881.087	5235
882.763	5401
884.439	5421
886.117	5353
887.792	5228
889.467	5010
891.142	5001
892.816	4651
894.492	4507
896.166	4431
897.84	4349
899.513	4138
901.186	4130
902.86	4080
904.533	4208
906.205	3993
907.876	3986
909.547	3978
911.218	3963
912.889	3921
914.559	3952
916.231	3903
917.901	3896
919.571	3922
921.24	3982
922.909	3903
924.577	3910
926.245	3869
927.913	3917
929.581	3892
931.248	3905
932.915	3938
934.581	3843
936.248	3896
937.914	3884
939.579	3868
941.245	3978
942.91	3988
944.575	3973
946.239	3920
947.903	3925
949.567	3962
951.231	3904
952.894	3930
954.557	4009
956.219	3909
957.882	3978
959.544	3995
961.203	4005
962.865	4015
964.526	4007
966.186	3967
967.847	3988
969.507	4009
971.167	4008
972.826	4017
974.483	3954
976.142	4033
977.801	4075
979.459	3957
981.117	3989
982.773	4019
984.43	4004
986.087	3972
987.744	3976
989.4	4004
991.054	4025
992.71	3971
994.366	3962
996.021	3990
997.674	3948
999.328	3910
1000.98	3970
1002.63	3904
1004.29	4006
1005.94	3918
1007.59	3962
1009.25	3882
1010.9	3940
1012.55	3945
1014.2	3934
1015.85	3846
1017.5	3866
1019.15	3886
1020.8	3832
1022.45	3872
1024.1	3824
1025.75	4030
1027.4	3894
1029.05	3937
1030.69	3962
1032.34	3899
1033.99	4010
1035.64	3952
1037.28	4009
1038.93	3982
1040.57	3968
1042.22	4076
1043.87	4091
1045.51	4179
1047.16	4178
1048.8	4201
1050.44	4366
1052.09	4203
1053.73	4220
1055.37	4318
1057.02	4236
1058.66	4222
1060.3	4174
1061.94	4173
1063.58	4196
1065.23	4074
1066.87	4152
1068.51	4166
1070.15	4100
1071.79	4114
1073.43	4161
1075.07	4140
1076.7	4154
1078.34	4189
1079.98	4184
1081.62	4219
1083.26	4220
1084.9	4340
1086.53	4355
1088.17	4365
1089.81	4359
1091.44	4358
1093.08	4392
1094.71	4402
1096.35	4404
1097.98	4218
1099.62	4253
1101.25	4295
1102.89	4191
1104.52	4162
1106.15	4084
1107.79	4113
1109.42	4026
1111.05	4030
1112.68	4002
1114.31	3988
1115.95	3910
1117.58	3983
1119.21	3960
1120.84	3993
1122.47	3900
1124.1	3911
1125.73	3960
1127.36	3940
1128.98	3934
1130.61	3830
1132.24	3777
1133.87	3907
1135.5	3833
1137.12	3845
1138.75	3808
1140.38	3766
1142	3854
1143.63	3741
1145.26	3677
1146.88	3793
1148.51	3664
1150.13	3745
1151.76	3783
1153.38	3757
1155	3748
1156.63	3698
1158.25	3798
1159.87	3757
1161.5	3739
1163.12	3800
1164.74	3740
1166.36	3776
1167.98	3737
1169.6	3730
1171.22	3770
1172.84	3820
1174.46	3845
1176.08	3755
1177.7	3830
1179.32	3829
1180.94	3797
1182.56	3824
1184.18	3854
1185.8	3893
1187.41	3786
1189.03	3843
1190.65	3880
1192.26	3938
1193.88	3908
1195.5	3803
1197.11	3905
1198.73	3901
1200.34	3934
1201.96	3897
1203.57	3877
1205.19	3852
1206.8	3826
1208.41	3899
1210.03	3810
1211.64	3816
1213.25	3819
1214.86	3823
1216.48	3843
1218.09	3884
1219.7	3884
1221.31	3791
1222.92	3783
1224.53	3775
1226.14	3795
1227.75	3801
1229.36	3776
1230.97	3757
1232.58	3780
1234.19	3761
1235.79	3750
1237.4	3817
1239.01	3713
1240.62	3717
1242.23	3689
1243.83	3819
1245.44	3719
1247.04	3594
1248.65	3713
1250.25	3674
1251.86	3679
1253.46	3723
1255.07	3718
1256.67	3702
1258.28	3710
1259.88	3769
1261.48	3791
1263.09	3663
1264.69	3758
1266.29	3737
1267.89	3692
1269.5	3819
1271.1	3799
1272.7	3841
1274.3	3772
1275.9	3744
1277.5	3803
1279.1	3879
1280.7	3839
1282.3	3872
1283.9	3834
1285.5	3897
1287.09	3836
1288.69	3815
1290.29	3799
1291.89	3831
1293.48	3830
1295.08	3796
1296.68	3842
1298.27	3699
1299.87	3751
1301.47	3743
1303.06	3771
1304.66	3767
1306.25	3770
1307.85	3773
1309.44	3788
1311.03	3791
1312.63	3756
1314.22	3843
1315.81	3733
1317.4	3822
1319	3756
1320.59	3814
1322.18	3872
1323.77	3812
1325.36	3820
1326.95	3804
1328.54	3778
1330.13	3724
1331.72	3827
1333.31	3755
1334.9	3759
1336.49	3832
1338.08	3793
1339.67	3792
1341.26	3692
1342.84	3735
1344.43	3721
1346.02	3745
1347.6	3807
1349.19	3686
1350.78	3756
1352.36	3626
1353.95	3709
1355.53	3710
1357.12	3695
1358.7	3703
1360.29	3661
1361.87	3693
1363.46	3712
1365.04	3633
1366.62	3626
1368.2	3600
1369.79	3584
1371.37	3548
1372.95	3554
1374.53	3636
1376.11	3572
1377.69	3554
1379.28	3588
1380.85	3676
1382.43	3612
1384.01	3661
1385.59	3643
1387.17	3667
1388.75	3606
1390.33	3660
1391.91	3595
1393.49	3651
1395.07	3584
1396.64	3603
1398.22	3616
1399.8	3687
1401.37	3623
1402.95	3663
1404.52	3711
1406.1	3615
1407.68	3618
1409.25	3763
1410.82	3684
1412.4	3681
1413.97	3702
1415.55	3744
1417.12	3732
1418.69	3781
1420.27	3801
1421.84	3694
1423.41	3800
1424.98	3850
1426.55	3836
1428.13	3774
1429.7	3752
1431.27	3825
1432.84	3821
1434.41	3846
1435.98	3869
1437.55	3887
1439.12	3831
1440.69	3860
1442.25	3993
1443.82	3992
1445.39	3996
1446.96	4079
1448.52	4084
1450.09	4154
1451.66	4198
1453.23	4218
1454.79	4324
1456.36	4247
1457.92	4308
1459.49	4232
1461.05	4211
1462.62	4194
1464.18	4130
1465.75	3902
1467.31	3961
1468.87	3968
1470.44	3878
1472	3808
1473.56	3838
1475.13	3825
1476.69	3801
1478.25	3741
1479.81	3820
1481.37	3705
1482.93	3841
1484.49	3873
1486.05	3809
1487.61	3692
1489.17	3673
1490.73	3701
1492.29	3634
1493.85	3657
1495.41	3656
1496.97	3613
1498.53	3648
1500.08	3580
1501.64	3618
1503.2	3535
1504.76	3559
1506.31	3484
1507.87	3480
1509.42	3558
1510.98	3495
1512.53	3551
1514.09	3557
1515.64	3505
1517.2	3534
1518.75	3484
1520.31	3486
1521.86	3536
1523.41	3518
1524.96	3443
1526.52	3532
1528.07	3596
1529.62	3505
1531.17	3594
1532.73	3516
1534.28	3499
1535.83	3545
1537.38	3510
1538.93	3480
1540.48	3519
1542.03	3603
1543.58	3637
1545.13	3467
1546.68	3536
1548.22	3555
1549.77	3540
1551.32	3506
1552.87	3612
1554.41	3565
1555.96	3585
1557.51	3656
1559.05	3542
1560.6	3539
1562.15	3624
1563.69	3520
1565.24	3560
1566.78	3571
1568.33	3562
1569.87	3544
1571.42	3604
1572.96	3617
1574.5	3504
1576.04	3491
1577.59	3485
1579.13	3561
1580.67	3505
1582.21	3587
1583.76	3514
1585.3	3550
1586.84	3521
1588.38	3504
1589.92	3565
1591.46	3539
1593	3496
1594.54	3442
1596.08	3470
1597.62	3554
1599.16	3418
1600.7	3470
1602.24	3383
1603.77	3555
1605.31	3508
1606.85	3497
1608.39	3453
1609.92	3322
1611.46	3398
1612.99	3467
1614.53	3432
1616.07	3416
1617.6	3443
1619.14	3414
1620.67	3416
1622.21	3406
1623.74	3442
1625.27	3435
1626.81	3419
1628.34	3450
1629.87	3442
1631.41	3377
1632.94	3479
1634.47	3500
1636	3449
1637.53	3440
1639.07	3407
1640.6	3410
1642.13	3376
1643.66	3367
1645.19	3511
1646.72	3485
1648.25	3522.48
1649.78	3535.29
1651.31	3446.43
1652.83	3534.91
1654.36	3406.39
1655.89	3533.07
1657.42	3479
1658.95	3483.53
1660.47	3478.92
1662	3507.69
1663.53	3525.26
1665.05	3443.82
1666.58	3525.07
1668.11	3511.32
1669.63	3540.65
1671.16	3566.93
1672.68	3594.1
1674.21	3518.73
1675.73	3586.21
1677.25	3580.8
1678.78	3591.98
1680.3	3537.86
1681.83	3565.18
1683.35	3570.13
1684.87	3598.31
1686.39	3553.67
1687.92	3646.17
1689.44	3599.45
1690.96	3562.11
1692.48	3514.42
1694	3570.98
1695.52	3581.24
1697.04	3516.19
1698.56	3622.69
1700.08	3545.71
1701.6	3517.03
1703.12	3560.73
1704.64	3549.92
1706.16	3531.92
1707.68	3529.9
1709.19	3557.27
1710.71	3577.07
1712.23	3512.43
1713.75	3551.77
1715.26	3539.95
1716.78	3508.38
1718.3	3541.2
1719.81	3564.63
1721.33	3483.35
1722.84	3468.97
1724.36	3435.56
1725.87	3495.62
1727.39	3525.03
1728.9	3511.48
1730.42	3530.52
1731.93	3496.34
1733.44	3473.27
1734.96	3512.36
1736.47	3525.49
1737.98	3487.48
1739.49	3505.3
1741.01	3501.25
1742.52	3417.19
1744.03	3519.24
1745.54	3535.56
1747.05	3533.72
1748.56	3518.93
1750.07	3547.83
1751.58	3492.03
1753.09	3496.78
1754.6	3558.94
1756.11	3525.47
1757.62	3502.43
1759.13	3536.42
1760.64	3542.61
1762.15	3521.02
1763.65	3551.02
1765.16	3559.17
1766.67	3569.47
1768.18	3573.13
1769.68	3553.77
1771.19	3565.4
1772.7	3595.43
1774.2	3531.09
1775.71	3638.43
1777.21	3636.91
1778.72	3636.49
1780.22	3595.85
1781.73	3636.75
1783.23	3575.46
1784.73	3644.81
1786.24	3572.87
1787.74	3604.11
1789.24	3620.82
1790.75	3647.55
1792.25	3692.37
1793.75	3679.11
1795.25	3640.9
1796.75	3645.83
1798.26	3686.02
1798.36	3690
1799.86	3721
1801.37	3612
1802.88	3687
1804.39	3574
1805.89	3589
1807.4	3625
1808.91	3596
1810.41	3655
1811.92	3632
1813.42	3637
1814.93	3635
1816.43	3680
1817.93	3630
1819.44	3657
1820.94	3596
1822.45	3650
1823.95	3627
1825.45	3564
1826.95	3634
1828.46	3551
1829.96	3578
1831.46	3576
1832.96	3519
1834.46	3512
1835.97	3524
1837.47	3559
1838.97	3530
1840.47	3534
1841.97	3511
1843.47	3436
1844.97	3472
1846.47	3447
1847.96	3490
1849.46	3529
1850.96	3521
1852.46	3501
1853.96	3416
1855.45	3538
1856.95	3543
1858.45	3522
1859.94	3434
1861.44	3507
1862.94	3437
1864.43	3507
1865.93	3551
1867.42	3419
1868.92	3461
1870.41	3458
1871.91	3457.5
1873.4	3457
1874.89	3444
1876.39	3432
1877.88	3415
1879.37	3492
1880.87	3419
1882.36	3475
1883.85	3450
1885.34	3470
1886.83	3414
1888.33	3440
1889.82	3444.5
1891.31	3449
1892.8	3473
1894.29	3400
1895.78	3466
1897.27	3468
1898.76	3483
1900.25	3439
1901.73	3411
1903.22	3546
1904.71	3503
1906.2	3593
1907.69	3503
1909.17	3548
1910.66	3531
1912.15	3443
1913.64	3466
1915.12	3548
1916.61	3546
1918.09	3521
1919.58	3502
1921.06	3447
1922.55	3522
1924.03	3564
1925.52	3583
1927	3476
1928.49	3535
1929.97	3550
1931.45	3630
1932.94	3557
1934.42	3579
1935.9	3580
1937.39	3528
1938.87	3617
1940.35	3474
1941.83	3597
1943.31	3588
1944.79	3589
1946.27	3635
1947.75	3536
1949.23	3573
1950.71	3548
1952.19	3562
1953.67	3520
1955.15	3518
1956.63	3500
1958.11	3566
1959.58	3556
1961.06	3533
1962.54	3557
1964.02	3519
1965.49	3481
1966.97	3453
1968.45	3509
1969.93	3401
1971.4	3536
1972.88	3404
1974.35	3428
1975.83	3440
1977.3	3457
1978.78	3458
1980.25	3431
1981.72	3395
1983.2	3442
1984.67	3437
1986.15	3428
1987.62	3458
1989.09	3371
1990.56	3396
1992.04	3405
1993.51	3330
1994.98	3348
1996.45	3411
1997.92	3355
1999.39	3457
2000.86	3448
2002.33	3380
2003.8	3361
2005.27	3405
2006.74	3453
2008.21	3434
2009.68	3403
2011.15	3422
2012.62	3389
2014.09	3408
2015.55	3344
2017.02	3446
2018.49	3372
2019.96	3418
2021.42	3286
2022.89	3357
2024.36	3396
2025.82	3395
2027.29	3425
2028.75	3403
2030.22	3337
2031.68	3403
2033.15	3393
2034.61	3467
2036.08	3493
2037.54	3346
2039	3508
2040.47	3352
2041.93	3436
2043.39	3472
2044.86	3385
2046.32	3446
2047.78	3473
2049.24	3451
2050.7	3504
2052.16	3444
2053.62	3431
2055.08	3429
2056.54	3470
2058	3414
2059.46	3481
2060.92	3451
2062.38	3515
2063.84	3409
2065.3	3379
2066.76	3486
2068.22	3453
2069.68	3445
2071.13	3400
2072.59	3420
2074.05	3451
2075.51	3417
2076.96	3474
2078.42	3451
2079.87	3391
2081.33	3427
2082.79	3351
2084.24	3386
2085.7	3438
2087.15	3330
2088.61	3498
2090.06	3407
2091.51	3367
2092.97	3326
2094.42	3312
2095.87	3411
2097.33	3393
2098.78	3397
2100.23	3336
2101.68	3373
2103.14	3309
2104.59	3414
2106.04	3366
2107.49	3315
2108.94	3298
2110.39	3284
2111.84	3363
2113.29	3321
2114.74	3309
2116.19	3350
2117.64	3261
2119.09	3407
2120.54	3311
2121.99	3306
2123.43	3273
2124.88	3265
2126.33	3311
2127.78	3267
2129.22	3310
2130.67	3298
2132.12	3343
2133.56	3251
2135.01	3216
2136.46	3293
2137.9	3324
2139.35	3306
2140.79	3210
2142.23	3312
2143.68	3274
2145.12	3229
2146.57	3232
2148.01	3234
2149.45	3303
2150.9	3267
2152.34	3254
2153.78	3264
2155.22	3178
2156.67	3205
2158.11	3265
2159.55	3252
2160.99	3234
2162.43	3237
2163.87	3242
2165.31	3190
2166.76	3346
2168.19	3240
2169.63	3274
2171.07	3258
2172.51	3317
2173.95	3275
2175.39	3291
2176.83	3323
2178.27	3348
2179.71	3316
2181.14	3298
2182.58	3339
2184.02	3273
2185.45	3366
2186.89	3284
2188.33	3328
2189.76	3287
2191.2	3362
2192.63	3377
2194.07	3395
2195.5	3330
2196.94	3320
2198.37	3299
2199.81	3312
2201.24	3356
2202.67	3346
2204.11	3365
2205.54	3421
2206.97	3244
2208.41	3399
2209.84	3324
2211.27	3361
2212.7	3323
2214.13	3317
2215.57	3298
2217	3327
2218.43	3264
2219.86	3302
2221.29	3258
2222.72	3288
2224.15	3308
2225.58	3280
2227.01	3235
2228.44	3256
2229.86	3272
2231.29	3280
2232.72	3258
2234.15	3227
2235.58	3237
2237	3247
2238.43	3292
2239.86	3240
2241.29	3209
2242.71	3191
2244.14	3276
2245.56	3227
2246.99	3204
2248.42	3174
2249.84	3190
2251.27	3189
2252.69	3277
2254.11	3175
2255.54	3183
2256.96	3203
2258.39	3201
2259.81	3242
2261.23	3223
2262.66	3216
2264.08	3196
2265.5	3227
2266.92	3173
2268.34	3149
2269.76	3168
2271.19	3252
2272.61	3194
2274.03	3172
2275.45	3149
2276.87	3092
2278.29	3218
2279.71	3235
2281.13	3203
2282.55	3151
2283.96	3162
2285.38	3123
2286.8	3129
2288.22	3159
2289.64	3129
2291.06	3168
2292.47	3192
2293.89	3185
2295.31	3172
2296.72	3153
2298.14	3215
2299.56	3151
2300.97	3159
2302.39	3122
2303.8	3119
2305.22	3209
2306.63	3200
2308.05	3165
2309.46	3149
2310.88	3191
2312.29	3173
2313.7	3130
2315.12	3203
2316.53	3216
2317.94	3181
2319.35	3179
2320.77	3171
2322.18	3216
2323.59	3159
2325	3158
2326.41	3167
2327.82	3209
2329.24	3150
2330.65	3144
2332.06	3130
2333.47	3149
2334.88	3108
2336.28	3099
2337.69	3121
2339.1	3090
2340.51	3099
2341.92	3085
2343.33	3073
2344.74	3068
2346.14	3091
2347.55	3075
2348.96	3105
2350.37	3127
2351.77	3086
2353.18	3053
2354.58	3105
2355.99	3151
2357.4	3083
2358.8	3054
2360.21	3073
2361.61	3125
2363.02	3016
2364.42	3052
2365.82	3064
2367.23	3045
2368.63	3059
2370.04	3017
2371.44	2974
2372.84	3056
2374.25	3057
2375.65	3047
2377.05	3018
2378.45	3023
2379.85	3004
2381.25	3071
2382.66	2982
2384.06	2980
2385.46	3056
2386.86	3023
2388.26	2992
2389.66	2968
2391.06	3031
2392.46	3015
2393.85	2978
2395.25	3016
2396.65	3013
2398.05	2996
2399.45	2968
2400.85	2964
2402.24	2965
2403.64	2990
2405.04	3051
2406.44	2968
2407.83	3052
2409.23	3036
2410.62	2989
2412.02	3057
2413.41	2937
2414.81	3020
2416.21	3028
2417.6	2955
2419	3068
2420.39	3045
2421.78	3037
2423.18	3011
2424.57	3044
2425.96	3019
2427.36	3011
2428.75	3028
2430.14	3101
2431.53	3086
2432.93	3030
2434.32	3041
2435.71	3072
2437.1	3009
2438.49	3008
2439.88	3025
2441.27	3019
2442.66	3037
2444.05	3008
2445.44	3044
2446.83	3035
2448.22	3105
2449.61	3086
2451	3064
2452.39	3095
2453.78	3162
2455.16	3023
2456.55	3120
2457.94	3047
2459.33	3086
2460.72	3044
2462.1	3019
2463.49	3047
2464.87	3124
2466.26	3087
2467.65	3056
2469.03	3020
2470.42	3026
2471.8	3063
2473.19	3056
2474.57	3129
2475.96	3129
2477.34	3107
2478.72	3068
2480.11	3046
2481.49	3095
2482.87	3047
2484.26	3064
2485.64	3121
2487.02	3048
2488.4	3066
2489.79	3017
2491.17	2996
2492.55	3023
2493.93	3056
2495.31	3038
2496.69	3021
2498.07	3020
2499.45	3001
2500.83	3108
2502.21	3059
2503.59	2995
2504.97	2978
2506.35	2959
2507.73	3020
2509.1	3043
2510.48	3011
2511.86	3025
2513.24	3031
2514.62	3080
2515.99	3029
2517.37	3020
2518.75	2910
2520.12	3025
2521.5	2998
2522.88	3047
2524.25	2983
2525.63	3032
2527	2969
2528.38	3035
2529.75	3020
2531.13	2981
2532.5	2969
2533.87	3005
2535.25	3039
2536.62	3015
2537.99	3066
2539.37	3028
2540.74	3011
2542.11	3141
2543.48	2987
2544.86	3037
2546.23	3069
2547.6	2975
2548.97	3069
2550.34	3033
2551.71	3036
2553.08	2981
2554.45	3028
2555.82	3059
2557.19	3053
2558.56	3070
2559.93	2999
2561.3	3067
2562.67	3033
2564.04	3059
2565.41	2957
2566.78	3017
2568.14	3062
2569.51	3025
2570.88	3010
2572.25	2989
2573.61	3069
2574.98	3007
2576.34	3017
2577.71	3009
2579.08	2984
2580.44	3047
2581.81	2996
2583.17	3060
2584.54	3008
2585.9	2956
2587.27	3048
2588.63	3082
2589.99	3502
2591.36	4578
2592.72	3993.5
2594.08	3409
2595.45	3042
2596.81	3028
2598.17	3044
2599.54	2987
2600.9	3060
2602.26	3003
2603.62	3056
2604.98	3005
2606.34	3069
2607.7	2944
2609.06	2962
2610.42	3096
2611.78	2974
2613.14	3012
2614.5	3008
2615.86	2995
2617.22	3003
2618.58	2980
2619.94	2978
2621.3	2993
2622.66	2966
2624.01	2972
2625.37	2975
2626.73	2933
2628.09	2984
2629.44	2901
2630.8	2922
2632.16	2971
2633.51	2889
2634.87	2955
2636.22	2948
2637.58	2940
2638.93	2915
2640.29	2907
2641.64	2983
2643	2936
2644.35	2954
2645.71	2928
2647.06	2978
2648.42	2898
2649.77	2904
2651.12	2887
2652.47	2976
2653.83	2934
2655.18	2946
2656.53	2906
2657.88	2941
2659.23	2894
2660.59	2942
2661.94	2894
2663.29	2897
2664.64	2900
2665.99	2946
2667.34	2982
2668.69	2959
2670.04	2923
2671.39	2925
2672.74	2960
2674.09	2941
2675.43	2895
2676.78	2956
2678.13	2878
2679.48	2955
2680.83	2921
2682.18	2992
2683.52	2881
2684.87	2975
2686.22	2975
2687.56	2950
2688.91	2987
2690.25	2932
2691.6	2871
2692.95	2909
2694.29	2891
2695.64	2975
2696.98	2915
2698.33	3014
2699.67	3006
2701.02	3002
2702.36	3042
2703.7	3019
2705.05	3034
2706.39	3057
2707.73	3036
2709.08	3094
2710.42	3027
2711.76	3055
2713.1	3129
2714.44	3102
2715.78	3102
2717.13	3095
2718.47	3155
2719.81	3184
2721.15	3163
2722.49	3151
2723.83	3172
2725.17	3101
2726.51	3094
2727.85	3158
2729.19	3173
2730.53	3143
2731.87	3108
2733.2	3095
2734.54	3108
2735.88	3070
2737.22	3136
2738.56	3110
2739.89	3055
2741.23	3047
2742.57	3161
2743.9	2985
2745.24	3085
2746.58	3023
2747.91	3046
2749.25	3061
2750.58	3002
2751.92	3047
2753.25	3075
2754.59	3070
2755.92	3041
2757.26	3014
2758.59	3032
2759.92	3000
2761.26	3057
2762.59	3034
2763.92	3034
2765.26	2991
2766.59	3013
2767.92	2991
2769.25	2992
2770.59	2891
2771.92	3010
2773.25	2991
2774.58	2930
2775.91	2916
2777.24	2970
2778.57	2856
2779.9	2923
2781.23	2927
2782.56	2907
2783.89	2951
2785.22	2857
2786.55	2925
2787.88	2903
2789.21	2940
2790.54	2899
2791.86	2893
2793.19	2878
2794.52	2941
2795.85	2923
2797.17	2902
2798.5	2924
2799.83	2861
2801.16	2950
2802.48	2915
2803.81	2933
2805.13	2897
2806.46	2880
2807.78	2978
2809.11	2929
2810.43	2925
2811.76	2963
2813.08	2896
2814.41	2973
2815.73	2919
2817.05	2962
2818.38	3051
2819.7	3063
2821.02	3015
2822.35	2999
2823.67	3065
2824.99	3041
2826.31	3106
2827.63	3075
2828.96	3085
2830.28	3094
2831.6	3201
2832.92	3175
2834.24	3219
2835.56	3234
2836.88	3186
2838.2	3213
2839.52	3234
2840.84	3253
2842.16	3245
2843.48	3260
2844.8	3308
2846.12	3353
2847.43	3381
2848.75	3407
2850.07	3358
2851.39	3450
2852.71	3416
2854.02	3392
2855.34	3372
2856.66	3492
2857.97	3481
2859.29	3607
2860.6	3627
2861.92	3642
2863.24	3748
2864.55	3749
2865.87	3821
2867.18	3943
2868.5	4030
2869.81	4177
2871.12	4307
2872.44	4474
2873.75	4636
2875.07	4792
2876.38	4926
2877.69	5116
2879.01	5215
2880.32	5476
2881.63	5393
2882.94	5396
2884.25	5482
2885.57	5516
2886.88	5603
2888.19	5406
2889.5	5348
2890.81	5321
2892.12	5357
2893.43	5254
2894.74	5226
2896.05	5263
2897.36	5119
2898.67	5032
2899.98	4944
2901.29	5032
2902.6	4930
2903.9	4911
2905.21	4743
2906.52	4758
2907.83	4688
2909.14	4687
2910.44	4561
2911.75	4659
2913.06	4624
2914.36	4601
2915.67	4786
2916.98	4782
2918.28	4890
2919.59	4988
2920.89	5010
2922.2	5333
2923.5	5591
2924.81	5785
2926.11	6138
2927.42	6477
2928.72	6683
2930.02	7125
2931.33	7291
2932.63	7506
2933.93	7554
2935.24	7640
2936.54	7429
2937.84	7270
2939.14	6973
2940.45	6742
2941.75	6533
2943.05	6194
2944.35	5817
2945.65	5800
2946.95	5474
2948.25	5276
2949.55	4927
2950.85	4694
2952.15	4651.12
2953.45	4427.32
2954.75	4340.32
2956.05	4262.76
2957.35	4127.92
2958.65	4073.27
2959.95	4082.46
2961.25	4041.03
2962.55	4142.17
2963.84	4170.62
2965.14	4089.69
2966.44	4299.66
2967.74	4301.85
2969.03	4383.91
2970.33	4474
2971.63	4569.46
2972.92	4676.53
2974.22	4717.18
2975.51	4799.04
2976.81	4819.29
2978.11	4947.99
2979.4	4803.24
2980.7	4886.82
2981.99	4863.78
2983.29	4803.92
2984.58	4672.97
2985.87	4571.88
2987.17	4437.99
2988.46	4304.65
2989.75	4217.21
2991.05	4066.12
2992.34	3918.13
2993.63	3789.44
2994.93	3714.06
2996.22	3600.33
2997.51	3568.54
2998.8	3489.47
3000.09	3455.8
3001.39	3335.19
3002.68	3303.54
3003.97	3282.57
3005.26	3207.41
3006.55	3188.98
3007.84	3144.85
3009.13	3112.88
3010.42	3130.5
3011.71	3084.42
3013	3066.4
3014.29	3059.64
3015.57	3030.99
3016.86	3001.83
3018.15	3005.23
3019.44	2989.5
3020.73	2993.91
3022.02	2989.59
3023.3	2949.55
3024.59	2975.31
3025.88	2978.21
3027.17	2963.85
3028.45	2971.3
3029.74	2957.36
3031.02	2929.96
3032.31	2932.57
3033.59	2954.44
3034.88	2955.84
3036.17	2919.97
3037.45	2944.42
3038.74	2934.2
3040.02	2956.65
3041.31	2943.13
3042.59	2872.53
3043.87	2930.37
3045.16	2885.85
3046.44	2907.69
3047.72	2908.12
3049.01	2896.47
3050.29	2860.09
3051.57	2889.42
3052.85	2821.77
3054.14	2857.27
3055.42	2871.84
3056.7	2841.97
3057.98	2856.1
3059.26	2827.16
3060.54	2803.01
3061.83	2771.59
3063.11	2824.69
3064.39	2878.12
3065.67	2845.05
3066.95	2801.88
3068.23	2804.17
3069.51	2813.08
3070.79	2807.02
3072.06	2806.96
3073.34	2758.85
3074.62	2808.44
3075.9	2800.22
3077.18	2774.23
3078.46	2839.2
3079.73	2783.04
3081.01	2759.95
3082.21	2765
3083.5	2756
3084.78	2827
3086.06	2784
3087.34	2750
3088.63	2728
3089.91	2794
3091.19	2761
3092.47	2748
3093.75	2754
3095.03	2775
3096.31	2770
3097.59	2737
3098.88	2752
3100.16	2777
3101.44	2755
3102.72	2709
3104	2717
3105.27	2703
3106.55	2672
3107.83	2782
3109.11	2740
3110.39	2707
3111.67	2678
3112.95	2744
3114.22	2744
3115.5	2723
3116.78	2653
3118.06	2719
3119.33	2833
3120.61	2764
3121.88	2722
3123.16	2799
3124.44	2790
3125.71	2774
3126.99	2681
3128.26	2699
3129.54	2737
3130.81	2692
3132.09	2698
3133.36	2749
3134.64	2727
3135.91	2724
3137.19	2740
3138.46	2772
3139.73	2763
3141.01	2780
3142.28	2774
3143.55	2756.5
3144.82	2739
3146.1	2744
3147.37	2795
3148.64	2801
3149.91	2722
3151.18	2704
3152.45	2802
3153.73	2788
3155	2754
3156.27	2715
3157.54	2764
3158.81	2755
3160.08	2746
3161.35	2800
3162.62	2764
3163.89	2752
3165.15	2716
3166.42	2784
3167.69	2797
3168.96	2772
3170.23	2733
3171.5	2729
3172.76	2764
3174.03	2752
3175.3	2761
3176.57	2739
3177.83	2746
3179.1	2799
3180.37	2776
3181.63	2779
3182.9	2757
3184.16	2817
3185.43	2819
3186.69	2782
3187.96	2809
3189.22	2810
3190.49	2705
3191.75	2757
3193.02	2744
3194.28	2725
3195.55	2773
3196.81	2731
3198.07	2784
3199.34	2793
3200.6	2848
3201.86	2807
3203.12	2793
3204.39	2787
3205.65	2807
3206.91	2744
3208.17	2761
3209.43	2709
3210.69	2760
3211.96	2777
3213.22	2815
3214.48	2809
3215.74	2800
3217	2725
3218.26	2797
3219.52	2814
3220.78	2789
3222.04	2802
3223.3	2791
3224.55	2753
3225.81	2777
3227.07	2811
3228.33	2800
3229.59	2779
3230.84	2842
3232.1	2825
3233.36	2794
3234.62	2772
3235.87	2797
3237.13	2773
3238.39	2790
3239.64	2769
3240.9	2745
3242.15	2803
3243.41	2807
3244.67	2795
3245.92	2836
3247.18	2736
3248.43	2780
3249.69	2762
3250.94	2795
3252.19	2798
3253.45	2810
3254.7	2734
3255.95	2754
3257.21	2783
3258.46	2832
3259.72	2778
3260.97	2815
3262.22	2792
3263.47	2744
3264.72	2757
3265.98	2758
3267.23	2730
3268.48	2737
3269.73	2716
3270.98	2799
3272.23	2818
3273.48	2754
3274.73	2678
3275.98	2712
3277.23	2747
3278.48	2745
3279.73	2705
3280.98	2763
3282.23	2696
3283.48	2700
3284.73	2672
3285.98	2720
3287.22	2706
3288.47	2726
3289.72	2669
3290.97	2775
3292.21	2655
3293.46	2696
3294.71	2740
3295.96	2702
3297.2	2718
3298.45	2648
3299.69	2646
3300.94	2695
3302.19	2669
3303.43	2582
3304.68	2662
3305.92	2587
3307.17	2665
3308.41	2630
3309.66	2642
3310.9	2568
3312.14	2669
3313.39	2633
3314.63	2652
3315.87	2610
3317.12	2658
3318.36	2674
3319.6	2637
3320.84	2589
3322.09	2664
3323.33	2587
3324.57	2603
3325.81	2576
3327.05	2635
3328.29	2659
3329.54	2616
3330.78	2582
3332.02	2579
3333.26	2641
3334.5	2607
3335.74	2640
3336.98	2605
3338.22	2657
3339.46	2628
3340.69	2580
3341.93	2528
3343.17	2560
3344.41	2621
3345.65	2518
3346.89	2589
3348.12	2671
3349.36	2594
3350.6	2579
3351.84	2580
3353.07	2599
3354.31	2510
3355.55	2628
3356.78	2616
3358.02	2567
3359.26	2568
3360.49	2554
3361.73	2532
3362.96	2702
3364.2	2584
3365.43	2594
3366.67	2540
3367.9	2538
3369.14	2643
3370.37	2511
3371.6	2511
3372.84	2506
3374.07	2536
3375.3	2576
3376.54	2500
3377.77	2549
3379	2559
3380.24	2534
3381.47	2516
3382.7	2579
3383.93	2573
3385.16	2559
3386.39	2538
3387.62	2566
3388.86	2477
3390.09	2594
3391.32	2581
3392.55	2520
3393.78	2549
3395.01	2510
3396.24	2548
3397.47	2479
3398.7	2594
3399.93	2593
3401.15	2530
3402.38	2508
3403.61	2505
3404.84	2525
3406.07	2551
3407.29	2522
3408.52	2600
3409.75	2516
3410.98	2540
3412.2	2470
3413.43	2560
3414.66	2529
3415.88	2562
3417.11	2511
3418.34	2552
3419.56	2598
3420.79	2464
3422.01	2488
3423.24	2497
3424.46	2510
3425.69	2488
3426.91	2553
3428.14	2452
3429.36	2454
3430.58	2472
3431.81	2524
3433.03	2453
3434.25	2486
3435.48	2470
3436.7	2525
3437.92	2465
3439.15	2506
3440.37	2472
3441.59	2464
3442.81	2460
3444.03	2472
3445.25	2468
3446.48	2402
3447.7	2469
3448.92	2432
3450.14	2412
3451.36	2441
3452.58	2412
3453.8	2401
3455.02	2403
3456.24	2351
3457.46	2401
3458.68	2423
3459.89	2386
3461.11	2379
3462.33	2372
3463.55	2351
3464.77	2389
3465.99	2312
3467.2	2349
3468.42	2268
3469.64	2245
3470.86	2295
3472.07	2311
3473.29	2287
3474.51	2318
3475.72	2315
3476.94	2341
3478.15	2254
3479.37	2265
3480.59	2253
3481.8	2256
3483.02	2256
3484.23	2288
3485.45	2216
3486.66	2286
3487.87	2246
3489.09	2175
3490.3	2253
3491.52	2234
3492.73	2204
3493.94	2239
3495.15	2210
3496.37	2196
3497.58	2175
3498.79	2138
3500	2176
3501.22	2186
3502.43	2174
3503.64	2166
3504.85	2167
3506.06	2149
3507.27	2103
3508.48	2102
3509.69	2174
3510.91	2163
3512.12	2134
3513.32	2073
3514.53	2107
3515.74	2101
3516.95	2063
3518.16	2011
3519.37	2036
3520.58	2065
3521.79	2096
3523	2040
3524.21	2052
3525.41	2028
3526.62	2026
3527.83	2052
3529.04	2041
3530.24	2051
3531.45	2027
3532.66	2052
3533.86	1976
3535.07	1969
3536.27	1972
3537.48	2021
3538.69	2001
3539.89	2008
3541.1	2030
3542.3	2003
3543.51	1983
3544.71	1975
3545.92	1970
3547.12	1935
3548.32	1937
3549.53	1922
3550.73	1926
3551.94	1922
3553.14	1900
3554.34	1879
3555.54	1867
3556.75	1901
3557.95	1872
3559.15	1872
3560.35	1906
3561.56	1929
3562.76	1874
3563.96	1945
3565.16	1898
3566.36	1804
3567.56	1805
3568.76	1833
3569.96	1773
3571.16	1845
3572.36	1824
3573.56	1804
3574.76	1815
3575.96	1822
3577.16	1809
3578.36	1779
3579.56	1813
3580.76	1829
3581.96	1789
3583.15	1825
3584.35	1759
3585.55	1741
3586.75	1802
3587.95	1799
3589.14	1725
3590.34	1752
3591.54	1705
3592.73	1743
3593.93	1733
3595.13	1758
3596.32	1708
3597.52	1715
3598.71	1708
3599.91	1700
3601.1	1749
3602.3	1685
3603.49	1650
3604.69	1679
3605.88	1697
3607.08	1697
3608.27	1689
3609.46	1617
3610.66	1686
3611.85	1693
3613.04	1681
3614.24	1674
3615.43	1659
3616.62	1686
3617.81	1671
3619.01	1635
3620.2	1625
3621.39	1613
3622.58	1653
3623.77	1596
3624.97	1637
3626.16	1648
3627.35	1537
3628.54	1629
3629.73	1623
3630.92	1600
3632.11	1577
3633.3	1580
3634.49	1563
3635.68	1568
3636.87	1603
3638.06	1574
3639.24	1576
3640.43	1574
3641.62	1585
3642.81	1557
3644	1555
3645.19	1552
3646.37	1531
3647.56	1548
3648.75	1531
3649.94	1592
3651.12	1555
3652.31	1528
3653.5	1531
3654.68	1536
3655.87	1528
3657.05	1510
3658.24	1515
3659.42	1530
3660.61	1553
3661.79	1558
3662.98	1512
3664.16	1472
3665.35	1546
3666.53	1531
3667.72	1508
3668.9	1475
3670.08	1427
3671.27	1503
3672.45	1431
3673.63	1479
3674.82	1501
3676	1496
3677.18	1417
3678.36	1498
3679.55	1455
3680.73	1466
3681.91	1429
3683.09	1400
3684.27	1483
3685.45	1415
3686.63	1455
3687.82	1450
3689	1442
3690.18	1403
3691.36	1448
3692.54	1425
3693.72	1357
3694.9	1406
3696.07	1398
3697.25	1416
3698.43	1374
3699.61	1396
3700.79	1397
3701.97	1364
3703.15	1344
3704.32	1420
3705.5	1343
3706.68	1358
3707.86	1379
3709.03	1407
3710.21	1352
3711.39	1346
3712.57	1319
3713.74	1328
3714.92	1352
3716.09	1329
3717.27	1401
3718.45	1318
3719.62	1305
3720.8	1297
3721.97	1324
3723.15	1330
3724.32	1315
3725.49	1284
3726.67	1283
3727.84	1323
3729.02	1352
3730.19	1302
3731.36	1263
3732.54	1267
3733.71	1336
3734.88	1250
3736.06	1282
3737.23	1255
3738.4	1277
3739.57	1285
3740.75	1297
3741.92	1300
3743.09	1274
3744.26	1238
3745.43	1336
3746.6	1212
3747.77	1221
3748.94	1277
3750.11	1278
3751.28	1288
3752.45	1338
3753.62	1260
3754.79	1257
3755.96	1283
3757.13	1258
3758.3	1229
3759.47	1250
3760.64	1271
3761.81	1218
3762.97	1207
3764.14	1212
3765.31	1268
3766.48	1192
3767.65	1237
3768.81	1253
3769.98	1219
3771.15	1183
3772.31	1208
3773.48	1214
3774.65	1232
3775.81	1160
3776.98	1258
3778.14	1238
3779.31	1187
3780.48	1195
3781.64	1162
3782.8	1197
3783.97	1182
3785.13	1268
3786.3	1180
3787.46	1266
3788.63	1192
3789.79	1188
3790.95	1186
3792.12	1181
3793.28	1191
3794.44	1206
3795.61	1195
3796.77	1187
3797.93	1174
3799.09	1192
3800.26	1139
3801.42	1187
3802.58	1181
3803.74	1165
3804.9	1168
3806.06	1151
3807.22	1141
3808.38	1166
3809.55	1119
3810.71	1169
3811.87	1180
3813.03	1150
3814.18	1152
3815.34	1159
3816.5	1188
3817.66	1147
3818.82	1125
3819.98	1119.5
3821.14	1114
3822.3	1192
3823.46	1143
3824.61	1158
3825.77	1139
3826.93	1119
3828.09	1130
3829.24	1128
3830.4	1125
3831.56	1142
3832.71	1156
3833.87	1112
3835.03	1132
3836.18	1112
3837.34	1112
3838.5	1118
3839.65	1130
3840.81	1099
3841.96	1121
3843.12	1077
3844.27	1152
3845.43	1051
3846.58	1116
3847.73	1105
3848.89	1067
3850.04	1101
3851.2	1088
3852.35	1147
3853.5	1096
3854.66	1109
3855.81	1077
3856.96	1098
3858.11	1108
3859.27	1090
3860.42	1082
3861.57	1050
3862.72	1069
3863.87	1109
3865.02	1048
3866.18	1099
3867.33	1106
3868.48	1101
3869.63	1090
3870.78	1080
3871.93	1068
3873.08	1069
3874.23	1041
3875.38	1067
3876.53	1003
3877.68	1064
3878.83	1061
3879.97	1019
3881.12	1114
3882.27	989
3883.42	1082
3884.57	1008
3885.72	1064
3886.86	1018
3888.01	1096
3889.16	1085
3890.31	1069
3891.45	1061
3892.6	1032
3893.75	994
3894.89	1008
3896.04	1017
3897.18	1039
3898.33	1042
3899.48	1033
3900.62	976
3901.77	1031
3902.91	1053
3904.06	1019
3905.2	991
3906.35	1044
3907.49	1035
3908.63	1025
3909.78	1028
3910.92	985
3912.07	1013
3913.21	1005
3914.35	1017
3915.5	1004
3916.64	986
3917.78	1016
3918.92	982
3920.07	980
3921.21	1011
3922.35	980
3923.49	1001
3924.63	977
3925.77	980
3926.92	995
3928.06	1022
3929.2	988
3930.34	968
3931.48	977
3932.62	988
3933.76	1004
3934.9	974
3936.04	971
3937.18	984
3938.32	984
3939.46	1001
3940.59	962
3941.73	939
3942.87	957
3944.01	961
3945.15	950
3946.29	987
3947.42	960
3948.56	973
3949.7	988
3950.84	979
3951.97	972
3953.11	956
3954.25	956
3955.38	965
3956.52	921
3957.66	952
3958.79	955
3959.93	943
3961.06	971
3962.2	920
3963.33	952
3964.47	916
3965.6	944
3966.74	947
3967.87	930
3969.01	939
3970.14	965
3971.27	940
3972.41	937
3973.54	947
3974.68	927
3975.81	912
3976.94	935
3978.07	914
3979.21	940
3980.34	910
3981.47	960
3982.6	945
3983.73	916
3984.87	900
3986	889
3987.13	900
3988.26	908
3989.39	925
3990.52	920
3991.65	920
3992.78	906
3993.91	928
3995.04	913
3996.17	906
3997.3	917
3998.43	930
3999.56	897
