100.791	117
101.61	119
102.429	122
103.248	105
104.067	118
104.885	107
105.703	102
106.523	104
107.341	129
108.158	95
108.976	100
109.795	93
110.612	102
111.43	103
112.248	101
113.066	96
113.883	91
114.7	106
115.518	86
116.335	100
117.151	96
117.968	90
118.784	95
119.602	95
120.418	89
121.234	94
122.05	102
122.866	87
123.682	76
124.499	88
125.315	85
126.13	86
126.946	79
127.761	88
128.576	96
129.391	88
130.206	86
131.021	83
131.836	80
132.651	78
133.467	89
134.281	78
135.096	82
135.91	82
136.724	80
137.538	74
138.352	88
139.166	74
139.98	80
140.793	72
141.607	76
142.419	80
143.233	77
144.046	79
144.859	69
145.672	78
146.485	82
147.298	76
148.111	80
148.923	69
149.736	70
150.548	77
151.36	77
152.172	74
152.984	77
153.796	68
154.608	76
155.42	75
156.23	72
157.042	76
157.853	70
158.665	71
159.475	68
160.286	68
161.097	65
161.908	70
162.718	61
163.529	72
164.339	72
165.15	71
165.959	66
166.77	64
167.58	75
168.389	68
169.199	71
170.009	69
170.818	67
171.628	65
172.437	68
173.246	74
174.055	63
174.863	68
175.673	67
176.482	62
177.29	71
178.099	58
178.906	67
179.715	72
180.523	65
181.331	63
182.139	60
182.947	63
183.755	68
184.562	73
185.37	66
186.177	68
186.984	63
187.791	72
188.598	60
189.405	64
190.211	61
191.018	66
191.825	59
192.632	66
193.438	64
194.243	58
195.05	63
195.856	74
196.662	60
197.467	56
198.273	67
199.079	59
199.884	52
200.689	56
201.495	58
202.3	59
203.104	62
203.91	72
204.714	64
205.519	65
206.323	56
207.128	55
207.932	62
208.736	49
209.54	58
210.345	66
211.148	52
211.952	68
212.755	53
213.559	52
214.363	55
215.166	60
215.969	59
216.772	52
217.575	71
218.378	58
219.181	59.5
219.984	61
220.786	61
221.588	55
222.391	53
223.193	62
223.995	59
224.797	61
225.598	62
226.4	56
227.202	56
228.003	62
228.805	57.5
229.606	53
230.407	61
231.208	58
232.009	59
232.81	56
233.611	66
234.411	57
235.212	64
236.012	45
236.813	54
237.613	59
238.413	57
239.213	63
240.013	61
240.813	49
241.613	62
242.412	58
243.211	52
244.011	59
244.81	60
245.609	57
246.408	54
247.206	61
248.005	52
248.804	53
249.603	58
250.401	60
251.199	64
251.997	54
252.796	49
253.594	59
254.391	67
255.189	53
255.987	50
256.785	57
257.582	51
258.379	51
259.177	59
259.973	51
260.77	60
261.568	57
262.364	56
263.161	58
263.958	55
264.754	64
265.55	62
266.346	55
267.142	59
267.939	58
268.734	64
269.53	59
270.325	55
271.121	56
271.916	53
272.712	56
273.507	61
274.302	54
275.097	60
275.892	56
276.687	58
277.482	55
278.276	45
279.071	63
279.865	54
280.659	56
281.453	62
282.248	57
283.041	63
283.835	56
284.629	61
285.422	50
286.216	52
287.009	51
287.802	54
288.596	53
289.388	58
290.181	53
290.974	54
291.767	54
292.559	60
293.352	64
294.144	48
294.936	60
295.728	51
296.521	49
297.313	60
298.104	47
298.896	48
299.688	51
300.479	64
301.271	53
302.062	55
302.853	60
303.644	54
304.435	53
305.226	50
306.017	60
306.807	56
307.597	49
308.389	49
309.179	63
309.969	44
310.759	51
311.549	52
312.339	46
313.128	54
313.918	51
314.707	56
315.497	57
316.286	51
317.075	56
317.864	59
318.653	54
319.442	47
320.231	50
321.019	58
321.808	50
322.596	55
323.385	53
324.173	45
324.961	58
325.749	51
326.537	46
327.325	54
328.113	47
328.901	57
329.688	46
330.475	50
331.262	49
332.049	58
332.837	49
333.624	57
334.411	56
335.197	49
335.983	52
336.77	50
337.557	58
338.343	54
339.129	57
339.915	51
340.701	52
341.487	48
342.272	52
343.058	51
343.844	53
344.629	59
345.414	52
346.2	58
346.985	56
347.769	49
348.554	40
349.34	49
350.124	54
350.908	56
351.692	56
352.477	50
353.262	54
354.045	54
354.83	58
355.613	49
356.397	59
357.181	48
357.964	59
358.748	50
359.531	52
360.315	56
361.097	52
361.881	57
362.663	45
363.447	54
364.229	55
365.012	54
365.794	58
366.577	51
367.359	51
368.141	51
368.923	53
369.705	62
370.487	45
371.268	57
372.05	49
372.832	52
373.613	52
374.394	50
375.176	54
375.956	54
376.737	54
377.519	51
378.299	48
379.079	47
379.861	54
380.641	55
381.421	57
382.202	61
382.982	46
383.762	54
384.541	55
385.321	57
386.101	50
386.881	53
387.66	53
388.439	57
389.218	52
389.998	57
390.777	55
391.556	45
392.335	52
393.113	49
393.892	48
394.67	42
395.449	59
396.228	52
397.006	48
397.784	58
398.562	54
399.34	52
400.117	59
400.895	52
401.673	55
402.45	40
403.227	54
404.005	55
404.782	58
405.559	62
406.336	60
407.112	53
407.889	56
408.666	54
409.442	59
410.219	52
410.995	52
411.771	52
412.547	48
413.323	59
414.099	51
414.875	45
415.65	61
416.426	51
417.202	53
417.976	53
418.752	59
419.527	58
420.302	67
421.077	61
421.851	62
422.626	62
423.401	73
424.176	59
424.949	59
425.724	61
426.498	54
427.273	59
428.046	68
428.82	63
429.594	60
430.367	75
431.141	61
431.915	64
432.687	62
433.461	72
434.234	78
435.007	63
435.78	67
436.552	75
437.325	61
438.098	65
438.87	63
439.643	57
440.414	66
441.187	62
441.959	65
442.731	62
443.502	62
444.274	50
445.046	66
445.818	53
446.589	64
447.36	54
448.131	57
448.903	58
449.673	60
450.445	52
451.215	55
451.985	58
452.756	62
453.527	56
454.297	54
455.067	58
455.837	45
456.608	53
457.377	57
458.147	52
458.917	51
459.686	54
460.456	60
461.226	60
461.995	43
462.764	52
463.533	59
464.302	48
465.071	58
465.839	51
466.608	56
467.377	52
468.145	52
468.914	54
469.682	60
470.45	51
471.217	54
471.986	44
472.754	51
473.521	49
474.289	57
475.056	49
475.824	47
476.591	51
477.358	48
478.126	51
478.893	58
479.66	45
480.426	54
481.193	47
481.959	42
482.726	53
483.492	53
484.258	47
485.025	56
485.791	52
486.557	49
487.322	53
488.088	45
488.854	50
489.619	46
490.385	52
491.149	49
491.915	54
492.68	50
493.445	49
494.21	40
494.975	57
495.74	46
496.504	51
497.268	49
498.033	45
498.797	46
499.561	48
500.326	52
501.089	48
501.853	49
502.617	49
503.381	47
504.144	52
504.907	48
505.671	49
506.434	52
507.197	43
507.96	45
508.723	51
509.486	49
510.248	46
511.011	49
511.774	53
512.536	48
513.298	47
514.06	55
514.822	43
515.585	56
516.346	56
517.108	48
517.869	51
518.631	42
519.392	47
520.154	46
520.916	52
521.676	50
522.438	48
523.198	48
523.96	43
524.72	44
525.481	51
526.241	50
527.002	45
527.762	53
528.522	50
529.282	51
530.042	51
530.802	50
531.562	47
532.321	50
533.081	50
533.84	51
534.6	39
535.359	51
536.118	51
536.878	48
537.636	59
538.395	46
539.154	53
539.913	41
540.671	48
541.429	50
542.188	46
542.946	54
543.704	60
544.462	46
545.221	59
545.978	43
546.736	48
547.493	53
548.251	48
549.008	45
549.766	46
550.523	56
551.28	51
552.037	53
552.794	54
553.55	51
554.307	41
555.063	55
555.821	50
556.577	44
557.333	49
558.089	46
558.846	54
559.601	47
560.357	42
561.113	40
561.869	44
562.624	48
563.38	49
564.135	51
564.89	50
565.646	49
566.401	50
567.156	47
567.911	47
568.665	54
569.419	48
570.174	47
570.928	48
571.683	43
572.437	43
573.191	47
573.946	45
574.699	46
575.453	46
576.207	46
576.96	47
577.714	42
578.467	48
579.22	61
579.974	53
580.727	47
581.479	42
582.233	51
582.986	46
583.739	37
584.49	49
585.243	52
585.996	41
586.748	45
587.5	47
588.253	49
589.004	50
589.756	42
590.507	42
591.259	44
592.011	48
592.762	48
593.514	45
594.265	51
595.016	43
595.768	56
596.518	45
597.269	50
598.02	47
598.771	48
599.521	45
600.272	45
601.022	52
601.772	52
602.522	46
603.273	41
604.022	48
604.772	44
605.522	51
606.271	49
607.021	50
607.77	51
608.519	57
609.269	49
610.018	47
610.767	46
611.516	45
612.265	52
613.013	51
613.762	48
614.51	45
615.259	50
616.008	43
616.756	49
617.503	49
618.251	48
619	42
619.747	46
620.495	51
621.242	48
621.99	48
622.738	47
623.485	49
624.232	47
624.979	49
625.726	49
626.473	40
627.22	46
627.967	44
628.713	58
629.46	47
630.206	49
630.952	47
631.698	54
632.444	44
633.19	54
633.936	50
634.682	47
635.427	45
636.173	52
636.919	50
637.664	52
638.409	51
639.154	50
639.899	44
640.645	51
641.389	43
642.134	52
642.879	49
643.624	50
644.368	46
645.112	52
645.856	47
646.6	38
647.345	43
648.089	44
648.833	48
649.577	49
650.32	50
651.063	45
651.807	41
652.551	49
653.293	47
654.037	39
654.78	42
655.523	40
656.265	44
657.008	49
657.751	53
658.494	57
659.236	46
659.978	39
660.721	53
661.463	48
662.205	49
662.946	44
663.688	49
664.431	42
665.172	48
665.914	47
666.655	42
667.396	46
668.138	45
668.879	45
669.62	43
670.361	46
671.102	49
671.842	47
672.583	41
673.323	49
674.064	41
674.804	47
675.545	44
676.285	47
677.025	47
677.765	55
678.504	36
679.244	43
679.984	51
680.724	44
681.463	45
682.202	42
682.942	48
683.681	45
684.419	45
685.159	48
685.898	46
686.636	49
687.375	42
688.114	42
688.852	43
689.59	44
690.329	46
691.067	39
691.805	51
692.542	45
693.281	38
694.018	49
694.756	51
695.493	52
696.231	47
696.968	46
697.706	54
698.443	49
699.18	42
699.917	47
700.654	42
701.39	48
702.127	42
702.863	47
703.6	46
704.336	53
705.072	45
705.808	49
706.544	41
707.28	52
708.016	47
708.752	48
709.488	50
710.223	49
710.959	49
711.694	46
712.429	44
713.165	50
713.9	47
714.635	44
715.37	41
716.105	50
716.839	47
717.573	44
718.308	46
719.042	51
719.777	51
720.511	50
721.245	47
721.979	55
722.713	51
723.447	44
724.181	42
724.914	47
725.647	47
726.381	39
727.114	43
727.847	50
728.58	46
729.314	44
730.047	42
730.779	40
731.512	45
732.244	51
732.977	46
733.709	48
734.441	38
735.174	42
735.906	40
736.638	54
737.37	39
738.101	49
738.833	55
739.565	48
740.296	46
741.027	45
741.759	42
742.49	53
743.221	47
743.952	50
744.683	39
745.414	48
746.145	50
746.875	47
747.606	41
748.336	53
749.067	52
749.797	54
750.527	42
751.258	42
751.987	42
752.717	52
753.447	49
754.176	48
754.906	49
755.636	50
756.365	47
757.094	46
757.823	44
758.552	42
759.281	42
760.01	44
760.739	42
761.468	45
762.196	48
762.924	45
763.652	55
764.381	47
765.109	46
765.837	39
766.565	41
767.293	45
768.021	38
768.749	43
769.477	43
770.204	45
770.931	46
771.658	47
772.386	40
773.113	46
773.84	50
774.566	37
775.293	48
776.02	42
776.747	41
777.473	44
778.199	42
778.926	49
779.652	45
780.378	37
781.104	43
781.83	48
782.556	42
783.282	38
784.008	51
784.732	46
785.458	42
786.183	45
786.909	54
787.634	41
788.359	50
789.084	51
789.809	45
790.534	52
791.258	50
791.983	43
792.707	40
793.432	46
794.156	46
794.88	50
795.604	49
796.328	50
797.052	48
797.775	52
798.499	47
799.223	43
799.946	39
800.67	50
801.393	45
802.116	49
802.84	47
803.563	45
804.285	48
805.008	50
805.731	43
806.454	43
807.176	44
807.899	52
808.621	53
809.343	50
810.066	47.9656
810.787	42.0479
811.51	37.3857
812.231	49.0218
812.952	51.5913
813.674	49.6308
814.396	51.7137
815.118	36.6752
815.839	45.9611
816.56	45.3115
817.281	50.1846
818.002	46.0166
818.724	49.91
819.444	46.7565
820.164	46.8723
820.886	43.7002
821.606	49.7297
822.326	47.4907
823.047	41.0947
823.767	48.3247
824.487	36.8818
825.208	45.3483
825.928	39.6368
826.647	46.5139
827.367	44.2581
828.087	46.8663
828.807	44.7198
829.526	47.7829
830.245	45.4091
830.965	42.0984
831.685	46.9464
832.404	52.5011
833.122	46.2013
833.841	47.0804
834.56	51.3258
835.279	44.0339
835.997	46.1299
836.717	47.0875
837.435	48.97
838.153	51.9681
838.871	45.62
839.59	48.9079
840.308	47.7347
841.026	51.0904
841.743	47.3998
842.461	46.5105
843.179	42.745
843.896	38.9302
844.614	50.5226
845.331	45.0253
846.049	47.3217
846.766	50.6739
847.483	54.0434
848.2	45.7125
848.917	46.7901
849.634	43.6143
850.35	57.5757
851.067	54.787
851.784	45.6002
852.5	52.5907
853.217	54.0762
853.933	51.201
854.649	50.0296
855.365	49.1079
856.081	54.0232
856.797	52.0973
857.513	53.8736
858.229	45.5571
858.944	53.268
859.659	52.2997
860.375	56.7048
861.091	52.57
861.805	54.376
862.52	59.096
863.236	53.6213
863.95	57.0106
864.665	59.1801
865.38	55.2407
866.094	52.29
866.809	59.5472
867.524	65.1353
868.238	60.7947
868.952	74.65
869.666	69.856
870.38	76.675
871.095	74.4063
871.808	86.4489
872.522	94.4699
873.235	98.5024
873.949	108.547
874.662	118.435
875.376	119.252
876.089	120.199
876.803	135.384
877.515	146.547
878.229	157.213
878.941	162.322
879.655	158.925
880.367	161.293
881.079	166.318
881.166	167
881.882	172
882.599	165
883.316	157
884.032	138
884.748	136
885.464	121
886.18	109
886.897	108
887.613	112
888.328	92
889.044	87
889.76	79
890.475	77
891.19	89
891.906	58
892.622	68
893.337	69
894.052	58
894.767	66
895.481	61
896.196	62
896.911	60
897.625	58
898.34	50
899.054	53
899.768	47
900.483	48
901.197	49
901.911	52
902.625	62
903.339	53
904.052	54
904.766	49
905.48	48
906.193	43
906.906	47
907.619	50
908.332	40
909.046	51
909.759	53
910.472	49
911.185	57
911.898	44
912.609	51
913.322	55
914.035	50
914.747	49
915.46	39
916.171	40.5
916.883	42
917.595	53
918.307	51
919.019	46
919.731	47
920.442	47
921.154	43
921.865	44
922.576	43
923.288	54
923.999	44
924.71	44
925.421	44
926.132	43
926.842	45
927.553	49
928.263	42
928.974	41
929.685	41
930.394	41
931.105	46
931.815	49
932.525	52
933.235	45
933.944	43
934.655	44
935.364	40
936.074	43
936.783	44
937.492	49
938.201	41
938.911	46
939.619	45
940.329	46
941.037	46
941.747	46
942.455	44
943.164	46
943.872	49
944.58	47
945.289	51
945.997	50
946.706	43
947.413	41
948.121	33
948.829	36
949.537	39
950.244	46
950.952	43
951.659	47
952.367	42
953.074	47
953.781	49
954.488	39
955.196	51
955.903	38
956.609	48
957.316	50
958.023	46
958.729	46
959.436	50
960.142	44
960.849	38
961.555	43
962.261	42
962.967	51
963.672	50
964.378	39
965.084	51
965.79	41
966.495	48
967.201	47
967.906	44
968.611	49
969.316	51
970.021	44
970.726	37
971.432	48
972.137	43
972.841	54
973.546	40
974.25	45
974.955	45
975.659	45
976.363	51
977.068	43
977.772	45
978.476	52
979.179	46
979.883	52
980.586	44
981.29	48
981.993	46
982.697	41
983.4	47
984.104	45
984.807	41
985.51	35
986.213	47
986.916	49
987.618	43
988.321	47
989.024	43
989.726	45
990.429	49
991.13	48
991.833	45
992.535	48
993.237	38
993.94	45
994.641	42
995.343	44
996.045	45
996.746	46
997.447	46
998.149	43
998.85	42
999.551	49
1000.25	47
1000.95	51
1001.65	42
1002.36	50
1003.06	39
1003.76	44
1004.46	48
1005.16	46
1005.86	46
1006.56	49
1007.26	54
1007.96	42
1008.66	44
1009.36	50
1010.06	44
1010.76	43
1011.46	48
1012.16	49
1012.86	39
1013.56	56
1014.26	52
1014.95	58
1015.65	41
1016.35	46
1017.05	45
1017.75	45
1018.45	48
1019.15	47
1019.85	53
1020.55	47
1021.24	43
1021.94	40
1022.64	56
1023.34	43
1024.04	54
1024.73	49
1025.43	44
1026.13	55
1026.83	54
1027.52	45
1028.22	54
1028.92	45
1029.62	54
1030.31	57
1031.01	53
1031.71	41
1032.4	56
1033.1	51
1033.8	46
1034.5	57
1035.19	52
1035.89	56
1036.58	57
1037.28	59
1037.98	63
1038.67	58
1039.37	62
1040.06	55
1040.76	66
1041.46	67
1042.15	62
1042.85	69
1043.54	67
1044.24	70
1044.93	61
1045.63	71
1046.32	77
1047.02	70
1047.71	70
1048.41	77
1049.1	82
1049.8	63
1050.49	68
1051.19	69
1051.88	66
1052.58	66
1053.27	62
1053.96	79
1054.66	71
1055.35	59
1056.05	61
1056.74	58
1057.43	63
1058.13	68
1058.82	66
1059.51	57
1060.21	60
1060.9	50
1061.59	66
1062.29	56
1062.98	56
1063.67	60
1064.36	65
1065.06	67
1065.75	63
1066.44	51
1067.13	67
1067.83	61
1068.52	52
1069.21	59
1069.9	60
1070.6	51
1071.29	55
1071.98	51
1072.67	50
1073.36	60
1074.05	63
1074.74	51
1075.44	66
1076.13	62
1076.82	67
1077.51	60
1078.2	52
1078.89	52
1079.58	56
1080.27	59
1080.96	72
1081.65	59
1082.34	65
1083.03	63
1083.72	63
1084.41	71
1085.1	65
1085.79	64
1086.48	66
1087.17	66
1087.86	78
1088.55	59
1089.24	67
1089.93	75
1090.62	85
1091.31	77
1092	81
1092.69	75
1093.38	75
1094.07	72
1094.76	71
1095.44	71
1096.13	68
1096.82	78
1097.51	73
1098.2	74
1098.89	63
1099.58	81
1100.26	55
1100.95	79
1101.64	59
1102.33	54
1103.01	54
1103.7	60
1104.39	57
1105.08	51
1105.76	62
1106.45	47
1107.14	59
1107.83	59
1108.51	52
1109.2	56
1109.89	48
1110.57	50
1111.26	54
1111.95	61
1112.63	63
1113.32	58
1114	51
1114.69	47
1115.38	50
1116.06	63
1116.75	51
1117.44	55
1118.12	56
1118.81	49
1119.49	53
1120.18	59
1120.86	49
1121.55	51
1122.23	55
1122.92	45
1123.6	49
1124.29	53
1124.97	49
1125.66	48
1126.34	53
1127.03	42
1127.71	51
1128.4	58
1129.08	49
1129.77	48
1130.45	51
1131.13	55
1131.82	44
1132.5	51
1133.19	51
1133.87	41
1134.55	49
1135.24	52
1135.92	46
1136.6	52
1137.29	47
1137.97	43
1138.65	54
1139.33	40
1140.02	54
1140.7	45
1141.38	44
1142.07	52
1142.75	45
1143.43	47
1144.11	51
1144.8	55
1145.48	49
1146.16	52
1146.84	42
1147.52	41
1148.21	45
1148.89	53
1149.57	49
1150.25	47
1150.93	35
1151.61	45
1152.29	50
1152.98	51
1153.66	42
1154.34	50
1155.02	57
1155.7	37
1156.38	50
1157.06	37
1157.74	49
1158.42	45
1159.1	48
1159.78	46
1160.46	49
1161.14	44
1161.82	45
1162.5	49
1163.18	47
1163.86	37
1164.54	47
1165.22	44
1165.9	42
1166.58	52
1167.26	46
1167.94	43
1168.62	47
1169.3	43
1169.98	49
1170.66	38
1171.34	42
1172.01	48
1172.69	42
1173.37	48
1174.05	48
1174.73	43
1175.41	37
1176.08	55
1176.76	49
1177.44	47
1178.12	36
1178.8	43
1179.47	49
1180.15	43
1180.83	41
1181.51	50
1182.18	48
1182.86	47
1183.54	36
1184.22	50
1184.89	44
1185.57	43
1186.25	44
1186.92	38
1187.6	47
1188.28	38
1188.95	45
1189.63	55
1190.31	48
1190.98	46
1191.66	39
1192.34	39
1193.01	40
1193.69	47
1194.36	49
1195.04	48
1195.71	38
1196.39	49
1197.07	51
1197.74	45
1198.42	40
1199.09	38
1199.77	46
1200.44	49
1201.12	42
1201.79	52
1202.47	50
1203.14	45
1203.82	43
1204.49	44
1205.16	49
1205.84	39
1206.51	41
1207.19	46
1207.86	49
1208.54	47
1209.21	48
1209.88	43
1210.56	55
1211.23	49
1211.9	43
1212.58	40
1213.25	55
1213.93	47
1214.6	49
1215.27	45
1215.94	43
1216.62	46
1217.29	41
1217.96	42
1218.64	40
1219.31	39
1219.98	43
1220.65	45
1221.33	44
1222	53
1222.67	44
1223.34	44
1224.01	49
1224.69	42
1225.36	46
1226.03	44
1226.7	44
1227.37	44
1228.04	43
1228.72	44
1229.39	46
1230.06	47
1230.73	42
1231.4	45
1232.07	39
1232.74	49
1233.41	48
1234.08	49
1234.75	55
1235.42	49
1236.1	43
1236.77	41
1237.44	44
1238.11	40
1238.78	41
1239.45	42
1240.12	48
1240.79	53
1241.46	46
1242.13	47
1242.8	47
1243.47	48
1244.13	51
1244.8	44
1245.47	45
1246.14	44
1246.81	43
1247.48	49
1248.15	44
1248.82	46
1249.49	38
1250.15	44
1250.82	48
1251.49	50
1252.16	47
1252.83	42
1253.5	50
1254.17	42
1254.83	44
1255.5	43
1256.17	46
1256.84	42
1257.5	52
1258.17	45
1258.84	40
1259.51	58
1260.17	46
1260.84	46
1261.51	56
1262.18	55
1262.84	54
1263.51	50
1264.18	51
1264.84	52
1265.51	51
1266.18	52
1266.84	50
1267.51	48
1268.18	53
1268.84	58
1269.51	60
1270.17	48
1270.84	59
1271.51	59
1272.17	61
1272.84	58
1273.5	57
1274.17	59
1274.83	56
1275.5	54
1276.16	50
1276.83	50
1277.5	55
1278.16	56
1278.83	53
1279.49	55
1280.16	55
1280.82	57
1281.48	50
1282.15	52
1282.81	53
1283.48	47
1284.14	55
1284.81	51
1285.47	56
1286.13	53
1286.8	58
1287.46	48
1288.13	49
1288.79	45
1289.45	41
1290.12	50
1290.78	55
1291.44	48
1292.11	53
1292.77	46
1293.43	53
1294.1	47
1294.76	45
1295.42	46
1296.08	44
1296.75	44
1297.41	52
1298.07	48
1298.73	46.5
1299.4	45
1300.06	51
1300.72	41
1301.38	50
1302.04	55
1302.71	40
1303.37	47
1304.03	50
1304.69	50
1305.35	49
1306.01	55
1306.68	51
1307.34	43
1308	45
1308.66	42
1309.32	55
1309.98	50
1310.64	51
1311.3	44
1311.96	53
1312.62	40
1313.28	51
1313.94	50
1314.61	45
1315.27	43
1315.93	48
1316.59	44
1317.25	41
1317.91	48
1318.57	49
1319.23	51
1319.89	38
1320.54	50
1321.2	48
1321.86	42
1322.52	52
1323.18	48
1323.84	47
1324.5	47
1325.16	44
1325.82	51
1326.48	43
1327.14	47
1327.79	41
1328.45	39
1329.11	47
1329.77	50
1330.43	44
1331.09	47
1331.74	45
1332.4	42
1333.06	43
1333.72	47
1334.38	51
1335.03	45
1335.69	47
1336.35	51
1337.01	53
1337.66	44
1338.32	52
1338.98	46
1339.64	52
1340.29	47
1340.95	44
1341.61	45
1342.26	49
1342.92	48
1343.58	60
1344.23	54
1344.89	46
1345.55	52
1346.2	52
1346.86	51
1347.51	54
1348.17	49
1348.83	51
1349.48	57
1350.14	43
1350.79	53
1351.45	48
1352.1	53
1352.76	50
1353.42	49
1354.07	46
1354.73	54
1355.38	50
1356.04	38
1356.69	45
1357.35	49
1358	59
1358.66	47
1359.31	48
1359.96	48
1360.62	52
1361.27	44
1361.93	51
1362.58	47
1363.24	47
1363.89	44
1364.54	48
1365.2	52
1365.85	52
1366.51	53
1367.16	50
1367.81	47
1368.47	48
1369.12	52
1369.77	41
1370.43	45
1371.08	53
1371.73	46
1372.38	45
1373.04	48
1373.69	50
1374.34	52
1375	47
1375.65	52
1376.3	47
1376.95	48
1377.6	52
1378.26	46
1378.91	56
1379.56	59
1380.21	51
1380.86	54
1381.52	61
1382.17	49
1382.82	52
1383.47	47
1384.12	52
1384.77	53
1385.42	59
1386.08	55
1386.73	50
1387.38	54
1388.03	49
1388.68	50
1389.33	52
1389.98	55
1390.63	55
1391.28	60
1391.93	52
1392.58	46
1393.23	62
1393.88	48
1394.53	54
1395.18	54
1395.83	42
1396.48	58
1397.13	52
1397.78	50
1398.43	46
1399.08	53
1399.73	49
1400.38	55
1401.03	56
1401.68	51
1402.33	51
1402.98	57
1403.63	46
1404.28	50
1404.92	54
1405.57	52
1406.22	50
1406.87	48
1407.52	44
1408.17	52
1408.81	52
1409.46	43
1410.11	51
1410.76	53
1411.41	43
1412.06	48
1412.7	56
1413.35	63
1414	58
1414.65	55
1415.29	50
1415.94	52
1416.59	55
1417.23	48
1417.88	58
1418.53	52
1419.18	54
1419.82	71
1420.47	55
1421.12	49
1421.76	57
1422.41	55
1423.06	54
1423.7	53
1424.35	65
1424.99	60
1425.64	65
1426.29	57
1426.93	71
1427.58	58
1428.22	63
1428.87	69
1429.52	64
1430.16	61
1430.81	66
1431.45	62
1432.1	52
1432.74	70
1433.39	64
1434.03	62
1434.68	64
1435.32	62
1435.97	57
1436.61	70
1437.26	58
1437.9	72
1438.55	58
1439.19	60
1439.83	63
1440.48	63
1441.12	73.9228
1441.77	60.1022
1442.41	70.139
1443.05	62.2538
1443.7	67.9841
1444.34	71.088
1444.99	66.6436
1445.63	70.6076
1446.27	77.0665
1446.92	56.2601
1447.56	80.6396
1448.2	73.1999
1448.85	72.5975
1449.49	83.2815
1450.13	70.4826
1450.77	68.8919
1451.42	78.6894
1452.06	78.2147
1452.7	72.1444
1453.35	78.0469
1453.99	88.0856
1454.63	77.8058
1455.27	76.7132
1455.91	70.8507
1456.56	76.9641
1457.2	84.8151
1457.84	72.6322
1458.48	70.8339
1459.12	70.4572
1459.77	72.2306
1460.41	74.0944
1461.05	70.7546
1461.69	67.5942
1462.33	70.9204
1462.97	67.3753
1463.61	74.9008
1464.26	74.7933
1464.9	68.5356
1465.54	69.1748
1466.18	68.1423
1466.82	67.0955
1467.46	69.1394
1468.1	69.8978
1468.74	66.6732
1469.38	73.2243
1470.02	63.7384
1470.66	68.1338
1471.3	74.7131
1471.94	72.5397
1472.58	73.9243
1473.22	67.5903
1473.86	67.8674
1474.5	66.4615
1475.14	65.9702
1475.78	65.8987
1476.42	68.6313
1477.06	68.5735
1477.7	69.6131
1478.34	65.1076
1478.98	69.2744
1479.62	62.1923
1480.26	60.4987
1480.9	54.7691
1481.54	61.1706
1482.18	56.7554
1482.81	56.8681
1483.45	62.1172
1484.09	66.5837
1484.73	59.8716
1485.37	60.4406
1486.01	58.215
1486.65	59
1487.28	59.4135
1487.92	57.2193
1488.56	55.8793
1489.2	56
1489.84	53.8226
1490.47	55.7655
1491.11	51.8862
1491.75	56.5686
1492.39	54.8908
1493.03	55.3762
1493.66	55.6628
1494.3	61.3255
1494.94	55.0494
1495.57	54.0894
1496.21	49.7732
1496.85	51.9835
1497.49	53.9565
1498.12	57.5544
1498.76	52.4759
1499.4	54.1527
1500.03	56.9942
1500.67	59.6807
1501.31	55.6498
1501.94	52.3392
1502.58	54.6534
1503.21	57.5702
1503.85	64.874
1504.49	59.3326
1505.12	55.4593
1505.28	55
1505.92	70
1506.55	57
1507.19	51
1507.83	52
1508.47	65
1509.11	56
1509.75	64
1510.39	63
1511.03	71
1511.67	71
1512.31	53
1512.95	56
1513.59	65
1514.22	65
1514.86	63
1515.5	58
1516.14	59
1516.78	60
1517.42	63
1518.05	65
1518.69	50
1519.33	55
1519.97	63
1520.61	54
1521.24	63
1521.88	60
1522.52	67
1523.16	57
1523.79	52
1524.43	53
1525.07	57
1525.71	49
1526.34	49
1526.98	51
1527.62	49
1528.26	47
1528.89	50
1529.53	45
1530.17	50
1530.8	50
1531.44	49
1532.07	54
1532.71	54
1533.35	50
1533.98	53
1534.62	43
1535.26	50
1535.89	51
1536.53	52
1537.16	46
1537.8	46
1538.44	45
1539.07	46
1539.71	46
1540.34	48
1540.98	49
1541.61	44
1542.25	55
1542.88	53
1543.52	51
1544.15	49
1544.79	52
1545.42	54
1546.06	56
1546.69	58
1547.33	59
1547.96	57
1548.6	56
1549.23	50
1549.86	63
1550.5	57
1551.13	60
1551.77	55
1552.4	61
1553.03	59
1553.67	66
1554.3	63
1554.93	61
1555.57	52
1556.2	63
1556.84	65
1557.47	57
1558.1	63
1558.73	58
1559.37	52
1560	64
1560.63	59
1561.27	54
1561.9	53
1562.53	49
1563.16	55
1563.8	55
1564.43	51
1565.06	60
1565.69	47
1566.33	51
1566.96	44
1567.59	54
1568.22	57
1568.85	48
1569.49	52
1570.12	49
1570.75	49
1571.38	48
1572.01	48
1572.64	50
1573.28	51
1573.91	43
1574.54	45
1575.17	51
1575.8	49
1576.43	48
1577.06	47
1577.69	54
1578.32	49
1578.95	43
1579.58	41
1580.21	49
1580.84	50
1581.47	49
1582.11	45
1582.73	47
1583.37	45
1584	57
1584.63	54
1585.26	46
1585.88	51
1586.51	51
1587.14	50
1587.77	54
1588.4	51
1589.03	47
1589.66	52
1590.29	48
1590.92	43
1591.55	59
1592.18	55
1592.81	65
1593.44	62
1594.06	60
1594.69	50
1595.32	58
1595.95	56
1596.58	63
1597.21	61
1597.83	55
1598.46	63
1599.09	52
1599.72	53
1600.35	49
1600.98	55
1601.6	56
1602.23	62
1602.86	52
1603.49	58
1604.11	67
1604.74	51
1605.37	52
1606	55
1606.62	53
1607.25	51
1607.88	48
1608.5	47
1609.13	47
1609.76	52
1610.38	48
1611.01	49
1611.64	43
1612.26	47
1612.89	54
1613.52	49
1614.14	46
1614.77	46
1615.39	50
1616.02	50
1616.65	46
1617.27	49
1617.9	43
1618.52	46
1619.15	44
1619.77	46
1620.4	36
1621.02	41
1621.65	44
1622.28	50
1622.9	42
1623.53	50
1624.15	47
1624.78	48
1625.4	40
1626.03	46
1626.65	45
1627.27	44
1627.9	47
1628.52	43
1629.15	52
1629.77	46
1630.4	57
1631.02	51
1631.64	54
1632.27	53
1632.89	60
1633.52	47
1634.14	51
1634.76	52
1635.39	55
1636.01	45
1636.63	56
1637.26	46
1637.88	53
1638.5	57
1639.13	53
1639.75	47
1640.37	54
1641	45
1641.62	54
1642.24	50
1642.86	50
1643.49	62
1644.11	56
1644.73	53
1645.35	51
1645.98	51
1646.6	46
1647.22	54
1647.84	49
1648.46	57
1649.09	54
1649.71	45
1650.33	53
1650.95	53
1651.57	49
1652.19	47
1652.82	49
1653.44	44
1654.06	45
1654.68	51
1655.3	43
1655.92	48
1656.54	47
1657.16	42
1657.78	37
1658.4	43
1659.03	49
1659.65	36
1660.27	51
1660.89	47
1661.51	41
1662.13	39
1662.75	46
1663.37	43
1663.99	51
1664.61	42
1665.23	38
1665.85	48
1666.47	45
1667.09	47
1667.71	36
1668.33	43
1668.95	46
1669.56	42
1670.18	42
1670.8	37
1671.42	45
1672.04	48
1672.66	50
1673.28	55
1673.9	44
1674.52	50
1675.13	54
1675.75	46
1676.37	44
1676.99	46
1677.61	40
1678.23	52
1678.84	49
1679.46	54
1680.08	50
1680.7	52
1681.32	56
1681.93	53
1682.55	50
1683.17	47
1683.79	51
1684.41	50
1685.02	50
1685.64	47
1686.26	56
1686.87	56
1687.49	45
1688.11	46
1688.73	47
1689.34	52
1689.96	48
1690.58	52
1691.19	47
1691.81	50
1692.43	43
1693.04	47
1693.66	41
1694.27	50
1694.89	51
1695.51	50
1696.12	37
1696.74	51
1697.35	46
1697.97	44
1698.59	51
1699.2	44
1699.82	43
1700.43	42
1701.05	48
1701.66	44
1702.28	47
1702.89	40
1703.51	48
1704.12	37
1704.74	49
1705.35	41
1705.97	48
1706.58	49
1707.2	51
1707.81	46
1708.43	46
1709.04	46
1709.66	40
1710.27	43
1710.88	50
1711.5	42
1712.11	45
1712.73	54
1713.34	45
1713.95	41
1714.57	43
1715.18	36
1715.8	46
1716.41	46
1717.02	45
1717.64	47
1718.25	49
1718.86	51
1719.48	44
1720.09	43
1720.7	48
1721.31	46
1721.93	51
1722.54	49
1723.15	50
1723.77	51
1724.38	51
1724.99	49
1725.6	54
1726.22	40
1726.83	45
1727.44	44
1728.05	43
1728.66	58
1729.28	46
1729.89	45
1730.5	40
1731.11	48
1731.72	37
1732.33	41
1732.95	56
1733.56	48
1734.17	52
1734.78	46
1735.39	45
1736	50
1736.61	41
1737.22	43
1737.83	44
1738.44	49
1739.06	40
1739.67	48
1740.28	42
1740.89	47
1741.5	46
1742.11	46
1742.72	46
1743.33	42
1743.94	48
1744.55	49
1745.16	39
1745.77	39
1746.38	54
1746.99	55
1747.6	45
1748.21	45
1748.82	43
1749.43	41
1750.04	35
1750.65	45
1751.25	43
1751.86	39
1752.47	51
1753.08	40
1753.69	43
1754.3	47
1754.91	49
1755.52	42
1756.13	48
1756.73	53
1757.34	47
1757.95	44
1758.56	47
1759.17	53
1759.78	40
1760.38	54
1760.99	41
1761.6	41
1762.21	51
1762.81	44
1763.42	50
1764.03	43
1764.64	44
1765.24	43
1765.85	47
1766.46	49
1767.07	45
1767.67	48
1768.28	44
1768.89	45
1769.5	40
1770.1	42
1770.71	40
1771.32	49
1771.92	50
1772.53	44
1773.14	40
1773.74	50
1774.35	48
1774.95	44
1775.56	49
1776.17	45
1776.77	43
1777.38	40
1777.99	45
1778.59	42
1779.2	46
1779.8	47
1780.41	44
1781.01	49
1781.62	47
1782.22	38
1782.83	43
1783.43	41
1784.04	40
1784.65	41
1785.25	46
1785.85	43
1786.46	45
1787.06	43
1787.67	42
1788.27	41
1788.88	47
1789.48	41
1790.09	38
1790.69	48
1791.3	49
1791.9	44
1792.5	50
1793.11	44
1793.71	44
1794.32	37
1794.92	48
1795.52	42
1796.13	44
1796.73	39
1797.33	43
1797.94	42
1798.54	47
1799.14	45
1799.75	46
1800.35	42
1800.95	44
1801.56	40
1802.16	45
1802.76	40
1803.37	39
1803.97	41
1804.57	40
1805.17	45
1805.78	45
1806.38	48
1806.98	44
1807.58	47
1808.18	44
1808.79	40
1809.39	43
1809.99	47
1810.59	42
1811.19	44
1811.8	44
1812.4	49
1813	44
1813.6	42
1814.2	42
1814.8	45
1815.41	48
1816.01	42
1816.61	44
1817.21	40
1817.81	49
1818.41	44
1819.01	45
1819.61	46
1820.21	41
1820.81	51
1821.41	42
1822.01	44
1822.61	52
1823.22	42
1823.82	53
1824.42	48
1825.02	37
1825.62	44
1826.22	39
1826.82	42
1827.42	42
1828.02	43
1828.61	45
1829.21	47
1829.81	42
1830.41	43
1831.01	39
1831.61	38
1832.21	45
1832.81	45
1833.41	54
1834.01	43
1834.61	45
1835.21	34
1835.81	38
1836.4	37
1837	45
1837.6	41
1838.2	42
1838.8	42
1839.4	49
1839.99	43
1840.59	37
1841.19	41
1841.79	49
1842.39	37
1842.98	52
1843.58	38
1844.18	49
1844.78	40
1845.38	48
1845.97	42
1846.57	43
1847.17	43.5
1847.76	44
1848.36	45
1848.96	38
1849.56	36
1850.15	39
1850.75	45
1851.35	37
1851.94	40
1852.54	38
1853.14	41
1853.73	43
1854.33	43
1854.93	41
1855.52	38
1856.12	39
1856.72	45
1857.31	40
1857.91	41
1858.5	39
1859.1	41
1859.7	38
1860.29	44
1860.89	46
1861.48	50
1862.08	44
1862.67	43
1863.27	48
1863.86	43
1864.46	38
1865.05	38
1865.65	45
1866.25	37
1866.84	42
1867.43	50
1868.03	47
1868.62	39
1869.22	35
1869.81	46
1870.41	54
1871	40
1871.6	46
1872.19	43
1872.79	40
1873.38	48
1873.97	41
1874.57	44
1875.16	34
1875.76	50
1876.35	42
1876.94	40
1877.54	39
1878.13	40
1878.72	41
1879.32	39
1879.91	34
1880.5	43
1881.1	46
1881.69	44
1882.28	42
1882.88	49
1883.47	40
1884.06	37
1884.66	46
1885.25	32
1885.84	45
1886.43	39
1887.03	43
1887.62	41
1888.21	42
1888.8	38
1889.4	38
1889.99	47
1890.58	49
1891.17	44
1891.76	41
1892.35	38
1892.95	43
1893.54	43
1894.13	36
1894.72	48
1895.31	40
1895.9	45
1896.5	43
1897.09	41
1897.68	42
1898.27	37
1898.86	43
1899.45	47
1900.04	44
1900.63	43
1901.22	50
1901.81	48
1902.4	40
1903	43
1903.59	39
1904.18	44
1904.77	40
1905.36	38
1905.95	40
1906.54	41
1907.13	47
1907.72	47
1908.31	37
1908.9	52
1909.49	48
1910.08	47
1910.67	47
1911.26	46
1911.84	44
1912.43	41
1913.02	41
1913.61	42
1914.2	42
1914.79	46
1915.38	36
1915.97	39
1916.56	37
1917.15	41
1917.73	39
1918.32	44
1918.91	35
1919.5	43
1920.09	38
1920.68	43
1921.27	41
1921.85	47
1922.44	39
1923.03	42
1923.62	40
1924.21	45
1924.79	31
1925.38	36
1925.97	45
1926.56	36
1927.14	37
1927.73	43
1928.32	43
1928.91	40
1929.49	44
1930.08	41
1930.67	39
1931.26	45
1931.84	39
1932.43	41
1933.02	39
1933.6	43
1934.19	43
1934.78	44
1935.36	40
1935.95	41
1936.54	40
1937.12	45
1937.71	37
1938.29	45
1938.88	42
1939.47	41
1940.05	39
1940.64	36
1941.22	41
1941.81	40
1942.4	40
1942.98	41
1943.57	37
1944.15	48
1944.74	38
1945.32	38
1945.91	40
1946.49	38
1947.08	38
1947.66	46
1948.25	47
1948.83	38
1949.42	41
1950	46
1950.59	38
1951.17	46
1951.76	42
1952.34	42
1952.93	46
1953.51	40
1954.1	44
1954.68	45
1955.26	40
1955.85	45
1956.43	38
1957.02	36
1957.6	40
1958.18	43
1958.77	38
1959.35	38
1959.93	42
1960.52	48
1961.1	40
1961.68	36
1962.27	36
1962.85	39
1963.43	38
1964.02	40
1964.6	40
1965.18	39
1965.77	36
1966.35	39
1966.93	47
1967.51	44
1968.1	47
1968.68	38
1969.26	37
1969.84	41
1970.43	36
1971.01	39
1971.59	42
1972.17	38
1972.75	44
1973.34	47
1973.92	42
1974.5	43
1975.08	35
1975.66	45
1976.24	41
1976.83	35
1977.41	31
1977.99	37
1978.57	43
1979.15	37
1979.73	37
1980.31	44
1980.89	36
1981.48	42
1982.06	40
1982.64	40
1983.22	37
1983.8	44
1984.38	43
1984.96	36
1985.54	36
1986.12	42
1986.7	46
1987.28	44
1987.86	45
1988.44	40
1989.02	44
1989.6	43
1990.18	40
1990.76	43
1991.34	32
1991.92	43
1992.5	31
1993.08	39
1993.66	37
1994.24	43
1994.82	40
1995.4	46
1995.98	41
1996.56	38
1997.13	39
1997.71	37
1998.29	40
1998.87	42
1999.45	45
2000.03	47
2000.61	37
2001.19	41
2001.76	41
2002.34	42
2002.92	40
2003.5	41
2004.08	43
2004.66	35
2005.23	42
2005.81	38
2006.39	39.95
2006.97	45.8072
2007.54	37.081
2008.12	42.9108
2008.7	38.8031
2009.28	34.1545
2009.85	39.7718
2010.43	38.1311
2011.01	43.6818
2011.59	39.9299
2012.16	35.9309
2012.74	41.4137
2013.32	45.7851
2013.9	42.7679
2014.47	39.1697
2015.05	40.9915
2015.63	33.6239
2016.2	36.4704
2016.78	37.1174
2017.36	35.258
2017.93	44.2252
2018.51	42.211
2019.08	41.55
2019.66	41.684
2020.24	38.8166
2020.81	36.235
2021.39	42.5254
2021.97	44.8323
2022.54	43.7135
2023.12	39.1162
2023.69	37.8787
2024.27	44.1703
2024.84	40.8691
2025.42	45.2592
2026	42.5262
2026.57	35.8875
2027.15	43.5574
2027.72	45.4249
2028.3	37.648
2028.87	40.0513
2029.45	42.1829
2030.02	37.905
2030.6	37.759
2031.17	37.3601
2031.75	37.822
2032.32	37.9442
2032.9	41.2873
2033.47	37.2315
2034.05	36.9365
2034.62	39.7186
2035.19	40.0369
2035.77	37.0695
2036.34	43.6693
2036.92	40.9599
2037.49	40.3398
2038.06	36.3456
2038.64	38.4727
2039.21	37.6728
2039.79	42.17
2040.36	41.0157
2040.93	45.135
2041.51	41.2825
2042.08	36.75
2042.65	40.6153
2043.23	39.8716
2043.8	39.6078
2044.38	41.2308
2044.95	40.5108
2045.52	40.9663
2046.09	40.2087
2046.67	36.843
2047.24	40.939
2047.81	42.5354
2048.39	36.9052
2048.96	36.2393
2049.53	37.7313
2050.1	40.6727
2050.68	40.688
2051.25	36.57
2051.82	36.9375
2052.39	34.3572
2052.97	39.9161
2053.54	39.6521
2054.11	43.6342
2054.68	41.535
2055.25	40.0166
2055.83	37.2535
2056.4	40.7243
2056.97	39.7814
2057.54	35.0316
2058.11	35.2385
2058.68	39.425
2059.26	39.2833
2059.83	40.6139
2060.4	41.7437
2060.97	37.7246
2061.54	40.6282
2062.11	41.5496
2062.68	38.4858
2063.25	33.8449
2063.72	42
2064.3	42
2064.87	41
2065.45	43
2066.02	38
2066.6	41
2067.17	47
2067.74	35
2068.32	41
2068.89	37
2069.47	38
2070.04	39
2070.61	45
2071.19	42
2071.76	40
2072.33	32
2072.91	45
2073.48	44
2074.05	46
2074.63	41
2075.2	42
2075.77	41
2076.35	44
2076.92	39
2077.49	48
2078.07	33
2078.64	39
2079.21	42
2079.78	44
2080.36	38
2080.93	36
2081.5	41
2082.07	30
2082.65	37
2083.22	41
2083.79	39
2084.36	37
2084.93	39
2085.51	47
2086.08	39
2086.65	43
2087.22	46
2087.79	40
2088.37	40
2088.94	45
2089.51	34
2090.08	42
2090.65	37
2091.22	42
2091.79	39
2092.36	36
2092.94	42
2093.51	40
2094.08	49
2094.65	39
2095.22	42
2095.79	39
2096.36	43
2096.93	37
2097.5	35
2098.07	42
2098.64	44.5
2099.21	47
2099.78	39
2100.35	33
2100.92	35
2101.49	41
2102.06	40
2102.63	43
2103.2	36
2103.77	37
2104.34	40
2104.91	41
2105.48	36
2106.05	42
2106.62	40
2107.19	39
2107.76	41
2108.33	42
2108.9	40
2109.47	45
2110.04	49
2110.6	35
2111.17	38
2111.74	39
2112.31	41
2112.88	38
2113.45	45
2114.02	39
2114.58	38
2115.15	32
2115.72	46
2116.29	40
2116.86	44
2117.43	34
2117.99	31
2118.56	42
2119.13	38
2119.7	42
2120.27	39
2120.83	40
2121.4	35
2121.97	40
2122.54	41
2123.1	34
2123.67	32
2124.24	38
2124.81	40
2125.37	36
2125.94	37
2126.51	46
2127.07	40
2127.64	43
2128.21	44
2128.77	39
2129.34	40
2129.91	44
2130.47	48
2131.04	43
2131.61	37
2132.17	38
2132.74	41
2133.31	39
2133.87	37
2134.44	35
2135.01	35
2135.57	28
2136.14	43
2136.7	35
2137.27	45
2137.83	46
2138.4	46
2138.97	38
2139.53	44
2140.1	38
2140.66	43
2141.23	34
2141.79	41
2142.36	41
2142.92	45
2143.49	47
2144.05	45
2144.62	45
2145.18	42
2145.75	47
2146.31	35
2146.88	45
2147.44	37
2148.01	39
2148.57	43
2149.13	40
2149.7	37
2150.26	45
2150.83	43
2151.39	32
2151.95	39
2152.52	40
2153.08	44
2153.65	38
2154.21	40
2154.77	40
2155.34	43
2155.9	47
2156.46	39
2157.03	41
2157.59	36
2158.15	44
2158.72	30
2159.28	44
2159.84	44
2160.41	33
2160.97	38
2161.53	44
2162.1	40
2162.66	35
2163.22	35
2163.78	43
2164.35	46
2164.91	35
2165.47	40
2166.03	40
2166.6	34
2167.16	37
2167.72	48
2168.28	43
2168.84	41
2169.41	42
2169.97	42
2170.53	40
2171.09	45
2171.65	44
2172.21	37
2172.78	40
2173.34	40
2173.9	37
2174.46	41
2175.02	50
2175.58	43
2176.14	48
2176.71	36
2177.27	44
2177.83	41
2178.39	48
2178.95	40
2179.51	43
2180.07	38
2180.63	38
2181.19	43
2181.75	35
2182.31	33
2182.87	40
2183.43	40
2183.99	38
2184.55	51
2185.11	42
2185.67	48
2186.23	43
2186.79	41
2187.35	37
2187.91	41
2188.47	40
2189.03	41
2189.59	39
2190.15	34
2190.71	39
2191.27	39
2191.83	28
2192.39	43
2192.95	38
2193.51	39
2194.07	38
2194.62	37
2195.18	38
2195.74	36
2196.3	43
2196.86	39
2197.42	42
2197.98	48
2198.54	41
2199.09	38
2199.65	44
2200.21	46
2200.77	41
2201.33	45
2201.88	43
2202.44	33
2203	41
2203.56	40
2204.12	36
2204.67	40
2205.23	40
2205.79	43
2206.35	29
2206.9	40
2207.46	46
2208.02	39
2208.58	38
2209.13	42
2209.69	44
2210.25	39
2210.81	36
2211.36	35
2211.92	38
2212.48	39
2213.03	40
2213.59	42
2214.15	38
2214.7	40
2215.26	39
2215.81	37
2216.37	43
2216.93	43
2217.48	43
2218.04	41
2218.6	40
2219.15	40
2219.71	39
2220.26	45
2220.82	42
2221.38	42
2221.93	39
2222.49	42
2223.04	38
2223.6	38
2224.15	46
2224.71	42
2225.26	43
2225.82	37
2226.38	44
2226.93	44
2227.49	29
2228.04	44
2228.59	49
2229.15	42
2229.7	41
2230.26	44
2230.81	37
2231.37	35
2231.92	39
2232.48	42
2233.03	53
2233.59	48
2234.14	47
2234.69	38
2235.25	40
2235.8	45
2236.36	41
2236.91	38
2237.46	47
2238.02	44
2238.57	41
2239.13	35
2239.68	33
2240.23	44
2240.79	43
2241.34	36
2241.89	43
2242.45	46
2243	37
2243.55	39
2244.11	41
2244.66	40
2245.21	38
2245.76	44
2246.32	42
2246.87	37
2247.42	43
2247.98	39
2248.53	39
2249.08	39
2249.63	42
2250.19	38
2250.74	48
2251.29	42
2251.84	46
2252.39	35
2252.95	49
2253.5	33
2254.05	46
2254.6	40
2255.15	34
2255.71	37
2256.26	45
2256.81	43
2257.36	41
2257.91	40
2258.46	37
2259.01	40
2259.57	42
2260.12	47
2260.67	38
2261.22	36
2261.77	41
2262.32	42
2262.87	39
2263.42	44
2263.97	39
2264.52	40
2265.07	49
2265.62	39
2266.18	42
2266.73	42
2267.28	36
2267.83	37
2268.38	37
2268.93	34
2269.48	43
2270.03	42
2270.58	44
2271.13	39
2271.68	45
2272.23	41
2272.78	38
2273.33	37
2273.87	41
2274.42	46
2274.97	39
2275.52	43
2276.07	39
2276.62	38
2277.17	38
2277.72	35
2278.27	42
2278.82	45
2279.37	41
2279.92	36
2280.46	46
2281.01	39
2281.56	39
2282.11	45
2282.66	42
2283.21	43
2283.76	41
2284.3	39
2284.85	45
2285.4	36
2285.95	40
2286.5	46
2287.04	37
2287.59	41
2288.14	40
2288.69	42
2289.24	35
2289.78	39
2290.33	49
2290.88	41
2291.43	41
2291.97	39
2292.52	46
2293.07	44
2293.62	38
2294.16	45
2294.71	41
2295.26	42
2295.8	41
2296.35	39
2296.9	39
2297.44	43
2297.99	50
2298.54	42
2299.08	39
2299.63	38
2300.18	39
2300.72	33
2301.27	47
2301.82	35
2302.36	38
2302.91	32
2303.45	39
2304	42
2304.55	40
2305.09	46
2305.64	40
2306.18	37
2306.73	48
2307.28	39
2307.82	45
2308.37	43
2308.91	43
2309.46	50
2310	45
2310.55	46
2311.09	33
2311.64	40
2312.18	40
2312.73	40
2313.27	42
2313.82	39
2314.36	42
2314.91	45
2315.45	34
2316	41
2316.54	37
2317.09	44
2317.63	53
2318.17	38
2318.72	39
2319.26	38
2319.81	41
2320.35	41
2320.89	40
2321.44	39
2321.98	41
2322.53	43
2323.07	47
2323.61	41
2324.16	37
2324.7	48
2325.24	42
2325.79	50
2326.33	46
2326.87	40
2327.42	42
2327.96	41
2328.5	38
2329.05	35
2329.59	41
2330.13	37
2330.68	43
2331.22	46
2331.76	36
2332.3	45
2332.85	37
2333.39	42
2333.93	40
2334.47	41
2335.02	42
2335.56	40
2336.1	44
2336.64	47
2337.19	38
2337.73	40
2338.27	40
2338.81	40
2339.35	39
2339.89	40
2340.44	38
2340.98	36
2341.52	44
2342.06	38
2342.6	37
2343.14	40
2343.69	44
2344.23	45
2344.77	40
2345.31	43
2345.85	43
2346.39	40
2346.93	41
2347.47	45
2348.01	46
2348.55	45
2349.09	41
2349.64	37
2350.18	45
2350.72	35
2351.26	38
2351.8	40
2352.34	38
2352.88	36
2353.42	38
2353.96	41
2354.5	41
2355.04	33
2355.58	42
2356.12	45
2356.66	41
2357.2	36
2357.74	45
2358.28	45
2358.82	38
2359.36	44
2359.9	48
2360.43	43
2360.97	42
2361.51	44
2362.05	43
2362.59	36
2363.13	35
2363.67	42
2364.21	35
2364.75	32
2365.29	37
2365.82	39
2366.36	43
2366.9	36
2367.44	40
2367.98	37
2368.52	40
2369.06	42
2369.59	41
2370.13	47
2370.67	37
2371.21	36
2371.75	39
2372.28	42
2372.82	42
2373.36	41
2373.9	40
2374.44	41
2374.97	46
2375.51	35
2376.05	44
2376.59	45
2377.12	45
2377.66	42
2378.2	43
2378.73	43
2379.27	38
2379.81	41
2380.35	43
2380.88	42
2381.42	41
2381.96	46
2382.49	37
2383.03	37
2383.57	41
2384.1	43
2384.64	45
2385.18	43
2385.71	33
2386.25	44
2386.78	44
2387.32	38
2387.86	35
2388.39	38
2388.93	45
2389.47	39
2390	40
2390.54	45
2391.07	46
2391.61	45
2392.14	34
2392.68	49
2393.22	44
2393.75	36
2394.29	36
2394.82	37
2395.36	37
2395.89	46
2396.43	46
2396.96	45
2397.5	38
2398.03	43
2398.57	37
2399.1	41
2399.64	42.5
2400.17	44
2400.71	39
2401.24	32
2401.77	34
2402.31	32
2402.84	42
2403.38	42
2403.91	45
2404.45	33
2404.98	38
2405.51	50
2406.05	41
2406.58	35
2407.12	38
2407.65	41
2408.18	42
2408.72	47
2409.25	35
2409.78	43
2410.32	39
2410.85	40
2411.38	32
2411.92	44
2412.45	44
2412.98	43
2413.52	42
2414.05	47
2414.58	41
2415.12	40
2415.65	39
2416.18	39
2416.71	44
2417.25	36
2417.78	45
2418.31	41
2418.84	44
2419.38	34
2419.91	42
2420.44	44
2420.97	45
2421.51	39
2422.04	45
2422.57	39
2423.1	43
2423.63	37
2424.17	38
2424.7	44
2425.23	46
2425.76	38
2426.29	40
2426.82	36
2427.36	47
2427.89	36
2428.42	42
2428.95	46
2429.48	32
2430.01	39
2430.54	40
2431.07	37
2431.61	41
2432.14	43
2432.67	39
2433.2	43
2433.73	43
2434.26	39
2434.79	38
2435.32	44
2435.85	49
2436.38	42
2436.91	38
2437.44	31
2437.97	42
2438.5	43
2439.03	40
2439.56	44
2440.09	38
2440.62	41
2441.15	42
2441.68	42
2442.21	42
2442.74	36
2443.27	43
2443.8	40
2444.33	38
2444.86	42
2445.39	37
2445.92	46
2446.45	41
2446.98	39
2447.51	47
2448.04	45
2448.56	33
2449.09	35
2449.62	38
2450.15	45
2450.68	42
2451.21	39
2451.74	42
2452.27	43
2452.79	46
2453.32	33
2453.85	37
2454.38	43
2454.91	39
2455.44	42
2455.96	41
2456.49	42
2457.02	35
2457.55	40
2458.08	37
2458.6	32
2459.13	41
2459.66	35
2460.19	39
2460.71	36
2461.24	45
2461.77	43
2462.3	40
2462.82	43
2463.35	43
2463.88	38
2464.41	38
2464.93	41
2465.46	39
2465.99	42
2466.51	36
2467.04	44
2467.57	39
2468.09	40
2468.62	35
2469.15	38
2469.67	35
2470.2	35
2470.73	45
2471.25	46
2471.78	39
2472.31	37
2472.83	42
2473.36	37
2473.88	40
2474.41	40
2474.94	39
2475.46	38
2475.99	45
2476.51	35
2477.04	37
2477.56	45
2478.09	44
2478.62	39
2479.14	45
2479.67	41
2480.19	41
2480.72	42
2481.24	43
2481.77	43
2482.29	42
2482.82	34
2483.34	48
2483.87	43
2484.39	37
2484.92	35
2485.44	35
2485.97	39
2486.49	47
2487.01	40
2487.54	46
2488.06	39
2488.59	44
2489.11	36
2489.64	40
2490.16	42
2490.68	39
2491.21	44
2491.73	33
2492.26	40
2492.78	40
2493.3	45
2493.83	41
2494.35	41
2494.87	36
2495.4	43
2495.92	47
2496.45	35
2496.97	42
2497.49	37
2498.01	39
2498.54	44
2499.06	34
2499.58	47
2500.11	34
2500.63	47
2501.15	38
2501.68	38
2502.2	38
2502.72	43
2503.24	45
2503.77	35
2504.29	30
2504.81	38
2505.33	44
2505.86	43
2506.38	38
2506.9	36
2507.42	32
2507.94	43
2508.47	40
2508.99	38
2509.51	40
2510.03	38
2510.55	47
2511.08	47
2511.6	40
2512.12	43
2512.64	44
2513.16	44
2513.68	39
2514.21	34.0089
2514.73	44.7823
2515.25	44.8325
2515.77	41.2036
2516.29	36.2204
2516.81	44.7305
2517.33	49.4893
2517.85	45.2706
2518.37	40.0747
2518.89	37.9164
2519.41	43.0135
2519.94	40.3382
2520.46	36.3897
2520.98	35.2667
2521.5	42.4906
2522.02	42.8242
2522.54	41.1796
2523.06	45.6007
2523.58	39.4863
2524.1	38.9656
2524.62	43.7941
2525.14	40.7677
2525.66	41.3687
2526.18	41.5736
2526.7	35.4512
2527.22	42.1542
2527.74	39.0348
2528.26	42.1531
2528.78	45.7762
2529.3	41.2033
2529.82	42.0844
2530.34	39.1029
2530.86	36.5483
2531.37	41.0921
2531.89	39.1728
2532.41	39.5167
2532.93	37.9913
2533.45	43.6327
2533.97	44.1127
2534.49	36.1042
2535.01	39.5895
2535.53	41.7116
2536.05	40.7248
2536.56	36.1209
2537.08	38.4187
2537.6	39.7829
2538.12	37.8616
2538.64	37.4992
2539.16	40.1128
2539.68	41.7379
2540.19	38.0448
2540.71	41.9201
2541.23	38.8184
2541.75	38.216
2542.27	37.2292
2542.78	36.4753
2543.3	39.9124
2543.82	42.5637
2544.34	37.1806
2544.86	40.1676
2545.37	41.977
2545.89	40.6176
2546.41	40.6675
2546.93	41.5549
2547.44	43.8461
2547.96	46.3306
2548.48	40.7353
2549	41.6837
2549.51	41.402
2550.03	41.8779
2550.55	39.536
2551.06	36.6972
2551.58	38.3878
2552.1	39.6849
2552.62	39.181
2553.13	40.4114
2553.65	44.2892
2554.17	44.5904
2554.68	41.2563
2555.2	38.8519
2555.71	37.7132
2556.23	39.0166
2556.75	42.8482
2557.26	43.9658
2557.78	41.5835
2558.3	38.8677
2558.81	40.0499
2559.33	38.8578
2559.84	39.2581
2560.36	40.3823
2560.88	44.7189
2561.39	45.2737
2561.91	42.6337
2562.42	40.147
2562.94	42.3782
2563.46	41.9471
2563.97	40.9444
2564.49	41.3464
2565	40.7515
2565.52	40.5304
2566.03	39.4341
2566.55	38.1296
2566.87	40
2567.39	39
2567.91	39
2568.42	33
2568.94	37
2569.46	32
2569.98	35
2570.5	50
2571.02	34
2571.53	48
2572.05	43
2572.57	38
2573.09	46
2573.6	38
2574.12	43
2574.64	39
2575.16	35
2575.68	39
2576.19	40
2576.71	33
2577.23	41
2577.75	42
2578.26	42
2578.78	44
2579.3	34
2579.81	36
2580.33	41
2580.85	45
2581.37	41
2581.88	37
2582.4	48
2582.92	37
2583.43	41
2583.95	39
2584.47	44
2584.98	36
2585.5	44
2586.02	40
2586.53	38
2587.05	41
2587.56	40
2588.08	37
2588.6	38
2589.11	42
2589.63	46
2590.14	40
2590.66	37
2591.18	37.5
2591.69	38
2592.21	51
2592.72	36
2593.24	44
2593.75	41
2594.27	43
2594.78	42
2595.3	43
2595.82	43
2596.33	46
2596.85	45
2597.36	46.5
2597.88	48
2598.39	46
2598.91	44
2599.42	44
2599.94	46
2600.45	36
2600.97	36
2601.48	42
2601.99	43
2602.51	39
2603.02	37
2603.54	42
2604.05	44
2604.57	35
2605.08	44
2605.59	39
2606.11	45
2606.62	42
2607.14	42
2607.65	45
2608.16	38
2608.68	45
2609.19	41
2609.71	41
2610.22	41
2610.73	38
2611.25	37
2611.76	38
2612.27	42
2612.79	37
2613.3	36
2613.81	35
2614.33	42
2614.84	42
2615.35	41
2615.87	45
2616.38	40
2616.89	36
2617.4	37
2617.92	37
2618.43	39
2618.94	38
2619.46	48
2619.97	43
2620.48	43
2620.99	42
2621.5	35
2622.02	40
2622.53	35
2623.04	38
2623.55	45
2624.07	39
2624.58	40
2625.09	38
2625.6	41
2626.11	41
2626.63	46
2627.14	41
2627.65	46
2628.16	42
2628.67	45
2629.18	39
2629.69	39
2630.21	36
2630.72	42
2631.23	41
2631.74	41
2632.25	43
2632.76	37
2633.27	47
2633.78	44
2634.3	47
2634.81	47
2635.32	45
2635.83	44
2636.34	40
2636.85	41
2637.36	45
2637.87	46
2638.38	50
2638.89	42
2639.4	42
2639.91	44
2640.42	47
2640.93	37
2641.44	47
2641.95	44
2642.46	45
2642.97	50
2643.48	44
2643.99	45
2644.5	44
2645.01	50
2645.52	49
2646.03	47
2646.54	42
2647.05	41
2647.56	44
2648.07	43
2648.58	52
2649.09	41
2649.59	47
2650.1	43
2650.61	44
2651.12	45
2651.63	42
2652.14	47
2652.65	47
2653.16	45
2653.67	41
2654.17	41
2654.68	38
2655.19	46
2655.7	41
2656.21	41
2656.72	37
2657.22	43
2657.73	46
2658.24	49
2658.75	38
2659.26	41
2659.77	35
2660.27	39
2660.78	47
2661.29	43
2661.8	41
2662.3	44
2662.81	41
2663.32	42
2663.83	43
2664.34	29
2664.84	46
2665.35	42
2665.86	43
2666.36	46
2666.87	46
2667.38	38
2667.89	43
2668.39	35
2668.9	41
2669.41	48
2669.91	41
2670.42	43
2670.93	37
2671.43	42
2671.94	35
2672.45	50
2672.95	48
2673.46	43
2673.97	44
2674.47	43
2674.98	47
2675.48	46
2675.99	44
2676.5	42
2677	45
2677.51	38
2678.01	39
2678.52	44
2679.03	50
2679.53	43
2680.04	47
2680.54	42
2681.05	46
2681.55	42
2682.06	47
2682.57	41
2683.07	51
2683.58	44
2684.08	45
2684.59	44
2685.09	45
2685.6	47
2686.1	53
2686.61	54
2687.11	45
2687.62	35
2688.12	49
2688.63	38
2689.13	50
2689.63	42
2690.14	50
2690.64	48
2691.15	39
2691.65	47
2692.16	55
2692.66	56
2693.17	60
2693.67	46
2694.17	47
2694.68	52
2695.18	45
2695.69	48
2696.19	46
2696.69	50
2697.2	45
2697.7	40
2698.2	48
2698.71	46
2699.21	45
2699.71	45
2700.22	41
2700.72	47
2701.22	45
2701.73	39
2702.23	42
2702.73	45
2703.24	52
2703.74	54
2704.24	47
2704.75	43
2705.25	42
2705.75	49
2706.25	47
2706.76	41
2707.26	50
2707.76	41
2708.26	52
2708.77	47
2709.27	48
2709.77	52
2710.27	47
2710.78	47
2711.28	53
2711.78	48
2712.28	41
2712.78	48
2713.29	49
2713.79	45
2714.29	44
2714.79	50
2715.29	46
2715.79	45
2716.3	50
2716.8	49
2717.3	45
2717.8	43
2718.3	51
2718.8	47
2719.3	45
2719.81	50
2720.31	53
2720.81	40
2721.31	47
2721.81	42
2722.31	50
2722.81	44
2723.31	54
2723.81	49
2724.31	44
2724.81	50
2725.31	52
2725.82	51
2726.32	58
2726.82	48
2727.32	54
2727.82	48
2728.32	50
2728.82	48
2729.32	54
2729.82	47
2730.32	45
2730.82	50
2731.32	52
2731.82	60
2732.32	49
2732.82	51
2733.32	51
2733.82	51
2734.31	45
2734.81	45
2735.31	52
2735.81	53
2736.31	51
2736.81	62
2737.31	44
2737.81	47
2738.31	55
2738.81	43
2739.31	44
2739.81	44
2740.3	48
2740.8	49
2741.3	45
2741.8	41
2742.3	51
2742.8	46
2743.3	52
2743.79	50
2744.29	47
2744.79	46
2745.29	55
2745.79	47
2746.29	49
2746.78	51
2747.28	49
2747.78	54
2748.28	42
2748.78	47
2749.27	49
2749.77	48
2750.27	46
2750.77	50
2751.26	43
2751.76	41
2752.26	45
2752.76	43
2753.25	44
2753.75	46
2754.25	46
2754.75	46
2755.24	52
2755.74	53
2756.24	49
2756.73	51
2757.23	54
2757.73	47
2758.22	50
2758.72	46
2759.22	54
2759.72	50
2760.21	53
2760.71	50
2761.2	48
2761.7	51
2762.2	49
2762.69	51
2763.19	51
2763.69	49
2764.18	63
2764.68	52
2765.17	47
2765.67	56
2766.17	58
2766.66	50
2767.16	57
2767.65	51
2768.15	61
2768.65	58
2769.14	57
2769.64	66
2770.13	56
2770.63	56
2771.12	59
2771.62	48
2772.11	53
2772.61	61
2773.1	61
2773.6	58
2774.09	53
2774.59	60
2775.08	64
2775.58	50
2776.07	64
2776.57	48
2777.06	58
2777.56	55
2778.05	54
2778.55	65
2779.04	59
2779.53	45
2780.03	57
2780.52	56
2781.02	53
2781.51	52
2782.01	48
2782.5	59
2782.99	51
2783.49	46
2783.98	52
2784.47	44
2784.97	49
2785.46	51
2785.96	51
2786.45	47
2786.94	50
2787.44	54
2787.93	46
2788.42	52
2788.92	53
2789.41	56
2789.9	43
2790.4	48
2790.89	42
2791.38	49
2791.88	47
2792.37	50
2792.86	46
2793.35	51
2793.85	47
2794.34	51
2794.83	46
2795.33	50
2795.82	45
2796.31	52
2796.8	42
2797.3	48
2797.79	43
2798.28	48
2798.77	55
2799.26	54
2799.76	58
2800.25	46
2800.74	45
2801.23	44
2801.72	53
2802.22	56
2802.71	54
2803.2	50
2803.69	62
2804.18	54
2804.67	49
2805.17	43
2805.66	58
2806.15	62
2806.64	59
2807.13	61
2807.62	56
2808.11	61
2808.6	62
2809.1	52
2809.59	52
2810.08	55
2810.57	54
2811.06	59
2811.55	58
2812.04	61
2812.53	59
2813.02	63
2813.51	68
2814	65
2814.49	66
2814.98	58
2815.47	53
2815.96	63
2816.45	55
2816.94	54
2817.44	58
2817.93	51
2818.42	55
2818.91	56
2819.39	52
2819.88	60
2820.37	62
2820.86	53
2821.35	59
2821.84	59
2822.33	58
2822.82	60
2823.31	63
2823.8	56
2824.29	47
2824.78	54
2825.27	48
2825.76	55
2826.25	54
2826.74	54
2827.23	60
2827.71	56
2828.2	64
2828.69	52
2829.18	56
2829.67	55
2830.16	48
2830.65	54
2831.14	50
2831.62	51
2832.11	54
2832.6	45
2833.09	40
2833.58	53
2834.07	46
2834.55	61
2835.04	42
2835.53	45
2836.02	44
2836.51	47
2836.99	64
2837.48	37
2837.97	55
2838.46	51
2838.95	53
2839.43	46
2839.92	55
2840.41	55
2840.9	48
2841.38	52
2841.87	57
2842.36	52
2842.84	63
2843.33	51
2843.82	55
2844.31	52.5
2844.79	50
2845.28	54
2845.77	57
2846.25	54
2846.74	50
2847.23	54
2847.71	44
2848.2	54
2848.69	64
2849.17	49
2849.66	61
2850.15	54
2850.63	61
2851.12	62
2851.61	58
2852.09	64
2852.58	67
2853.06	66
2853.55	65
2854.04	62
2854.52	63
2855.01	66
2855.49	66
2855.98	59
2856.46	66
2856.95	67
2857.44	71
2857.92	60
2858.41	56
2858.89	60
2859.38	64
2859.86	72
2860.35	71
2860.83	64
2861.32	72
2861.8	64
2862.29	63
2862.77	72
2863.26	68
2863.74	63
2864.23	64
2864.71	70
2865.2	60
2865.68	68
2866.17	73
2866.65	61
2867.14	63
2867.62	64
2868.1	73
2868.59	71
2869.07	68
2869.56	68
2870.04	68
2870.53	64
2871.01	62
2871.49	67
2871.98	74
2872.46	59
2872.95	71
2873.43	64
2873.91	53
2874.4	64
2874.88	64
2875.36	65
2875.85	56
2876.33	68
2876.81	67
2877.3	53
2877.78	75
2878.26	57
2878.75	61
2879.23	66
2879.71	64
2880.2	66
2880.68	75
2881.16	73
2881.65	67
2882.13	66
2882.61	65
2883.09	65
2883.58	69
2884.06	67
2884.54	64
2885.02	63
2885.51	66
2885.99	67
2886.47	64
2886.95	76
2887.44	66
2887.92	59
2888.4	71
2888.88	65
2889.36	60
2889.85	75
2890.33	60
2890.81	78
2891.29	64
2891.77	68
2892.26	59
2892.74	73
2893.22	70
2893.7	65
2894.18	66
2894.66	58
2895.14	77
2895.63	72
2896.11	77
2896.59	75
2897.07	61
2897.55	69
2898.03	73
2898.51	74
2898.99	72
2899.47	68
2899.95	73
2900.44	70
2900.92	62
2901.4	65
2901.88	75
2902.36	69
2902.84	66
2903.32	72
2903.8	75
2904.28	67
2904.76	64
2905.24	73
2905.72	67
2906.2	66
2906.68	63
2907.16	70
2907.64	63
2908.12	68
2908.6	61
2909.08	62
2909.56	69
2910.04	56
2910.52	61
2911	66
2911.48	59
2911.96	72
2912.44	70
2912.92	68
2913.39	55
2913.87	58
2914.35	63
2914.83	59
2915.31	69
2915.79	67
2916.27	63
2916.75	62
2917.23	61
2917.71	65
2918.19	72
2918.66	62
2919.14	68
2919.62	63
2920.1	75
2920.58	63
2921.06	62
2921.53	68
2922.01	73
2922.49	69
2922.97	70
2923.45	73
2923.93	83
2924.4	67
2924.88	74
2925.36	79
2925.84	70
2926.32	76
2926.79	80
2927.27	66
2927.75	76
2928.23	82
2928.7	87
2929.18	68
2929.66	76
2930.14	80
2930.61	79
2931.09	68
2931.57	68
2932.05	66
2932.52	74
2933	80
2933.48	72
2933.95	62
2934.43	79
2934.91	70
2935.38	73
2935.86	70
2936.34	78
2936.81	67
2937.29	70
2937.77	73
2938.24	71
2938.72	79
2939.2	78
2939.67	64
2940.15	78
2940.63	63
2941.1	70
2941.58	77
2942.05	64
2942.53	73
2943.01	64
2943.48	63
2943.96	68
2944.43	65
2944.91	60
2945.39	66
2945.86	63
2946.34	64
2946.81	65
2947.29	58
2947.76	64
2948.24	65
2948.71	69
2949.19	61
2949.66	62
2950.14	65
2950.61	59
2951.09	64
2951.56	56
2952.04	73
2952.51	60
2952.99	54
2953.46	57
2953.94	68
2954.41	56
2954.89	50
2955.36	47
2955.84	61
2956.31	57
2956.79	60
2957.26	62
2957.73	66
2958.21	53
2958.68	49
2959.16	55
2959.63	53
2960.11	52
2960.58	54
2961.05	55
2961.53	57
2962	56
2962.48	55
2962.95	60
2963.42	57
2963.9	59
2964.37	57
2964.84	50
2965.32	53
2965.79	52
2966.26	45
2966.74	64
2967.21	62
2967.68	58
2968.16	59
2968.63	60
2969.1	57
2969.58	61
2970.05	53
2970.52	52
2970.99	51
2971.47	59
2971.94	60
2972.41	64
2972.88	59
2973.36	64
2973.83	54.9712
2974.3	60.6668
2974.77	64.7063
2975.25	62.0363
2975.72	59.9447
2976.19	70.4777
2976.66	51.0913
2977.14	61.4802
2977.61	56.8527
2978.08	61.4959
2978.55	54.8492
2979.02	55.4246
2979.5	56.2987
2979.97	61.6634
2980.44	65.7605
2980.91	64.7562
2981.38	62.9044
2981.85	65.7774
2982.33	59.0585
2982.8	56.9158
2983.27	55.1761
2983.74	62.5205
2984.21	56.531
2984.68	55.6354
2985.15	54.0832
2985.63	54.4981
2986.1	53.2688
2986.57	54.6337
2987.04	57.0743
2987.51	56.5181
2987.98	56.168
2988.45	51.7554
2988.92	55.7475
2989.39	54.6293
2989.86	54
2990.33	55.5965
2990.81	53.8938
2991.28	48.5976
2991.75	53.2638
2992.22	54.486
2992.69	47.1185
2993.16	51.8369
2993.63	52.5705
2994.1	54.5689
2994.57	56.3025
2995.04	49.5173
2995.51	49.7653
2995.98	49.3868
2996.45	48.0464
2996.92	48.7477
2997.39	46.923
2997.86	43.1452
2998.33	45.3133
2998.8	45.7562
2999.27	48.1668
2999.74	47.099
3000.21	51.1389
3000.68	54.934
3001.15	47.7449
3001.61	44.665
3002.08	51.2724
3002.55	49.5744
3003.02	45.2335
3003.49	47.8216
3003.96	50.326
3004.43	45.1109
3004.9	45.9467
3005.37	50.7925
3005.84	47.7514
3006.31	48.8955
3006.77	44.6088
3007.24	46.4188
3007.71	43.3709
3008.18	45.2307
3008.65	48.0774
3009.12	50.0326
3009.59	47.0755
3010.05	45.7168
3010.52	47.6407
3010.99	42.0527
3011.46	47.9248
3011.93	51.4208
3012.4	42.3343
3012.86	41.1673
3013.33	47.3999
3013.8	49.4604
3014.27	47.8601
3014.74	50.4544
3015.2	52.5466
3015.67	46.0505
3016.14	39.9752
3016.61	46.8647
3017.07	51.1817
3017.54	52.4736
3018.01	55.1668
3018.48	52.2758
3018.95	51.5761
3019.41	51.6509
3019.88	52.0765
3020.35	53.5399
3020.81	50.4632
3021.05	48
3021.52	46
3021.99	54
3022.46	59
3022.93	49
3023.4	52
3023.87	54
3024.34	51
3024.81	46
3025.28	45
3025.75	45
3026.22	52
3026.69	53
3027.16	46
3027.63	49
3028.1	45
3028.57	50
3029.04	51
3029.51	50
3029.98	52
3030.44	50
3030.91	51
3031.38	49
3031.85	45
3032.32	46
3032.79	47
3033.26	52
3033.73	47
3034.2	47
3034.67	52
3035.14	41
3035.6	50
3036.07	50
3036.54	50
3037.01	46
3037.48	41
3037.95	51
3038.42	51
3038.89	47
3039.35	40
3039.82	43
3040.29	42
3040.76	36
3041.23	43
3041.7	42
3042.16	52
3042.63	40
3043.1	44
3043.57	48.5
3044.04	53
3044.5	47
3044.97	42
3045.44	46
3045.91	42
3046.37	52
3046.84	41
3047.31	48
3047.78	49
3048.24	42
3048.71	47
3049.18	47
3049.65	47
3050.11	45
3050.58	46
3051.05	48
3051.52	45
3051.98	45
3052.45	44
3052.92	45
3053.38	45
3053.85	38
3054.32	43
3054.78	48
3055.25	42
3055.72	51
3056.18	49
3056.65	37
3057.12	47
3057.58	45
3058.05	44
3058.52	49
3058.98	50
3059.45	48
3059.91	54
3060.38	47
3060.85	45
3061.31	49
3061.78	43
3062.25	50
3062.71	43
3063.18	44
3063.64	42
3064.11	56
3064.57	51
3065.04	44
3065.5	51
3065.97	44
3066.44	48
3066.9	42
3067.37	47
3067.83	46
3068.3	51
3068.76	43
3069.23	46
3069.69	51
3070.16	47
3070.62	44
3071.09	52
3071.55	54
3072.02	44
3072.48	53
3072.95	52
3073.41	50
3073.88	52
3074.34	42
3074.8	48
3075.27	55
3075.73	48
3076.2	55
3076.66	44
3077.13	51
3077.59	47
3078.06	44
3078.52	45
3078.98	47
3079.45	53
3079.91	46
3080.38	51
3080.84	41
3081.3	45
3081.77	47
3082.23	38
3082.69	56
3083.16	47
3083.62	45
3084.09	47
3084.55	48
3085.01	49
3085.48	48
3085.94	47
3086.4	45
3086.87	47
3087.33	52
3087.79	38
3088.26	50
3088.72	43
3089.18	44
3089.64	44
3090.11	44
3090.57	50
3091.03	46
3091.5	42
3091.96	44
3092.42	40
3092.88	45
3093.35	45
3093.81	47
3094.27	48
3094.73	52
3095.19	51
3095.66	40
3096.12	57
3096.58	51
3097.04	55
3097.51	41
3097.97	47
3098.43	50
3098.89	51
3099.35	44
3099.82	56
3100.28	51
3100.74	43
3101.2	52
3101.66	52
3102.12	41
3102.59	54
3103.05	42
3103.51	51
3103.97	47
3104.43	55
3104.89	45
3105.35	50
3105.81	54
3106.28	49
3106.74	47
3107.2	44
3107.66	51
3108.12	49
3108.58	50
3109.04	54
3109.5	61
3109.96	45
3110.42	43
3110.88	49
3111.34	58
3111.8	45
3112.26	51
3112.73	52
3113.19	55
3113.65	40
3114.11	47
3114.57	47
3115.03	55
3115.49	43
3115.95	46
3116.41	47
3116.87	53
3117.33	40
3117.79	49
3118.25	43
3118.71	49
3119.17	48
3119.63	45
3120.09	48
3120.55	48
3121	52
3121.46	49
3121.92	46
3122.38	47
3122.84	51
3123.3	47
3123.76	37
3124.22	47
3124.68	49
3125.14	45
3125.6	52
3126.06	47
3126.51	47
3126.97	49
3127.43	38
3127.89	52
3128.35	39
3128.81	43
3129.27	44
3129.73	48
3130.18	41
3130.64	47
3131.1	42
3131.56	43
3132.02	47
3132.48	42
3132.93	59
3133.39	53
3133.85	47
3134.31	51
3134.77	46
3135.22	43
3135.68	44
3136.14	47
3136.6	43
3137.06	51
3137.51	50
3137.97	41
3138.43	42
3138.89	39
3139.34	36
3139.8	49
3140.26	50
3140.72	45
3141.17	34
3141.63	39
3142.09	49
3142.54	39
3143	39
3143.46	42
3143.91	42
3144.37	47
3144.83	46
3145.29	52
3145.74	46
3146.2	51
3146.66	42
3147.11	45
3147.57	45
3148.03	47
3148.48	43
3148.94	51
3149.39	49
3149.85	39
3150.31	50
3150.76	45
3151.22	49
3151.68	47
3152.13	43
3152.59	58
3153.04	38
3153.5	46
3153.96	50
3154.41	56
3154.87	52
3155.32	49
3155.78	47
3156.23	47
3156.69	46
3157.15	48
3157.6	51
3158.06	47
3158.51	48
3158.97	43
3159.42	41
3159.88	54
3160.33	44
3160.79	50
3161.24	43
3161.7	44
3162.15	47
3162.61	45
3163.06	45
3163.52	43
3163.97	40
3164.43	46
3164.88	50
3165.34	48
3165.79	45
3166.25	43
3166.7	43
3167.16	51
3167.61	53
3168.06	37
3168.52	47
3168.97	51
3169.43	42
3169.88	46
3170.34	48
3170.79	49
3171.24	52
3171.7	44
3172.15	40
3172.6	42
3173.06	50
3173.51	46
3173.97	47
3174.42	44
3174.87	45
3175.33	37
3175.78	49
3176.23	40
3176.69	44
3177.14	46
3177.59	47
3178.05	40
3178.5	47
3178.95	40
3179.41	51
3179.86	50
3180.31	45
3180.77	36
3181.22	44
3181.67	45
3182.12	48
3182.58	46
3183.03	48
3183.48	42
3183.93	45
3184.39	46
3184.84	49
3185.29	43
3185.75	45
3186.2	46
3186.65	50
3187.1	50
3187.55	57
3188.01	43
3188.46	40
3188.91	45
3189.36	41
3189.81	54
3190.27	47
3190.72	42
3191.17	44
3191.62	44
3192.07	43
3192.53	48
3192.98	48
3193.43	48
3193.88	50
3194.33	43
3194.78	43
3195.23	58
3195.69	46
3196.14	38
3196.59	49
3197.04	57
3197.49	45
3197.94	49
3198.39	40
3198.84	53
3199.3	48
3199.75	44
3200.2	45
3200.65	44
3201.1	47
3201.55	41
3202	49
3202.45	46
3202.9	38
3203.35	44
3203.8	44
3204.25	45
3204.7	52
3205.15	45
3205.6	38
3206.05	40
3206.5	47
3206.95	49
3207.4	49
3207.85	40
3208.3	49
3208.75	47
3209.2	43
3209.65	47
3210.1	47
3210.55	40
3211	46
3211.45	47
3211.9	43
3212.35	49
3212.8	50
3213.25	50
3213.7	50
3214.15	45
3214.6	44
3215.05	41
3215.5	39
3215.95	46
3216.4	53
3216.84	40
3217.29	46
3217.74	51
3218.19	48
3218.64	49
3219.09	46
3219.54	41
3219.99	52
3220.43	43
3220.88	46
3221.33	44
3221.78	46
3222.23	37
3222.68	53
3223.13	41
3223.57	44
3224.02	44
3224.47	43
3224.92	37
3225.37	49
3225.81	42
3226.26	45
3226.71	47
3227.16	44
3227.61	48
3228.05	42
3228.5	40
3228.95	46
3229.4	46
3229.84	49
3230.29	41
3230.74	44
3231.19	46
3231.64	50
3232.08	49
3232.53	47
3232.98	37
3233.42	54
3233.87	45
3234.32	46
3234.76	50
3235.21	44
3235.66	47
3236.11	48
3236.55	41
3237	45
3237.45	49
3237.89	40
3238.34	48
3238.79	40
3239.23	46
3239.68	44
3240.13	54
3240.57	43
3241.02	43
3241.47	40
3241.91	47
3242.36	48
3242.81	47
3243.25	55
3243.7	44
3244.14	41
3244.59	46
3245.03	43
3245.48	37
3245.93	44
3246.37	44
3246.82	42
3247.26	44
3247.71	45
3248.16	42
3248.6	45
3249.05	50
3249.49	45
3249.94	42
3250.38	47
3250.83	55
3251.27	34
3251.72	46
3252.16	47
3252.61	42
3253.05	45
3253.5	39
3253.94	46
3254.39	43
3254.83	41
3255.28	51
3255.72	42
3256.17	46
3256.61	36
3257.06	49
3257.5	44
3257.95	42
3258.39	50
3258.84	49
3259.28	48
3259.72	42
3260.17	42
3260.61	47
3261.06	40
3261.5	43
3261.95	41
3262.39	41
3262.83	44
3263.28	46
3263.72	44
3264.17	49
3264.61	53
3265.05	45
3265.5	49
3265.94	37
3266.38	49
3266.83	40
3267.27	50
3267.72	45
3268.16	47
3268.6	49
3269.05	46
3269.49	48
3269.93	47
3270.38	47
3270.82	47
3271.26	44
3271.71	46
3272.15	51
3272.59	41
3273.03	47
3273.48	51
3273.92	55
3274.36	46
3274.81	43
3275.25	39
3275.69	51
3276.13	53
3276.58	45
3277.02	43
3277.46	45
3277.9	36
3278.34	47
3278.79	37
3279.23	43
3279.67	48
3280.11	50
3280.56	44
3281	48
3281.44	45
3281.88	42
3282.32	45
3282.77	44
3283.21	38
3283.65	43
3284.09	42
3284.53	47
3284.98	42
3285.42	51
3285.86	44
3286.3	43
3286.74	50
3287.18	37
3287.62	41
3288.06	51
3288.51	46
3288.95	48
3289.39	39
3289.83	43
3290.27	52
3290.71	45
3291.15	42
3291.59	53
3292.03	45
3292.48	47
3292.92	46
3293.36	54
3293.8	40
3294.24	51
3294.68	45
3295.12	45
3295.56	49
3296	49
3296.44	48.5
3296.88	48
3297.32	48
3297.76	44
3298.2	42
3298.64	43
3299.08	50
3299.52	44
3299.96	47
3300.4	47
3300.84	47
3301.28	52
3301.72	47
3302.16	46
3302.6	44
3303.04	44
3303.48	50
3303.92	44
3304.36	50
3304.8	37
3305.24	35
3305.68	44
3306.12	42
3306.56	43
3307	42
3307.44	42
3307.87	40
3308.31	41
3308.75	46
3309.19	48
3309.63	50
3310.07	50
3310.51	47
3310.95	39
3311.39	48
3311.82	47
3312.26	42
3312.7	45
3313.14	47
3313.58	42
3314.02	56
3314.46	48
3314.89	42
3315.33	41
3315.77	52
3316.21	39
3316.65	37
3317.09	44
3317.52	46
3317.96	45
3318.4	42
3318.84	48
3319.28	48
3319.71	44
3320.15	43
3320.59	45
3321.03	46
3321.46	48
3321.9	32
3322.34	44
3322.78	44
3323.22	51
3323.65	53
3324.09	45
3324.53	42
3324.96	47
3325.4	49
3325.84	51
3326.28	51
3326.71	45
3327.15	52
3327.59	43
3328.02	41
3328.46	50
3328.9	34
3329.33	41
3329.77	52
3330.21	47
3330.65	49
3331.08	47
3331.52	42
3331.95	46
3332.39	45
3332.83	42
3333.26	48
3333.7	39
3334.14	48
3334.57	44
3335.01	51
3335.44	45
3335.88	44
3336.32	52
3336.75	46
3337.19	41
3337.63	44
3338.06	44
3338.5	45
3338.93	45
3339.37	34
3339.8	38
3340.24	41
3340.68	42
3341.11	47
3341.55	36
3341.98	53
3342.42	43
3342.85	47
3343.29	45
3343.72	42
3344.16	46
3344.59	43
3345.03	43
3345.46	43
3345.9	42
3346.33	48
3346.77	43
3347.2	43
3347.64	37
3348.07	45
3348.51	44
3348.94	46
3349.38	40
3349.81	50
3350.25	42
3350.68	46
3351.12	46
3351.55	41
3351.99	43
3352.42	42
3352.85	37
3353.29	44
3353.72	43
3354.16	48
3354.59	47
3355.02	42
3355.46	51
3355.89	47
3356.33	44
3356.76	38
3357.19	51
3357.63	34
3358.06	44
3358.49	41
3358.93	46
3359.36	52
3359.8	50
3360.23	45
3360.66	45
3361.1	45
3361.53	45
3361.96	51
3362.4	40
3362.83	39
3363.26	39
3363.7	52
3364.13	47
3364.56	45
3364.99	37
3365.43	42
3365.86	49
3366.29	42
3366.73	56
3367.16	40
3367.59	34
3368.02	52
3368.46	46
3368.89	42
3369.32	50
3369.75	43
3370.19	51
3370.62	43
3371.05	43
3371.48	54
3371.92	41
3372.35	51
3372.78	43
3373.21	45
3373.64	37
3374.08	37
3374.51	40
3374.94	43
3375.37	50
3375.8	44
3376.24	45
3376.67	45
3377.1	49
3377.53	53
3377.96	42
3378.39	45
3378.82	42
3379.26	50
3379.69	47
3380.12	40
3380.55	45
3380.98	44
3381.41	42
3381.84	44
3382.28	41
3382.71	42
3383.14	38
3383.57	42
3384	46
3384.43	47
3384.86	50
3385.29	43
3385.72	50
3386.15	40
3386.58	39
3387.02	47
3387.45	49
3387.88	38
3388.31	42
3388.74	43
3389.17	43
3389.6	44
3390.03	43
3390.46	34
3390.89	42.9755
3391.32	42.8628
3391.75	47.9755
3392.18	41.2414
3392.61	48.8986
3393.04	42.9535
3393.47	45.2967
3393.9	38.8755
3394.33	43.0792
3394.76	37.4657
3395.19	45.5882
3395.62	46.5101
3396.05	47.1491
3396.48	39.0476
3396.91	40.9867
3397.34	46.2402
3397.76	47.0294
3398.19	47.4833
3398.62	40.6373
3399.05	43.5037
3399.48	41.008
3399.91	49.0115
3400.34	47.5227
3400.77	45.7164
3401.2	46.63
3401.63	47.0296
3402.06	42
3402.49	47.6998
3402.91	40.5354
3403.34	43.2758
3403.77	40.7908
3404.2	38.8722
3404.63	47.6513
3405.06	45.031
3405.49	49.128
3405.92	42.06
3406.34	43.3121
3406.77	44.561
3407.2	46.775
3407.63	44.9363
3408.06	52.2299
3408.49	44.8873
3408.91	40.9487
3409.34	45.3015
3409.77	46.6282
3410.2	43.7765
3410.63	44.2769
3411.05	49.5324
3411.48	45.3348
3411.91	39.9615
3412.34	44.0562
3412.77	44.1071
3413.19	42.5806
3413.62	48.8968
3414.05	42.0536
3414.48	44.1463
3414.9	44.2431
3415.33	45.0735
3415.76	47.8466
3416.19	43.2557
3416.61	45.2586
3417.04	47.368
3417.47	45.6571
3417.9	48.5206
3418.32	45.3676
3418.75	42.4931
3419.18	40.3444
3419.61	44.9853
3420.03	46.3441
3420.46	46.2157
3420.89	43.8485
3421.31	41.0953
3421.74	43.5056
3422.17	40.5572
3422.59	42.5205
3423.02	44.0328
3423.45	47.1
3423.87	40.9794
3424.3	43.1563
3424.73	39.6877
3425.15	42.8431
3425.58	42.8667
3426.01	43.9366
3426.43	44.2304
3426.86	47.7118
3427.28	44.5991
3427.71	44.9567
3428.14	35.7069
3428.56	41.1981
3428.99	48.6655
3429.42	38.5179
3429.84	40.6009
3430.27	41.6138
3430.69	43.3988
3431.12	39.9726
3431.54	53.1663
3431.97	44.1122
3432.4	44.7863
3432.82	38.3517
3433.25	39.3532
3433.67	44.8977
3434.1	42.152
3434.52	48
3434.95	39
3435.37	46
3435.8	46
3436.23	42
3436.66	43
3437.09	42
3437.51	45
3437.94	42
3438.37	43
3438.8	48
3439.23	46
3439.66	44
3440.08	47
3440.51	50
3440.94	43
3441.37	45
3441.79	45
3442.22	45
3442.65	37
3443.08	49
3443.51	38
3443.93	32
3444.36	42
3444.79	44
3445.22	47
3445.64	49
3446.07	40
3446.5	45
3446.92	43
3447.35	48
3447.78	45
3448.21	47
3448.63	54
3449.06	38
3449.49	38
3449.91	48
3450.34	42
3450.77	44
3451.19	40
3451.62	45
3452.05	42
3452.47	39
3452.9	39
3453.33	45
3453.75	40
3454.18	46
3454.61	42
3455.03	38
3455.46	46
3455.89	51
3456.31	45
3456.74	44
3457.16	44
3457.59	39
3458.02	43
3458.44	38
3458.87	43
3459.29	40
3459.72	42
3460.15	44
3460.57	46
3461	47
3461.42	42
3461.85	43
3462.27	39
3462.7	42
3463.13	42
3463.55	39
3463.98	43
3464.4	49
3464.83	36
3465.25	40
3465.68	48
3466.1	43
3466.53	39
3466.95	48
3467.38	42
3467.8	47
3468.23	40
3468.65	39
3469.08	54
3469.5	42
3469.93	47
3470.35	48
3470.78	41
3471.2	38
3471.63	41
3472.05	48
3472.48	37
3472.9	43
3473.32	46
3473.75	50
3474.17	43
3474.6	45
3475.02	51
3475.45	48
3475.87	37
3476.29	41
3476.72	48
3477.14	43
3477.57	45
3477.99	43
3478.41	51
3478.84	45
3479.26	44
3479.69	41
3480.11	44
3480.53	40
3480.96	38
3481.38	46
3481.8	41
3482.23	42
3482.65	57
3483.07	41
3483.5	41
3483.92	53
3484.34	41
3484.77	42
3485.19	46
3485.61	40
3486.04	47
3486.46	49
3486.88	42
3487.31	46
3487.73	46
3488.15	47
3488.57	47
3489	47
3489.42	43
3489.84	48
3490.27	42
3490.69	36
3491.11	37
3491.53	46
3491.96	49
3492.38	46
3492.8	41
3493.22	46
3493.64	47
3494.07	40
3494.49	46
3494.91	40
3495.33	52
3495.76	48
3496.18	45
3496.6	51
3497.02	40
3497.44	47
3497.86	43
3498.29	43
3498.71	39
3499.13	34
3499.55	45
3499.97	45
3500.4	46
3500.82	40
3501.24	47
3501.66	55
3502.08	40
3502.5	51
3502.92	45
3503.34	43
3503.77	43
3504.19	43
3504.61	43
3505.03	46
3505.45	46
3505.87	51
3506.29	49
3506.71	47
3507.14	48
3507.56	44
3507.98	40
3508.4	48
3508.82	46
3509.24	46
3509.66	46
3510.08	39
3510.5	44
3510.92	44
3511.34	45
3511.76	44
3512.18	50
3512.6	44
3513.02	46
3513.44	44
3513.86	48
3514.28	52
3514.7	46
3515.12	41
3515.54	45
3515.96	48
3516.38	43
3516.8	52
3517.22	52
3517.64	47
3518.06	45
3518.48	46
3518.9	40
3519.32	47
3519.74	47
3520.16	46
3520.58	38
3521	42
3521.42	45
3521.84	45
3522.26	44
3522.68	47
3523.09	43
3523.51	47
3523.93	51
3524.35	52
3524.77	48
3525.19	49
3525.61	49
3526.03	43
3526.45	45
3526.87	52
3527.28	44
3527.7	52
3528.12	50
3528.54	41
3528.96	41
3529.38	52
3529.8	41
3530.21	47
3530.63	44
3531.05	42
3531.47	48
3531.89	46
3532.31	48
3532.72	43
3533.14	50
3533.56	37
3533.98	49
3534.4	51
3534.81	48
3535.23	42
3535.65	42
3536.07	43
3536.49	43
3536.9	36
3537.32	47
3537.74	51
3538.16	53
3538.57	43
3538.99	43
3539.41	45
3539.83	46
3540.24	44
3540.66	42
3541.08	51
3541.5	45
3541.91	51
3542.33	43
3542.75	43
3543.16	45
3543.58	40
3544	41
3544.42	34
3544.83	41
3545.25	48
3545.67	42
3546.08	42
3546.5	48
3546.92	51
3547.33	49
3547.75	42
3548.17	46
3548.58	41
3549	51
3549.41	43
3549.83	44
3550.25	43
3550.66	48
3551.08	44
3551.5	47
3551.91	43
3552.33	42
3552.74	47
3553.16	43
3553.58	44
3553.99	51
3554.41	46
3554.82	44
3555.24	46
3555.66	53
3556.07	53
3556.49	38
3556.9	38
3557.32	48
3557.73	39
3558.15	48
3558.57	43
3558.98	51
3559.4	48
3559.81	45
3560.23	41
3560.64	47
3561.06	41
3561.47	53
3561.89	45
3562.3	36
3562.72	47
3563.13	46
3563.55	38
3563.96	49
3564.38	45
3564.79	46
3565.21	44
3565.62	47
3566.04	49
3566.45	42
3566.86	50
3567.28	39
3567.69	46
3568.11	47
3568.52	49
3568.94	52
3569.35	53
3569.77	47
3570.18	45
3570.59	52
3571.01	49
3571.42	49
3571.84	48
3572.25	46
3572.66	49
3573.08	46
3573.49	48
3573.91	57
3574.32	47
3574.73	46
3575.15	52
3575.56	48
3575.97	42
3576.39	48
3576.8	43
3577.22	48
3577.63	40
3578.04	53
3578.46	47
3578.87	44
3579.28	43
3579.7	40
3580.11	44
3580.52	51
3580.93	48
3581.35	44
3581.76	29
3582.17	52
3582.59	46
3583	42
3583.41	51
3583.83	46
3584.24	44
3584.65	49
3585.06	55
3585.48	35
3585.89	42
3586.3	44
3586.71	44
3587.13	48
3587.54	45
3587.95	45
3588.36	48
3588.78	45
3589.19	54
3589.6	44
3590.01	44
3590.42	44
3590.84	46
3591.25	45
3591.66	53
3592.07	38
3592.48	44
3592.9	39
3593.31	51
3593.72	40
3594.13	41
3594.54	48
3594.95	44
3595.37	50
3595.78	39
3596.19	40
3596.6	50
3597.01	47
3597.42	48
3597.84	45
3598.25	39
3598.66	48
3599.07	38
3599.48	38
3599.89	44
3600.3	45
3600.71	46
3601.12	52
3601.53	40
3601.95	52
3602.36	47
3602.77	55
3603.18	44
3603.59	49
3604	42
3604.41	43
3604.82	38
3605.23	49
3605.64	42
3606.05	39
3606.46	48
3606.87	50
3607.28	43
3607.69	41
3608.1	53
3608.51	44
3608.93	58
3609.33	48
3609.74	51
3610.15	46
3610.56	54
3610.97	49
3611.38	40
3611.79	42
3612.2	51
3612.61	50
3613.02	49
3613.43	49
3613.84	44
3614.25	44
3614.66	47
3615.07	43
3615.48	49
3615.89	51
3616.3	50
3616.71	52
3617.12	51
3617.53	51
3617.94	41
3618.35	54
3618.76	44
3619.16	50
3619.57	42
3619.98	54
3620.39	55
3620.8	46
3621.21	52
3621.62	45
3622.03	57
3622.44	43
3622.84	45
3623.25	44
3623.66	53
3624.07	43
3624.48	47
3624.89	51
3625.3	42
3625.7	49
3626.11	42
3626.52	45
3626.93	48
3627.34	51
3627.75	41
3628.15	56
3628.56	48
3628.97	46
3629.38	48
3629.79	46
3630.19	40
3630.6	45
3631.01	40
3631.42	41
3631.83	41
3632.23	42
3632.64	44
3633.05	46
3633.46	48
3633.86	44
3634.27	41
3634.68	42
3635.09	43
3635.49	44
3635.9	47
3636.31	46
3636.72	49
3637.12	50
3637.53	41
3637.94	45
3638.34	45
3638.75	49
3639.16	45
3639.56	52
3639.97	52
3640.38	48
3640.79	43
3641.19	45
3641.6	52
3642.01	56
3642.41	47
3642.82	45
3643.23	46
3643.63	45
3644.04	41
3644.45	51
3644.85	54
3645.26	43
3645.66	47
3646.07	46
3646.48	46
3646.88	51
3647.29	47
3647.69	48
3648.1	47
3648.51	45
3648.91	50
3649.32	50
3649.73	37
3650.13	46
3650.54	45
3650.94	48
3651.35	47
3651.75	54
3652.16	52
3652.57	46
3652.97	46
3653.38	47
3653.78	49
3654.19	50
3654.59	41
3655	46
3655.4	47
3655.81	50
3656.21	51
3656.62	46
3657.02	45
3657.43	43
3657.83	47
3658.24	47
3658.64	52
3659.05	54
3659.45	39
3659.86	41
3660.26	48
3660.67	51
3661.07	45
3661.48	47
3661.88	54
3662.29	52
3662.69	46
3663.1	56
3663.5	56
3663.9	56
3664.31	52
3664.71	48
3665.12	47
3665.52	49
3665.93	47
3666.33	51
3666.73	51
3667.14	44
3667.54	52
3667.95	45
3668.35	48
3668.75	44
3669.16	42
3669.56	55
3669.97	49
3670.37	50
3670.77	49
3671.18	45
3671.58	36
3671.98	46
3672.39	54
3672.79	51
3673.19	50
3673.6	43
3674	46
3674.4	44
3674.81	51
3675.21	46
3675.61	42
3676.02	40
3676.42	37
3676.82	49
3677.23	46
3677.63	51
3678.03	44
3678.44	49
3678.84	48
3679.24	48
3679.64	49
3680.05	43
3680.45	45
3680.85	45
3681.25	44
3681.66	40
3682.06	46
3682.46	45
3682.86	50
3683.27	52
3683.67	54
3684.07	47
3684.47	43
3684.88	50
3685.28	48.5
3685.68	47
3686.08	43
3686.48	50
3686.89	49
3687.29	37
3687.69	50
3688.09	48
3688.49	42
3688.9	48
3689.3	47
3689.7	49
3690.1	58
3690.5	40
3690.9	47
3691.3	50
3691.71	46
3692.11	45
3692.51	52
3692.91	49
3693.31	43
3693.71	47
3694.11	56
3694.52	42
3694.92	46
3695.32	47
3695.72	51
3696.12	50
3696.52	54
3696.92	54
3697.32	45
3697.72	50
3698.13	44
3698.53	49
3698.93	56
3699.33	52
3699.73	38
3700.13	44
3700.53	57
3700.93	43
3701.33	46
3701.73	46
3702.13	48
3702.53	46
3702.93	48
3703.33	48
3703.73	43
3704.13	45
3704.53	38
3704.93	53
3705.33	46
3705.73	50
3706.13	49
3706.53	41
3706.93	43
3707.33	48
3707.73	51
3708.13	47
3708.53	40
3708.93	38
3709.33	44
3709.73	49
3710.13	43
3710.53	47
3710.93	40
3711.33	45
3711.73	41
3712.13	54
3712.53	36
3712.93	40
3713.33	41
3713.73	46
3714.12	42
3714.52	51
3714.92	38
3715.32	47
3715.72	41
3716.12	48
3716.52	48
3716.92	46
3717.32	50
3717.71	49
3718.11	39
3718.51	40
3718.91	47
3719.31	51
3719.71	42
3720.11	49
3720.51	45
3720.9	41
3721.3	51
3721.7	44
3722.1	44
3722.5	40
3722.89	40
3723.29	42
3723.69	51
3724.09	48
3724.49	46
3724.89	47
3725.28	45
3725.68	44
3726.08	52
3726.48	43
3726.88	42
3727.27	46
3727.67	34
3728.07	40
3728.47	45
3728.86	52
3729.26	48
3729.66	43
3730.06	41
3730.45	46
3730.85	48
3731.25	52
3731.65	46
3732.04	44
3732.44	45
3732.84	48
3733.23	41
3733.63	40
3734.03	42
3734.43	54
3734.82	51
3735.22	53
3735.62	53
3736.01	44
3736.41	52
3736.81	50
3737.2	47
3737.6	54
3738	44
3738.39	52
3738.79	55
3739.19	46
3739.58	41
3739.98	43
3740.38	49
3740.77	48
3741.17	45
3741.57	48
3741.96	43
3742.36	55
3742.75	50
3743.15	52
3743.55	49
3743.94	44
3744.34	51
3744.74	55
3745.13	45
3745.53	47
3745.92	44
3746.32	47
3746.71	46
3747.11	45
3747.51	46
3747.9	44
3748.3	48
3748.69	43
3749.09	48
3749.48	48
3749.88	46
3750.27	53
3750.67	51
3751.06	44
3751.46	40
3751.86	44
3752.25	37
3752.65	54
3753.04	47
3753.44	45
3753.83	48
3754.23	43
3754.62	50
3755.02	49
3755.41	40
3755.81	42
3756.2	50
3756.6	45
3756.99	51
3757.38	49
3757.78	50
3758.17	44
3758.57	39
3758.96	46
3759.36	45
3759.75	47
3760.15	39
3760.54	48
3760.93	49
3761.33	47
3761.72	52
3762.12	38
3762.51	47
3762.9	43
3763.3	36
3763.69	46
3764.09	46
3764.48	49
3764.88	42
3765.27	40
3765.66	44
3766.06	42
3766.45	48
3766.84	46
3767.24	40
3767.63	51
3768.02	40
3768.42	54
3768.81	46
3769.2	52
3769.6	44
3769.99	49
3770.39	57
3770.78	41
3771.17	42
3771.56	62
3771.96	45
3772.35	47.965
3772.74	42.007
3773.14	45.2408
3773.53	50.1643
3773.92	49.8466
3774.31	58.0977
3774.71	54.6989
3775.1	50.5587
3775.49	47.4393
3775.89	44.988
3776.28	53.1393
3776.67	42.7337
3777.06	51.7413
3777.46	45.9378
3777.85	50.4572
3778.24	45.2605
3778.63	48.4332
3779.03	44.9006
3779.42	50.1057
3779.81	51.7927
3780.2	41.7626
3780.6	48.7467
3780.99	48.0374
3781.38	49.6764
3781.77	52.2729
3782.16	52.215
3782.56	48.6185
3782.95	45.9272
3783.34	47.6408
3783.73	45.5433
3784.12	48.7201
3784.52	47.2277
3784.91	44.8234
3785.3	48.1338
3785.69	49.1529
3786.08	45.5206
3786.47	49.865
3786.87	48.6641
3787.26	45.9543
3787.65	42.903
3788.04	45.2221
3788.43	44.8477
3788.82	49.2526
3789.21	42.3804
3789.61	46.8527
3790	40.5019
3790.39	44.6608
3790.78	45.5309
3791.17	42.2094
3791.56	41.3413
3791.95	45.3233
3792.34	43.1016
3792.73	45.3745
3793.13	44.192
3793.52	47.6866
3793.91	37.8399
3794.3	44.525
3794.69	43.52
3795.08	46.0189
3795.47	47.8625
3795.86	39.1445
3796.25	37.8406
3796.64	40.5323
3797.03	44.6293
3797.42	43.9702
3797.81	40.1585
3798.2	41.2097
3798.59	39.2176
3798.98	43.025
3799.38	41.035
3799.77	43.6217
3800.16	42.4832
3800.55	43.8167
3800.94	43.8898
3801.33	38.5206
3801.72	44.979
3802.11	37.6177
3802.5	43.875
3802.89	46.1955
3803.28	39.0709
3803.67	42.9458
3804.06	38.5549
3804.45	38.5186
3804.83	44.825
3805.22	45.085
3805.61	43.9371
3806	42.9249
3806.39	49.6266
3806.78	46.4057
3807.17	48.0228
3807.56	47.2477
3807.95	48.8008
3808.34	50.249
3808.73	44.3666
3809.12	47.9075
3809.51	42.3648
3809.9	44.3028
3810.29	47.8089
3810.68	48.8325
3811.07	45.0295
3811.45	47
3811.84	46
3812.23	44
3812.63	51
3813.02	45
3813.41	43
3813.8	47
3814.19	43
3814.58	40
3814.98	45
3815.37	44
3815.76	51
3816.15	46
3816.54	42
3816.93	49
3817.32	56
3817.71	53
3818.11	48
3818.5	48
3818.89	53
3819.28	49
3819.67	49
3820.06	42
3820.45	53
3820.84	41
3821.23	50
3821.63	44
3822.02	59
3822.41	51
3822.8	46
3823.19	48
3823.58	44
3823.97	41
3824.36	45
3824.75	57
3825.14	44
3825.53	40
3825.92	59
3826.31	44
3826.7	49
3827.09	50
3827.48	47
3827.87	43
3828.26	48
3828.66	43
3829.04	43
3829.44	47
3829.83	41
3830.22	46
3830.61	46
3830.99	46
3831.39	42
3831.78	41
3832.16	52
3832.55	51
3832.94	41
3833.33	49
3833.72	44
3834.11	43
3834.5	44
3834.89	43
3835.28	46
3835.67	49
3836.06	49
3836.45	45
3836.84	43
3837.23	43
3837.62	46
3838.01	45
3838.4	49
3838.79	53
3839.17	51
3839.56	42
3839.95	43
3840.34	43
3840.73	47
3841.12	45
3841.51	40
3841.9	38
3842.29	38
3842.67	36
3843.06	47
3843.45	42
3843.84	46
3844.23	54
3844.62	37
3845.01	51
3845.4	38
3845.78	39
3846.17	41
3846.56	54
3846.95	40
3847.34	48
3847.72	51
3848.11	46
3848.5	42
3848.89	45
3849.28	47
3849.67	45
3850.05	38
3850.44	49
3850.83	48
3851.22	49
3851.61	43
3851.99	47
3852.38	37
3852.77	43
3853.16	42
3853.54	48
3853.93	47
3854.32	53
3854.71	47
3855.09	54
3855.48	45
3855.87	46
3856.26	39
3856.64	43
3857.03	47
3857.42	52
3857.81	41
3858.19	52
3858.58	55
3858.97	46
3859.35	50
3859.74	49
3860.13	46
3860.51	52
3860.9	48
3861.29	50
3861.67	48
3862.06	43
3862.45	52
3862.84	51
3863.22	58
3863.61	48
3864	47
3864.38	48
3864.77	50
3865.16	45
3865.54	48
3865.93	49
3866.31	52
3866.7	51
3867.09	44
3867.47	51
3867.86	48
3868.25	41
3868.63	48
3869.02	47
3869.4	55
3869.79	40
3870.18	45
3870.56	45
3870.95	46
3871.33	47
3871.72	46
3872.1	49
3872.49	41
3872.88	48
3873.26	55
3873.65	44
3874.03	51
3874.42	41
3874.8	55
3875.19	41
3875.57	37
3875.96	48
3876.35	50
3876.73	46
3877.12	49
3877.5	48
3877.89	47
3878.27	40
3878.66	49
3879.04	41
3879.43	52
3879.81	42
3880.2	41
3880.58	44
3880.97	39
3881.35	50
3881.74	42
3882.12	47
3882.51	42
3882.89	38
3883.27	46
3883.66	46
3884.04	42
3884.43	47
3884.81	43
3885.2	53
3885.58	44
3885.97	41
3886.35	43
3886.73	43
3887.12	46
3887.5	47
3887.89	45
3888.27	54
3888.65	44
3889.04	45
3889.42	46
3889.81	53
3890.19	48
3890.57	50
3890.96	47
3891.34	51
3891.73	53
3892.11	47
3892.49	40
3892.88	52
3893.26	47
3893.64	46
3894.03	42
3894.41	47
3894.79	39
3895.18	44
3895.56	45
3895.94	51
3896.33	47
3896.71	47
3897.09	43
3897.48	56
3897.86	46
3898.24	39
3898.63	54
3899.01	45
3899.39	53
3899.78	52
3900.16	50
3900.54	47
3900.92	44
3901.31	48
3901.69	57
3902.07	51
3902.46	48
3902.84	55
3903.22	45
3903.6	49
3903.99	48
3904.37	52
3904.75	47
3905.13	47
3905.52	44
3905.9	42
3906.28	48
3906.66	57
3907.04	46
3907.43	48
3907.81	47
3908.19	57
3908.57	47
3908.96	40
3909.34	49
3909.72	52
3910.1	50
3910.48	55
3910.86	41
3911.25	47
3911.63	46
3912.01	51
3912.39	48
3912.77	51
3913.15	55
3913.54	49
3913.92	36
3914.3	51
3914.68	51
3915.06	52
3915.44	51
3915.82	55
3916.21	45
3916.59	45
3916.97	50
3917.35	50
3917.73	43
3918.11	47
3918.49	50
3918.87	39
3919.25	52
3919.64	44
3920.02	50
3920.4	42
3920.78	44
3921.16	43
3921.54	46
3921.92	46
3922.3	46
3922.68	47
3923.06	48
3923.44	51
3923.82	36
3924.2	37
3924.58	51
3924.96	40
3925.34	51
3925.72	49
3926.1	47
3926.49	41
3926.87	36
3927.25	54
3927.63	45
3928.01	37
3928.39	46
3928.77	47
3929.15	42
3929.53	45
3929.91	49
3930.29	53
3930.67	53
3931.05	42
3931.43	42
3931.8	49
3932.18	49
3932.56	38
3932.94	47
3933.32	40
3933.7	46
3934.08	51
3934.46	45
3934.84	43
3935.22	46
3935.6	46
3935.98	46
3936.36	51
3936.74	44
3937.12	49
3937.5	47
3937.87	40
3938.25	46
3938.63	46
3939.01	42
3939.39	51
3939.77	49
3940.15	43
3940.53	47
3940.91	41
3941.28	44
3941.66	50
3942.04	50
3942.42	46
3942.8	50
3943.18	43
3943.56	50
3943.93	44
3944.31	47
3944.69	50
3945.07	51
3945.45	58
3945.83	48
3946.2	49
3946.58	59
3946.96	49
3947.34	45
3947.72	48
3948.1	47
3948.47	46
3948.85	43
3949.23	46
3949.61	54
3949.98	54
3950.36	47
3950.74	43
3951.12	50
3951.5	45
3951.87	51
3952.25	47
3952.63	48
3953.01	46
3953.38	50
3953.76	46
3954.14	44
3954.52	51
3954.89	48
3955.27	47
3955.65	47
3956.03	55
3956.4	48
3956.78	43
3957.16	57
3957.53	48
3957.91	51
3958.29	46
3958.66	48
3959.04	44
3959.42	37
3959.8	47
3960.17	42
3960.55	49
3960.93	41
3961.3	43
3961.68	53
3962.06	49
3962.43	46
3962.81	50
3963.19	39
3963.56	46
3963.94	43
3964.31	43
3964.69	44
3965.07	50
3965.44	52
3965.82	49
3966.2	45
3966.57	46
3966.95	39
3967.32	51
3967.7	45
3968.08	50
3968.45	48
3968.83	44
3969.2	51
3969.58	47
3969.96	46
3970.33	45
3970.71	47
3971.08	44
3971.46	61
3971.83	42
3972.21	50
3972.59	51
3972.96	40
3973.34	55
3973.71	48
3974.09	50
3974.46	45
3974.84	49
3975.21	48
3975.59	53
3975.96	52
3976.34	51
3976.71	54
3977.09	59
3977.46	50
3977.84	44
3978.21	48
3978.59	52
3978.96	46
3979.34	47
3979.71	52
3980.09	52
3980.46	52
3980.84	47
3981.21	46
3981.59	55
3981.96	44
3982.34	42
3982.71	52
3983.09	46
3983.46	57
3983.83	52
3984.21	49
3984.58	50
3984.96	41
3985.33	53
3985.71	43
3986.08	45
3986.45	53
3986.83	48
3987.2	46
3987.58	48
3987.95	36
3988.32	51
3988.7	41
3989.07	49
3989.45	46
3989.82	51
3990.19	40
3990.57	47
3990.94	45
3991.31	44
3991.69	49
3992.06	59
3992.44	41
3992.81	50
3993.18	48
3993.56	44
3993.93	43
3994.3	45
3994.68	45
3995.05	48
3995.42	50
3995.8	49
3996.17	50
3996.54	46
3996.91	43
3997.29	40
3997.66	44
3998.03	41
3998.41	47
3998.78	40
3999.15	47
3999.53	45
3999.9	40
