100.791	697
101.61	707
102.429	698
103.248	670
104.067	687
104.885	639
105.703	638
106.523	617
107.341	576
108.158	591
108.976	606
109.795	606
110.612	554
111.43	549
112.248	559
113.066	521
113.883	538
114.7	525
115.518	500
116.335	497
117.151	498
117.968	510
118.784	503
119.602	476
120.418	498
121.234	464
122.05	487
122.866	465
123.682	429
124.499	451
125.315	430
126.13	438
126.946	420
127.761	419
128.576	395
129.391	400
130.206	414
131.021	394
131.836	378
132.651	395
133.467	369
134.281	364
135.096	350
135.91	365
136.724	360
137.538	336
138.352	351
139.166	369
139.98	352
140.793	340
141.607	330
142.419	321
143.233	328
144.046	326
144.859	312
145.672	309
146.485	331
147.298	312
148.111	305
148.923	317
149.736	308
150.548	287
151.36	274
152.172	292
152.984	284
153.796	285
154.608	266
155.42	284
156.23	279
157.042	263
157.853	270
158.665	261
159.475	264
160.286	275
161.097	260
161.908	250
162.718	255
163.529	261
164.339	249
165.15	233
165.959	246
166.77	235
167.58	235
168.389	229
169.199	229
170.009	233
170.818	237
171.628	235
172.437	222
173.246	246
174.055	231
174.863	224
175.673	207
176.482	218
177.29	217
178.099	239
178.906	210
179.715	209
180.523	211
181.331	199
182.139	209
182.947	203
183.755	214
184.562	196
185.37	202
186.177	209
186.984	202
187.791	184
188.598	200
189.405	191
190.211	188
191.018	187
191.825	175
192.632	190
193.438	183
194.243	194
195.05	188
195.856	179
196.662	200
197.467	172
198.273	184
199.079	182
199.884	202
200.689	178
201.495	182
202.3	175
203.104	187
203.91	168
204.714	185
205.519	173
206.323	158
207.128	171
207.932	181
208.736	172
209.54	167
210.345	181
211.148	183
211.952	146
212.755	155
213.559	160
214.363	171
215.166	160
215.969	164
216.772	160
217.575	167
218.378	155
219.181	159.5
219.984	164
220.786	155
221.588	153
222.391	156
223.193	151
223.995	167
224.797	154
225.598	149
226.4	156
227.202	151
228.003	141
228.805	144.5
229.606	148
230.407	148
231.208	141
232.009	139
232.81	136
233.611	132
234.411	129
235.212	137
236.012	132
236.813	135
237.613	152
238.413	116
239.213	131
240.013	141
240.813	131
241.613	124
242.412	138
243.211	135
244.011	135
244.81	136
245.609	137
246.408	144
247.206	133
248.005	138
248.804	127
249.603	125
250.401	142
251.199	130
251.997	140
252.796	148
253.594	135
254.391	139
255.189	143
255.987	122
256.785	149
257.582	134
258.379	129
259.177	135
259.973	133
260.77	135
261.568	119
262.364	134
263.161	132
263.958	138
264.754	139
265.55	140
266.346	137
267.142	126
267.939	130
268.734	141
269.53	121
270.325	137
271.121	117
271.916	119
272.712	132
273.507	117
274.302	123
275.097	123
275.892	118
276.687	125
277.482	130
278.276	113
279.071	120
279.865	135
280.659	124
281.453	133
282.248	108
283.041	126
283.835	120
284.629	114
285.422	111
286.216	113
287.009	121
287.802	118
288.596	124
289.388	112
290.181	123
290.974	111
291.767	121
292.559	121
293.352	124
294.144	106
294.936	100
295.728	110
296.521	107
297.313	125
298.104	111
298.896	102
299.688	109
300.479	111
301.271	122
302.062	100
302.853	106
303.644	104
304.435	106
305.226	99
306.017	97
306.807	102
307.597	111
308.389	106
309.179	104
309.969	99
310.759	103
311.549	93
312.339	107
313.128	100
313.918	98
314.707	103
315.497	90
316.286	100
317.075	101
317.864	106
318.653	103
319.442	91
320.231	101
321.019	84
321.808	108
322.596	93
323.385	94
324.173	95
324.961	103
325.749	107
326.537	109
327.325	96
328.113	102
328.901	97
329.688	90
330.475	90
331.262	99
332.049	107
332.837	94
333.624	108
334.411	100
335.197	85
335.983	107
336.77	95
337.557	96
338.343	97
339.129	88
339.915	96
340.701	95
341.487	98
342.272	96
343.058	104
343.844	105
344.629	99
345.414	88
346.2	91
346.985	105
347.769	96
348.554	94
349.34	95
350.124	98
350.908	94
351.692	105
352.477	89
353.262	99
354.045	97
354.83	90
355.613	90
356.397	102
357.181	104
357.964	90
358.748	96
359.531	83
360.315	101
361.097	99
361.881	96
362.663	100
363.447	103
364.229	95
365.012	98
365.794	96
366.577	89
367.359	98
368.141	89
368.923	97
369.705	98
370.487	103
371.268	83
372.05	101
372.832	97
373.613	90
374.394	102
375.176	94
375.956	98
376.737	103
377.519	95
378.299	103
379.079	97
379.861	102
380.641	100
381.421	98
382.202	98
382.982	102
383.762	91
384.541	110
385.321	93
386.101	94
386.881	102
387.66	96
388.439	101
389.218	105
389.998	102
390.777	89
391.556	88
392.335	89
393.113	105
393.892	110
394.67	109
395.449	97
396.228	99
397.006	107
397.784	108
398.562	107
399.34	116
400.117	109
400.895	109
401.673	95
402.45	107
403.227	109
404.005	101
404.782	106
405.559	106
406.336	123
407.112	117
407.889	123
408.666	124
409.442	133
410.219	119
410.995	140
411.771	134
412.547	134
413.323	131
414.099	146
414.875	145
415.65	153
416.426	151
417.202	149
417.976	167
418.752	166
419.527	179
420.302	185
421.077	184
421.851	184
422.626	216
423.401	211
424.176	219
424.949	221
425.724	247
426.498	248
427.273	242
428.046	234
428.82	248
429.594	240
430.367	241
431.141	248
431.915	257
432.687	257
433.461	252
434.234	252
435.007	228
435.78	234
436.552	222
437.325	225
438.098	225
438.87	205
439.643	202
440.414	208
441.187	197
441.959	192
442.731	186
443.502	177
444.274	190
445.046	192
445.818	181
446.589	163
447.36	168
448.131	155
448.903	150
449.673	142
450.445	172
451.215	161
451.985	151
452.756	141
453.527	147
454.297	148
455.067	130
455.837	120
456.608	120
457.377	137
458.147	132
458.917	123
459.686	120
460.456	127
461.226	106
461.995	110
462.764	107
463.533	116
464.302	107
465.071	108
465.839	113
466.608	107
467.377	102
468.145	104
468.914	99
469.682	101
470.45	97
471.217	105
471.986	91
472.754	84
473.521	100
474.289	94
475.056	108
475.824	87
476.591	98
477.358	95
478.126	81
478.893	93
479.66	90
480.426	88
481.193	100
481.959	89
482.726	75
483.492	92
484.258	87
485.025	91
485.791	80
486.557	76
487.322	85
488.088	82
488.854	97
489.619	98
490.385	95
491.149	83
491.915	80
492.68	89
493.445	83
494.21	72
494.975	87
495.74	90
496.504	80
497.268	88
498.033	79
498.797	81
499.561	89
500.326	96
501.089	80
501.853	88
502.617	77
503.381	86
504.144	81
504.907	82
505.671	79
506.434	84
507.197	82
507.96	87
508.723	89
509.486	80
510.248	82
511.011	81
511.774	82
512.536	75
513.298	75
514.06	85
514.822	76
515.585	69
516.346	73
517.108	88
517.869	87
518.631	89
519.392	80
520.154	83
520.916	77
521.676	73
522.438	78
523.198	92
523.96	72
524.72	69
525.481	86
526.241	75
527.002	73
527.762	82
528.522	77
529.282	73
530.042	83
530.802	75
531.562	71
532.321	79
533.081	87
533.84	85
534.6	79
535.359	73
536.118	69
536.878	73
537.636	81
538.395	82
539.154	76
539.913	84
540.671	75
541.429	80
542.188	91
542.946	68
543.704	71
544.462	83
545.221	82
545.978	93
546.736	80
547.493	61
548.251	87
549.008	66
549.766	78
550.523	81
551.28	74
552.037	85
552.794	84
553.55	94
554.307	72
555.063	75
555.821	82
556.577	77
557.333	79
558.089	84
558.846	74
559.601	74
560.357	84
561.113	75
561.869	74
562.624	87
563.38	76
564.135	75
564.89	81
565.646	77
566.401	63
567.156	63
567.911	97
568.665	82
569.419	70
570.174	79
570.928	76
571.683	79
572.437	79
573.191	83
573.946	72
574.699	75
575.453	84
576.207	68
576.96	64
577.714	87
578.467	76
579.22	72
579.974	69
580.727	67
581.479	76
582.233	66
582.986	69
583.739	77
584.49	66
585.243	69
585.996	71
586.748	79
587.5	68
588.253	71
589.004	69
589.756	72
590.507	70
591.259	69
592.011	79
592.762	77
593.514	76
594.265	73
595.016	71
595.768	78
596.518	74
597.269	70
598.02	78
598.771	79
599.521	78
600.272	72
601.022	73
601.772	79
602.522	76
603.273	85
604.022	67
604.772	63
605.522	70
606.271	73
607.021	73
607.77	75
608.519	84
609.269	66
610.018	77
610.767	75
611.516	73
612.265	68
613.013	72
613.762	71
614.51	76
615.259	83
616.008	75
616.756	71
617.503	70
618.251	79
619	80
619.747	69
620.495	78
621.242	73
621.99	69
622.738	80
623.485	75
624.232	75
624.979	63
625.726	73
626.473	85
627.22	74
627.967	76
628.713	77
629.46	80
630.206	80
630.952	73
631.698	73
632.444	62
633.19	77
633.936	74
634.682	75
635.427	68
636.173	61
636.919	82
637.664	77
638.409	90
639.154	85
639.899	87
640.645	73
641.389	69
642.134	76
642.879	74
643.624	83
644.368	79
645.112	74
645.856	69
646.6	73
647.345	77
648.089	77
648.833	72
649.577	73
650.32	74
651.063	82
651.807	72
652.551	70
653.293	69
654.037	69
654.78	71
655.523	72
656.265	73
657.008	76
657.751	81
658.494	66
659.236	69
659.978	74
660.721	75
661.463	69
662.205	70
662.946	80
663.688	71
664.431	73
665.172	70
665.914	65
666.655	73
667.396	65
668.138	82
668.879	66
669.62	65
670.361	82
671.102	83
671.842	62
672.583	80
673.323	81
674.064	77
674.804	63
675.545	72
676.285	72
677.025	75
677.765	74
678.504	84
679.244	71
679.984	67
680.724	73
681.463	64
682.202	62
682.942	66
683.681	78
684.419	71
685.159	65
685.898	74
686.636	79
687.375	78
688.114	70
688.852	62
689.59	76
690.329	72
691.067	71
691.805	65
692.542	76
693.281	73
694.018	62
694.756	76
695.493	69
696.231	79
696.968	75
697.706	74
698.443	79
699.18	65
699.917	66
700.654	77
701.39	83
702.127	68
702.863	71
703.6	67
704.336	69
705.072	71
705.808	76
706.544	76
707.28	71
708.016	76
708.752	82
709.488	65
710.223	68
710.959	69
711.694	76
712.429	74
713.165	75
713.9	74
714.635	73
715.37	72
716.105	83
716.839	77
717.573	62
718.308	82
719.042	73
719.777	71
720.511	75
721.245	73
721.979	69
722.713	78
723.447	70
724.181	77
724.914	71
725.647	65
726.381	68
727.114	79
727.847	75
728.58	68
729.314	62
730.047	73
730.779	71
731.512	59
732.244	78
732.977	78
733.709	69
734.441	81
735.174	68
735.906	64
736.638	71
737.37	68
738.101	64
738.833	76
739.565	72
740.296	63
741.027	74
741.759	77
742.49	68
743.221	71
743.952	64
744.683	71
745.414	81
746.145	70
746.875	68
747.606	71
748.336	73
749.067	72
749.797	64
750.527	70
751.258	75
751.987	78
752.717	70
753.447	73
754.176	72
754.906	69
755.636	70
756.365	73
757.094	54
757.823	67
758.552	73
759.281	77
760.01	66
760.739	76
761.468	80
762.196	66
762.924	70
763.652	68
764.381	72
765.109	79
765.837	76
766.565	80
767.293	82
768.021	71
768.749	73
769.477	76
770.204	76
770.931	76
771.658	82
772.386	71
773.113	68
773.84	71
774.566	76
775.293	68
776.02	71
776.747	70
777.473	67
778.199	72
778.926	76
779.652	72
780.378	80
781.104	86
781.83	73
782.556	74
783.282	69
784.008	69
784.732	71
785.458	73
786.183	81
786.909	75
787.634	74
788.359	76
789.084	88
789.809	81
790.534	77
791.258	83
791.983	75
792.707	77
793.432	73
794.156	76
794.88	73
795.604	83
796.328	81
797.052	71
797.775	78
798.499	80
799.223	74
799.946	87
800.67	77
801.393	92
802.116	79
802.84	82
803.563	90
804.285	80
805.008	83
805.731	78
806.454	83
807.176	81
807.899	70
808.621	83
809.343	84
810.066	78.9962
810.787	86.9519
811.51	88.0644
812.231	91.8787
812.952	78.4801
813.674	83.9774
814.396	83.2628
815.118	85.6899
815.839	73.7055
816.56	79.8866
817.281	85.3733
818.002	75.8333
818.724	84.09
819.444	82.9185
820.164	90.8284
820.886	80.0157
821.606	87.7674
822.326	87.9242
823.047	87.0181
823.767	74.4058
824.487	80.5401
825.208	94.5444
825.928	77.7375
826.647	88.0338
827.367	84.6995
828.087	83.1284
828.807	85.7922
829.526	77.925
830.245	82.6068
830.965	85.1819
831.685	88.1959
832.404	93.9028
833.122	92.025
833.841	88.1082
834.56	90.3992
835.279	94.2117
835.997	87.957
836.717	88.9001
837.435	92.7775
838.153	92.6891
838.871	94.9942
839.59	97.5992
840.308	91.9227
841.026	94.122
841.743	98.0982
842.461	94.8081
843.179	101.637
843.896	101.42
844.614	101.168
845.331	96.8178
846.049	91.8891
846.766	97.8854
847.483	107.316
848.2	97.1125
848.917	109.56
849.634	111.547
850.35	116.979
851.067	110.325
851.784	117.126
852.5	115.504
853.217	122.034
853.933	123.37
854.649	124.738
855.365	131.16
856.081	134.47
856.797	142.505
857.513	145.51
858.229	151.232
858.944	153.172
859.659	160.211
860.375	155.707
861.091	175.635
861.805	182.95
862.52	186.95
863.236	194.382
863.95	209.398
864.665	211.009
865.38	226.787
866.094	254.895
866.809	269.712
867.524	304.877
868.238	331.148
868.952	373.556
869.666	393.066
870.38	417.977
871.095	472.513
871.808	522.663
872.522	573.695
873.235	649.826
873.949	732.558
874.662	824.558
875.376	918.462
876.089	951.368
876.803	1051.11
877.515	1165.33
878.229	1195.45
878.941	1279.07
879.655	1300.27
880.367	1285.81
881.079	1282.09
881.166	1282
881.882	1247
882.599	1190
883.316	1181
884.032	1095
884.748	1001
885.464	911
886.18	871
886.897	749
887.613	675
888.328	591
889.044	547
889.76	500
890.475	423
891.19	399
891.906	350
892.622	317
893.337	297
894.052	258
894.767	244
895.481	215
896.196	219
896.911	194
897.625	200
898.34	183
899.054	165
899.768	159
900.483	152
901.197	165
901.911	154
902.625	149
903.339	133
904.052	137
904.766	135
905.48	137
906.193	133
906.906	108
907.619	130
908.332	120
909.046	116
909.759	122
910.472	103
911.185	115
911.898	98
912.609	109
913.322	110
914.035	98
914.747	116
915.46	93
916.171	94.5
916.883	96
917.595	92
918.307	90
919.019	93
919.731	98
920.442	87
921.154	81
921.865	95
922.576	86
923.288	87
923.999	80
924.71	95.5
925.421	111
926.132	89
926.842	91
927.553	84
928.263	77
928.974	87
929.685	89
930.394	73
931.105	69
931.815	75
932.525	72
933.235	77
933.944	87
934.655	87
935.364	88
936.074	81
936.783	89
937.492	78
938.201	76
938.911	85
939.619	72
940.329	84
941.037	72
941.747	76
942.455	88
943.164	70
943.872	77
944.58	72
945.289	85
945.997	74
946.706	72
947.413	69
948.121	87
948.829	82
949.537	70
950.244	76
950.952	76
951.659	79
952.367	75
953.074	73
953.781	80
954.488	71
955.196	81
955.903	77
956.609	80
957.316	72
958.023	70
958.729	75
959.436	74
960.142	75
960.849	77
961.555	83
962.261	73
962.967	82
963.672	68
964.378	65
965.084	74
965.79	78
966.495	75
967.201	59
967.906	68
968.611	77
969.316	74
970.021	63
970.726	71
971.432	79
972.137	70
972.841	69
973.546	82
974.25	72
974.955	83
975.659	65
976.363	70
977.068	88
977.772	70
978.476	73
979.179	72
979.883	93
980.586	86
981.29	68
981.993	79
982.697	83
983.4	75
984.104	69
984.807	73
985.51	69
986.213	71
986.916	77
987.618	77
988.321	77
989.024	78
989.726	76
990.429	81
991.13	83
991.833	72
992.535	99
993.237	73
993.94	85
994.641	73
995.343	85
996.045	75
996.746	103
997.447	87
998.149	92
998.85	84
999.551	88
1000.25	89
1000.95	81
1001.65	83
1002.36	82
1003.06	90
1003.76	98
1004.46	96
1005.16	95
1005.86	85
1006.56	86
1007.26	72
1007.96	95
1008.66	99
1009.36	100
1010.06	90
1010.76	105
1011.46	96
1012.16	92
1012.86	93
1013.56	94
1014.26	101
1014.95	98
1015.65	104
1016.35	101
1017.05	100
1017.75	112
1018.45	89
1019.15	109
1019.85	104
1020.55	107
1021.24	105
1021.94	113
1022.64	114
1023.34	121
1024.04	103
1024.73	114
1025.43	131
1026.13	112
1026.83	123
1027.52	116
1028.22	150
1028.92	136
1029.62	139
1030.31	136
1031.01	137
1031.71	156
1032.4	161
1033.1	156
1033.8	182
1034.5	188
1035.19	175
1035.89	195
1036.58	201
1037.28	215
1037.98	227
1038.67	212
1039.37	247
1040.06	242
1040.76	278
1041.46	266
1042.15	289
1042.85	275
1043.54	317
1044.24	329
1044.93	361
1045.63	348
1046.32	323
1047.02	343
1047.71	342
1048.41	381
1049.1	356
1049.8	357
1050.49	346
1051.19	363
1051.88	349
1052.58	321
1053.27	318
1053.96	330
1054.66	298
1055.35	300
1056.05	269
1056.74	299
1057.43	273
1058.13	261
1058.82	240
1059.51	228
1060.21	218
1060.9	226
1061.59	218
1062.29	206
1062.98	212
1063.67	200
1064.36	205
1065.06	191
1065.75	209
1066.44	198
1067.13	189
1067.83	191
1068.52	198
1069.21	203
1069.9	206
1070.6	203
1071.29	195
1071.98	210
1072.67	201
1073.36	218
1074.05	217
1074.74	201
1075.44	206
1076.13	224
1076.82	219
1077.51	217
1078.2	232
1078.89	249
1079.58	260
1080.27	250
1080.96	274
1081.65	265
1082.34	296
1083.03	283
1083.72	271
1084.41	277
1085.1	302
1085.79	320
1086.48	333
1087.17	324
1087.86	362
1088.55	357
1089.24	342
1089.93	360
1090.62	355
1091.31	354
1092	387
1092.69	384
1093.38	377
1094.07	346
1094.76	363
1095.44	338
1096.13	369
1096.82	336
1097.51	341
1098.2	313
1098.89	295
1099.58	300
1100.26	273
1100.95	276
1101.64	249
1102.33	218
1103.01	228
1103.7	216
1104.39	221
1105.08	210
1105.76	199
1106.45	186
1107.14	183
1107.83	190
1108.51	183
1109.2	170
1109.89	169
1110.57	175
1111.26	170
1111.95	177
1112.63	166
1113.32	176
1114	150
1114.69	150
1115.38	159
1116.06	143
1116.75	153
1117.44	149
1118.12	164
1118.81	149
1119.49	157
1120.18	143
1120.86	144
1121.55	138
1122.23	140
1122.92	134
1123.6	159
1124.29	134
1124.97	129
1125.66	124
1126.34	128
1127.03	137
1127.71	118
1128.4	121
1129.08	125
1129.77	125
1130.45	122
1131.13	116
1131.82	110
1132.5	114
1133.19	111
1133.87	117
1134.55	100
1135.24	106
1135.92	101
1136.6	94
1137.29	103
1137.97	99
1138.65	95
1139.33	96
1140.02	101
1140.7	87
1141.38	78
1142.07	107
1142.75	94
1143.43	88
1144.11	85
1144.8	84
1145.48	82
1146.16	84
1146.84	90
1147.52	96
1148.21	95
1148.89	90
1149.57	78
1150.25	100
1150.93	87
1151.61	81
1152.29	86
1152.98	83
1153.66	73
1154.34	80
1155.02	83
1155.7	80
1156.38	79
1157.06	75
1157.74	74
1158.42	87
1159.1	75
1159.78	86
1160.46	73
1161.14	74
1161.82	65
1162.5	84
1163.18	74
1163.86	68
1164.54	78
1165.22	74
1165.9	82
1166.58	75
1167.26	75
1167.94	74
1168.62	79
1169.3	83
1169.98	74
1170.66	73
1171.34	82
1172.01	73
1172.69	78
1173.37	72
1174.05	65
1174.73	73
1175.41	61
1176.08	76
1176.76	73
1177.44	64
1178.12	74
1178.8	78
1179.47	64
1180.15	68
1180.83	72
1181.51	77
1182.18	74
1182.86	69
1183.54	63
1184.22	71
1184.89	69
1185.57	75
1186.25	82
1186.92	75
1187.6	72
1188.28	78
1188.95	80
1189.63	72
1190.31	73
1190.98	63
1191.66	63
1192.34	68
1193.01	68
1193.69	75
1194.36	73
1195.04	66
1195.71	71
1196.39	74
1197.07	62
1197.74	72
1198.42	67
1199.09	68
1199.77	69
1200.44	66
1201.12	59
1201.79	73
1202.47	74
1203.14	72
1203.82	60
1204.49	70
1205.16	67
1205.84	71
1206.51	71
1207.19	66
1207.86	76
1208.54	67
1209.21	71
1209.88	70
1210.56	67
1211.23	75
1211.9	73
1212.58	70
1213.25	74
1213.93	72
1214.6	67
1215.27	64
1215.94	72
1216.62	72
1217.29	72
1217.96	72
1218.64	68
1219.31	59
1219.98	80
1220.65	80
1221.33	77
1222	66
1222.67	70
1223.34	79
1224.01	70
1224.69	80
1225.36	70
1226.03	81
1226.7	66
1227.37	78
1228.04	78
1228.72	70
1229.39	76
1230.06	77
1230.73	64
1231.4	80
1232.07	76
1232.74	77
1233.41	79
1234.08	78
1234.75	82
1235.42	90
1236.1	77
1236.77	76
1237.44	92
1238.11	76
1238.78	82
1239.45	73
1240.12	88
1240.79	73
1241.46	84
1242.13	81
1242.8	74
1243.47	79
1244.13	80
1244.8	88
1245.47	90
1246.14	80
1246.81	82
1247.48	94
1248.15	86
1248.82	97
1249.49	87
1250.15	94
1250.82	88
1251.49	90
1252.16	83
1252.83	99
1253.5	86
1254.17	85
1254.83	104
1255.5	102
1256.17	97
1256.84	111
1257.5	101
1258.17	111
1258.84	111
1259.51	123
1260.17	105
1260.84	128
1261.51	110
1262.18	109
1262.84	129
1263.51	123
1264.18	126
1264.84	129
1265.51	133
1266.18	154
1266.84	134
1267.51	155
1268.18	158
1268.84	151
1269.51	168
1270.17	159
1270.84	177
1271.51	166
1272.17	185
1272.84	183
1273.5	195
1274.17	189
1274.83	195
1275.5	185
1276.16	186
1276.83	185
1277.5	179
1278.16	192
1278.83	157
1279.49	160
1280.16	163
1280.82	158
1281.48	171
1282.15	140
1282.81	143
1283.48	135
1284.14	132
1284.81	141
1285.47	127
1286.13	137
1286.8	124
1287.46	116
1288.13	111
1288.79	124
1289.45	111
1290.12	121
1290.78	119
1291.44	114
1292.11	108
1292.77	94
1293.43	106
1294.1	109
1294.76	104
1295.42	102
1296.08	104
1296.75	92
1297.41	94
1298.07	88
1298.73	95.5
1299.4	103
1300.06	101
1300.72	97
1301.38	93
1302.04	83
1302.71	102
1303.37	98
1304.03	89
1304.69	103
1305.35	94
1306.01	90
1306.68	93
1307.34	94
1308	81
1308.66	79
1309.32	83
1309.98	85
1310.64	96
1311.3	88
1311.96	92
1312.62	84
1313.28	91
1313.94	89
1314.61	88
1315.27	85
1315.93	82
1316.59	83
1317.25	82
1317.91	86
1318.57	96
1319.23	84
1319.89	87
1320.54	88
1321.2	83
1321.86	81
1322.52	93
1323.18	81
1323.84	89
1324.5	97
1325.16	88
1325.82	91
1326.48	92
1327.14	84
1327.79	90
1328.45	93
1329.11	88
1329.77	89
1330.43	81
1331.09	86
1331.74	96
1332.4	86
1333.06	82
1333.72	86
1334.38	86
1335.03	90
1335.69	96
1336.35	76
1337.01	85
1337.66	75
1338.32	88
1338.98	96
1339.64	81
1340.29	88
1340.95	99
1341.61	88
1342.26	90
1342.92	84
1343.58	93
1344.23	96
1344.89	81
1345.55	85
1346.2	96
1346.86	95
1347.51	91
1348.17	84
1348.83	85
1349.48	92
1350.14	81
1350.79	89
1351.45	90
1352.1	87
1352.76	87
1353.42	89
1354.07	82
1354.73	100
1355.38	92
1356.04	90
1356.69	91
1357.35	91
1358	95
1358.66	87
1359.31	89
1359.96	79
1360.62	82
1361.27	93
1361.93	87
1362.58	94
1363.24	89
1363.89	90
1364.54	84
1365.2	85
1365.85	91
1366.51	97
1367.16	91
1367.81	100
1368.47	103
1369.12	103
1369.77	85
1370.43	96
1371.08	105
1371.73	98
1372.38	99
1373.04	109
1373.69	90
1374.34	100
1375	113
1375.65	101
1376.3	103
1376.95	105
1377.6	114
1378.26	105
1378.91	116
1379.56	111
1380.21	112
1380.86	122
1381.52	119
1382.17	109
1382.82	111
1383.47	98
1384.12	109
1384.77	121
1385.42	114
1386.08	117
1386.73	110
1387.38	118
1388.03	122
1388.68	117
1389.33	122
1389.98	117
1390.63	116
1391.28	102
1391.93	130
1392.58	114
1393.23	122
1393.88	117
1394.53	112
1395.18	118
1395.83	128
1396.48	119
1397.13	124
1397.78	125
1398.43	114
1399.08	129
1399.73	117
1400.38	110
1401.03	114
1401.68	127
1402.33	120
1402.98	110
1403.63	123
1404.28	119
1404.92	129
1405.57	136
1406.22	128
1406.87	120
1407.52	139
1408.17	132
1408.81	139
1409.46	129
1410.11	137
1410.76	130
1411.41	140
1412.06	142
1412.7	137
1413.35	148
1414	148
1414.65	136
1415.29	141
1415.94	158
1416.59	152
1417.23	131
1417.88	149
1418.53	158
1419.18	149
1419.82	162
1420.47	157
1421.12	132
1421.76	165
1422.41	152
1423.06	165
1423.7	162
1424.35	165
1424.99	167
1425.64	168
1426.29	169
1426.93	169
1427.58	170
1428.22	189
1428.87	186
1429.52	172
1430.16	179
1430.81	184
1431.45	175
1432.1	187
1432.74	183
1433.39	190
1434.03	196
1434.68	204
1435.32	212
1435.97	200
1436.61	201
1437.26	224
1437.9	239
1438.55	222
1439.19	219
1439.83	239
1440.48	240
1441.12	265.948
1441.77	243.62
1442.41	276.894
1443.05	267.08
1443.7	290.106
1444.34	294.203
1444.99	316.783
1445.63	288.84
1446.27	337.295
1446.92	355.782
1447.56	335.516
1448.2	357.838
1448.85	348.899
1449.49	377.943
1450.13	386.696
1450.77	382.431
1451.42	391.136
1452.06	384.116
1452.7	394.336
1453.35	366.618
1453.99	399.794
1454.63	390.579
1455.27	387.201
1455.91	370.642
1456.56	364.327
1457.2	366.323
1457.84	372.891
1458.48	330.793
1459.12	317.044
1459.77	308.509
1460.41	305.261
1461.05	290.516
1461.69	266.742
1462.33	261.984
1462.97	266.656
1463.61	246.304
1464.26	229.654
1464.9	247.863
1465.54	224.106
1466.18	230.049
1466.82	231.21
1467.46	238.07
1468.1	215.076
1468.74	230.261
1469.38	217.758
1470.02	203.285
1470.66	212.889
1471.3	204.169
1471.94	217.767
1472.58	197.757
1473.22	195.289
1473.86	190.243
1474.5	194.427
1475.14	196.363
1475.78	186.044
1476.42	193.448
1477.06	210.023
1477.7	209.878
1478.34	214.285
1478.98	194.641
1479.62	207.937
1480.26	193.068
1480.9	208.39
1481.54	202.087
1482.18	198.829
1482.81	194.557
1483.45	199.335
1484.09	189.605
1484.73	183.447
1485.37	180.054
1486.01	189.463
1486.65	170.343
1487.28	189.813
1487.92	169.077
1488.56	165.064
1489.2	152.687
1489.84	168.561
1490.47	150.089
1491.11	154.978
1491.75	139.817
1492.39	144.545
1493.03	140.507
1493.66	153.136
1494.3	141.4
1494.94	127.916
1495.57	132.691
1496.21	140.247
1496.85	135.709
1497.49	122.171
1498.12	127.831
1498.76	129.073
1499.4	136.725
1500.03	123.293
1500.67	113.027
1501.31	123.759
1501.94	129.32
1502.58	128.748
1503.21	140.416
1503.85	121.319
1504.49	121.051
1505.12	118.447
1505.28	117
1505.92	127
1506.55	124
1507.19	135
1507.83	110
1508.47	124
1509.11	121
1509.75	125
1510.39	120
1511.03	114
1511.67	131
1512.31	114
1512.95	101
1513.59	129
1514.22	110
1514.86	110
1515.5	111
1516.14	108
1516.78	106
1517.42	110
1518.05	113
1518.69	99
1519.33	105
1519.97	101
1520.61	104
1521.24	105
1521.88	99
1522.52	104
1523.16	88
1523.79	100
1524.43	87
1525.07	93
1525.71	93
1526.34	96
1526.98	92
1527.62	91
1528.26	98
1528.89	87
1529.53	87
1530.17	97
1530.8	86
1531.44	92
1532.07	72
1532.71	85
1533.35	83
1533.98	82
1534.62	85
1535.26	80
1535.89	85.5
1536.53	91
1537.16	83
1537.8	73
1538.44	77
1539.07	80
1539.71	74
1540.34	73
1540.98	86
1541.61	89
1542.25	90
1542.88	79
1543.52	79.5
1544.15	80
1544.79	80
1545.42	89
1546.06	86
1546.69	69
1547.33	90
1547.96	82
1548.6	89
1549.23	91
1549.86	82
1550.5	83
1551.13	87
1551.77	93
1552.4	90
1553.03	85
1553.67	86
1554.3	93
1554.93	89
1555.57	95
1556.2	78
1556.84	82
1557.47	75
1558.1	90
1558.73	91
1559.37	82
1560	74
1560.63	80
1561.27	73
1561.9	79
1562.53	73
1563.16	70
1563.8	71
1564.43	81
1565.06	76
1565.69	82
1566.33	75
1566.96	71
1567.59	80
1568.22	72
1568.85	71
1569.49	69
1570.12	66
1570.75	77
1571.38	65
1572.01	68
1572.64	63
1573.28	77
1573.91	72
1574.54	72
1575.17	66
1575.8	67
1576.43	70
1577.06	80
1577.69	66
1578.32	70
1578.95	67
1579.58	62
1580.21	63
1580.84	67
1581.47	80
1582.11	71
1582.73	69
1583.37	70
1584	72
1584.63	66
1585.26	62
1585.88	70
1586.51	71
1587.14	80
1587.77	69
1588.4	79
1589.03	72
1589.66	75
1590.29	69
1590.92	66
1591.55	76
1592.18	74
1592.81	68
1593.44	83
1594.06	66
1594.69	78
1595.32	68
1595.95	80
1596.58	79
1597.21	71
1597.83	78
1598.46	64
1599.09	77
1599.72	77
1600.35	68
1600.98	67
1601.6	73
1602.23	76
1602.86	72
1603.49	73
1604.11	72
1604.74	71
1605.37	76
1606	76
1606.62	75
1607.25	59
1607.88	67
1608.5	67
1609.13	57
1609.76	70
1610.38	72
1611.01	70
1611.64	67
1612.26	71
1612.89	70
1613.52	66
1614.14	67
1614.77	58
1615.39	65
1616.02	63
1616.65	71
1617.27	67
1617.9	62
1618.52	66
1619.15	66
1619.77	73
1620.4	64
1621.02	65
1621.65	64
1622.28	65
1622.9	71
1623.53	69
1624.15	68
1624.78	67
1625.4	63
1626.03	64
1626.65	58
1627.27	57
1627.9	73
1628.52	59
1629.15	69
1629.77	71
1630.4	65
1631.02	73
1631.64	70
1632.27	66
1632.89	68
1633.52	72
1634.14	72
1634.76	67
1635.39	76
1636.01	64
1636.63	68
1637.26	61
1637.88	78
1638.5	70
1639.13	68
1639.75	67
1640.37	68
1641	70
1641.62	68
1642.24	61
1642.86	67
1643.49	73
1644.11	72
1644.73	71
1645.35	64
1645.98	65
1646.6	62
1647.22	61
1647.84	58
1648.46	61
1649.09	70
1649.71	57
1650.33	63
1650.95	67
1651.57	66
1652.19	69
1652.82	64
1653.44	59
1654.06	59
1654.68	63
1655.3	53
1655.92	62
1656.54	52
1657.16	53
1657.78	53
1658.4	54
1659.03	56
1659.65	61
1660.27	70
1660.89	64
1661.51	56
1662.13	61
1662.75	60
1663.37	54
1663.99	60
1664.61	68
1665.23	61
1665.85	72
1666.47	57
1667.09	57
1667.71	54
1668.33	60
1668.95	61
1669.56	63
1670.18	69
1670.8	63
1671.42	65
1672.04	60
1672.66	59
1673.28	63
1673.9	61
1674.52	51
1675.13	65
1675.75	67
1676.37	68
1676.99	61
1677.61	52
1678.23	68
1678.84	56
1679.46	73
1680.08	67
1680.7	68
1681.32	63
1681.93	68
1682.55	65
1683.17	76
1683.79	70
1684.41	75
1685.02	77
1685.64	61
1686.26	73
1686.87	64
1687.49	63
1688.11	59
1688.73	62
1689.34	67
1689.96	60
1690.58	65
1691.19	58
1691.81	62
1692.43	52
1693.04	60
1693.66	64
1694.27	54
1694.89	68
1695.51	62
1696.12	59
1696.74	58
1697.35	65
1697.97	56
1698.59	64
1699.2	62
1699.82	59
1700.43	64
1701.05	50
1701.66	60
1702.28	59
1702.89	61
1703.51	53
1704.12	60
1704.74	64
1705.35	58
1705.97	59
1706.58	61
1707.2	56
1707.81	55
1708.43	57
1709.04	54
1709.66	51
1710.27	56
1710.88	60
1711.5	49
1712.11	56
1712.73	54
1713.34	59
1713.95	51
1714.57	57
1715.18	61
1715.8	57
1716.41	56
1717.02	60
1717.64	62
1718.25	61
1718.86	54
1719.48	55
1720.09	64
1720.7	59
1721.31	50
1721.93	55
1722.54	58
1723.15	60
1723.77	60
1724.38	57
1724.99	62
1725.6	65
1726.22	57
1726.83	51
1727.44	59
1728.05	61
1728.66	60
1729.28	49
1729.89	64
1730.5	57
1731.11	49
1731.72	65
1732.33	64
1732.95	54
1733.56	58
1734.17	60
1734.78	52
1735.39	60
1736	52
1736.61	58
1737.22	61
1737.83	57
1738.44	45
1739.06	55
1739.67	54
1740.28	54
1740.89	52
1741.5	55
1742.11	54
1742.72	52
1743.33	51
1743.94	50
1744.55	55
1745.16	57
1745.77	52
1746.38	64
1746.99	53
1747.6	59
1748.21	55
1748.82	49
1749.43	64
1750.04	51
1750.65	57
1751.25	50
1751.86	48
1752.47	60
1753.08	45
1753.69	55
1754.3	52
1754.91	51
1755.52	48
1756.13	56
1756.73	50
1757.34	54
1757.95	46
1758.56	52
1759.17	54
1759.78	58
1760.38	55
1760.99	53
1761.6	59
1762.21	67
1762.81	59
1763.42	53
1764.03	50
1764.64	51
1765.24	56
1765.85	54
1766.46	57
1767.07	52
1767.67	51
1768.28	63
1768.89	55
1769.5	54
1770.1	54
1770.71	56
1771.32	57
1771.92	55
1772.53	59
1773.14	54
1773.74	48
1774.35	68
1774.95	58
1775.56	56
1776.17	50
1776.77	58
1777.38	55
1777.99	63
1778.59	59
1779.2	46
1779.8	57
1780.41	45
1781.01	61
1781.62	45
1782.22	46
1782.83	47
1783.43	48
1784.04	46
1784.65	49
1785.25	45
1785.85	48
1786.46	48
1787.06	49
1787.67	53
1788.27	42
1788.88	52
1789.48	54
1790.09	57
1790.69	53
1791.3	50
1791.9	45
1792.5	52
1793.11	53
1793.71	48
1794.32	52
1794.92	52
1795.52	44
1796.13	48
1796.73	51
1797.33	58
1797.94	60
1798.54	53
1799.14	46
1799.75	59
1800.35	53
1800.95	55
1801.56	44
1802.16	53
1802.76	51
1803.37	50
1803.97	58
1804.57	52
1805.17	47
1805.78	48
1806.38	46
1806.98	60
1807.58	54
1808.18	51
1808.79	47
1809.39	50
1809.99	43
1810.59	56
1811.19	54
1811.8	56
1812.4	52
1813	50
1813.6	50
1814.2	47
1814.8	51
1815.41	53
1816.01	50
1816.61	55
1817.21	49
1817.81	53
1818.41	57
1819.01	55
1819.61	54
1820.21	56
1820.81	53
1821.41	48
1822.01	52
1822.61	46
1823.22	50
1823.82	55
1824.42	47
1825.02	75
1825.62	53
1826.22	57
1826.82	43
1827.42	54
1828.02	53
1828.61	50
1829.21	49
1829.81	50
1830.41	46
1831.01	48
1831.61	49
1832.21	58
1832.81	52
1833.41	51
1834.01	45
1834.61	48
1835.21	54
1835.81	53
1836.4	51
1837	46
1837.6	45
1838.2	49
1838.8	45
1839.4	56
1839.99	52
1840.59	49
1841.19	53
1841.79	56
1842.39	48
1842.98	54
1843.58	54
1844.18	48
1844.78	50
1845.38	50
1845.97	45
1846.57	56
1847.17	54
1847.76	52
1848.36	54
1848.96	55
1849.56	46
1850.15	60
1850.75	48
1851.35	55
1851.94	49
1852.54	45
1853.14	50
1853.73	49
1854.33	52
1854.93	51
1855.52	46
1856.12	50
1856.72	45
1857.31	49
1857.91	47
1858.5	48
1859.1	46
1859.7	53
1860.29	49
1860.89	47
1861.48	56
1862.08	53
1862.67	54
1863.27	49
1863.86	58
1864.46	47
1865.05	45
1865.65	48
1866.25	57
1866.84	47
1867.43	49
1868.03	51
1868.62	53
1869.22	48
1869.81	54
1870.41	51
1871	48
1871.6	45
1872.19	50
1872.79	51
1873.38	42
1873.97	50
1874.57	43
1875.16	45
1875.76	44
1876.35	55
1876.94	53
1877.54	45
1878.13	48.5
1878.72	52
1879.32	43
1879.91	51
1880.5	51
1881.1	48
1881.69	49
1882.28	61
1882.88	45
1883.47	44
1884.06	47
1884.66	56
1885.25	44
1885.84	45
1886.43	45
1887.03	45
1887.62	56
1888.21	50
1888.8	48
1889.4	50
1889.99	54
1890.58	54
1891.17	46
1891.76	49
1892.35	48
1892.95	52
1893.54	42
1894.13	42
1894.72	48
1895.31	48
1895.9	53
1896.5	42
1897.09	54
1897.68	46
1898.27	56
1898.86	49
1899.45	57
1900.04	54
1900.63	57
1901.22	51
1901.81	44
1902.4	46
1903	45
1903.59	48
1904.18	52
1904.77	41
1905.36	48
1905.95	49
1906.54	45
1907.13	44
1907.72	53
1908.31	46
1908.9	51
1909.49	49
1910.08	40
1910.67	57
1911.26	43
1911.84	58
1912.43	43
1913.02	48
1913.61	42
1914.2	54
1914.79	49
1915.38	44
1915.97	49
1916.56	43
1917.15	37
1917.73	59
1918.32	46
1918.91	52
1919.5	47
1920.09	47
1920.68	48
1921.27	55
1921.85	54
1922.44	45
1923.03	42
1923.62	46
1924.21	46
1924.79	48
1925.38	39
1925.97	50
1926.56	46
1927.14	37
1927.73	54
1928.32	50
1928.91	44
1929.49	47
1930.08	49
1930.67	43
1931.26	53
1931.84	53
1932.43	49
1933.02	48
1933.6	47
1934.19	52
1934.78	51
1935.36	49
1935.95	53
1936.54	53
1937.12	46
1937.71	52
1938.29	39
1938.88	49
1939.47	44
1940.05	48
1940.64	45
1941.22	46
1941.81	48
1942.4	46
1942.98	48
1943.57	54
1944.15	56
1944.74	50
1945.32	50
1945.91	48
1946.49	36
1947.08	53
1947.66	49
1948.25	42
1948.83	53
1949.42	49
1950	56
1950.59	47
1951.17	45
1951.76	50
1952.34	49
1952.93	46
1953.51	45
1954.1	45
1954.68	45
1955.26	47
1955.85	52
1956.43	49
1957.02	44
1957.6	47
1958.18	41
1958.77	47
1959.35	44
1959.93	54
1960.52	50
1961.1	45
1961.68	46
1962.27	45
1962.85	43
1963.43	43
1964.02	50
1964.6	52
1965.18	49
1965.77	52
1966.35	45
1966.93	50
1967.51	46
1968.1	41
1968.68	41
1969.26	42
1969.84	46
1970.43	49
1971.01	51
1971.59	44
1972.17	46
1972.75	42
1973.34	47
1973.92	43
1974.5	40
1975.08	49
1975.66	47
1976.24	46
1976.83	42
1977.41	41
1977.99	42
1978.57	49
1979.15	46
1979.73	34
1980.31	48
1980.89	51
1981.48	42
1982.06	46
1982.64	45
1983.22	39
1983.8	37
1984.38	43
1984.96	43
1985.54	47
1986.12	44
1986.7	48
1987.28	48
1987.86	41
1988.44	48
1989.02	51
1989.6	51
1990.18	44
1990.76	42
1991.34	40
1991.92	41
1992.5	33
1993.08	45
1993.66	52
1994.24	43
1994.82	45
1995.4	58
1995.98	38
1996.56	53
1997.13	38
1997.71	48
1998.29	40
1998.87	44
1999.45	39
2000.03	43
2000.61	48
2001.19	46
2001.76	48
2002.34	46
2002.92	38
2003.5	41
2004.08	41
2004.66	46
2005.23	46
2005.81	44
2006.39	53.95
2006.97	42.8264
2007.54	45.9985
2008.12	39.3658
2008.7	49.955
2009.28	47.0262
2009.85	40.4059
2010.43	41.1501
2011.01	35.3753
2011.59	42.6246
2012.16	37.3587
2012.74	43.5603
2013.32	40.1493
2013.9	42.539
2014.47	41.703
2015.05	42.4348
2015.63	47.0644
2016.2	52.3658
2016.78	43.9731
2017.36	47.4145
2017.93	46.8847
2018.51	42.2181
2019.08	45.6511
2019.66	43.1255
2020.24	44.5922
2020.81	44.4899
2021.39	45.3101
2021.97	47.2508
2022.54	46.3107
2023.12	42.3143
2023.69	44.4673
2024.27	54.3444
2024.84	44.0293
2025.42	42.5888
2026	48.9984
2026.57	40.6432
2027.15	41.5138
2027.72	41.7252
2028.3	46.4041
2028.87	46.0575
2029.45	45.8171
2030.02	45.2796
2030.6	44.1064
2031.17	44.8503
2031.75	43.5
2032.32	43.6944
2032.9	40.8296
2033.47	45.1121
2034.05	47.1784
2034.62	51.8531
2035.19	44.6801
2035.77	48.0933
2036.34	41.7011
2036.92	44.005
2037.49	45.3235
2038.06	41.776
2038.64	41.5012
2039.21	44.7835
2039.79	49.2018
2040.36	46.5905
2040.93	43.471
2041.51	46.2294
2042.08	46.0154
2042.65	45.1199
2043.23	44.1261
2043.8	43.3735
2044.38	41.68
2044.95	42.9924
2045.52	46.96
2046.09	48.6845
2046.67	46.3572
2047.24	47.2975
2047.81	43.5713
2048.39	42.8202
2048.96	42.2993
2049.53	39.7404
2050.1	43.1242
2050.68	45.2468
2051.25	47.29
2051.82	45.7186
2052.39	45.9379
2052.97	45.666
2053.54	41.4004
2054.11	43.8965
2054.68	46.9222
2055.25	46.1862
2055.83	42.5895
2056.4	43.1028
2056.97	41.8029
2057.54	43.4516
2058.11	40.9258
2058.68	39.3582
2059.26	41.8163
2059.83	47.0057
2060.4	47.3113
2060.97	49.253
2061.54	42.8994
2062.11	49.312
2062.68	46.7414
2063.25	44.7436
2063.72	39
2064.3	49
2064.87	47
2065.45	40
2066.02	43
2066.6	43
2067.17	38
2067.74	43
2068.32	48
2068.89	55
2069.47	45
2070.04	42
2070.61	41
2071.19	41
2071.76	45
2072.33	48
2072.91	40
2073.48	45
2074.05	39
2074.63	50
2075.2	40
2075.77	51
2076.35	47
2076.92	46
2077.49	44
2078.07	49
2078.64	48
2079.21	45
2079.78	42
2080.36	43
2080.93	44
2081.5	54
2082.07	46
2082.65	45
2083.22	45
2083.79	42
2084.36	49
2084.93	46
2085.51	51
2086.08	52
2086.65	38
2087.22	39
2087.79	46
2088.37	43
2088.94	47
2089.51	44
2090.08	49
2090.65	48
2091.22	43
2091.79	45.5
2092.36	48
2092.94	47
2093.51	45
2094.08	48
2094.65	45
2095.22	32
2095.79	38
2096.36	42
2096.93	44
2097.5	48
2098.07	47
2098.64	47
2099.21	47
2099.78	43
2100.35	49
2100.92	42
2101.49	39
2102.06	40
2102.63	39
2103.2	42
2103.77	39
2104.34	43
2104.91	46
2105.48	49
2106.05	39
2106.62	41
2107.19	45
2107.76	45
2108.33	43
2108.9	45
2109.47	47
2110.04	47
2110.6	42
2111.17	42
2111.74	47
2112.31	37
2112.88	46
2113.45	44
2114.02	45
2114.58	44
2115.15	53
2115.72	45
2116.29	43
2116.86	34
2117.43	49
2117.99	41
2118.56	46
2119.13	47
2119.7	49
2120.27	50
2120.83	51
2121.4	50
2121.97	48
2122.54	45
2123.1	39
2123.67	47
2124.24	42
2124.81	42
2125.37	52
2125.94	42
2126.51	38
2127.07	55
2127.64	43
2128.21	43
2128.77	49
2129.34	47
2129.91	38
2130.47	40
2131.04	44
2131.61	47
2132.17	42
2132.74	43
2133.31	45
2133.87	48
2134.44	46
2135.01	48
2135.57	40
2136.14	49
2136.7	44
2137.27	37
2137.83	47
2138.4	54
2138.97	43
2139.53	45
2140.1	48
2140.66	37
2141.23	50
2141.79	40
2142.36	42
2142.92	44
2143.49	44
2144.05	47
2144.62	37
2145.18	44
2145.75	45
2146.31	40
2146.88	32
2147.44	50
2148.01	45
2148.57	40
2149.13	44
2149.7	51
2150.26	47
2150.83	46
2151.39	44
2151.95	39
2152.52	41
2153.08	44
2153.65	42
2154.21	38
2154.77	39
2155.34	45
2155.9	46
2156.46	50
2157.03	40
2157.59	47
2158.15	42
2158.72	43
2159.28	40
2159.84	45
2160.41	49
2160.97	43
2161.53	52
2162.1	47
2162.66	45
2163.22	43
2163.78	50
2164.35	38
2164.91	45
2165.47	45
2166.03	52
2166.6	46
2167.16	50
2167.72	43
2168.28	44
2168.84	50
2169.41	36
2169.97	45
2170.53	46
2171.09	53
2171.65	40
2172.21	48
2172.78	40
2173.34	50
2173.9	37
2174.46	50
2175.02	41
2175.58	54
2176.14	47
2176.71	48
2177.27	43
2177.83	45
2178.39	45
2178.95	50
2179.51	42
2180.07	45
2180.63	43
2181.19	50
2181.75	44
2182.31	41
2182.87	43
2183.43	42
2183.99	49
2184.55	45
2185.11	46
2185.67	45
2186.23	49
2186.79	47
2187.35	35
2187.91	41
2188.47	48
2189.03	36
2189.59	47
2190.15	39
2190.71	48
2191.27	48
2191.83	45
2192.39	44
2192.95	44
2193.51	41
2194.07	50
2194.62	41
2195.18	39
2195.74	44
2196.3	47
2196.86	41
2197.42	44
2197.98	42
2198.54	44
2199.09	41
2199.65	50
2200.21	43
2200.77	51
2201.33	46
2201.88	45
2202.44	46
2203	46
2203.56	45
2204.12	41
2204.67	41
2205.23	49
2205.79	52
2206.35	51
2206.9	48
2207.46	44
2208.02	48
2208.58	51
2209.13	52
2209.69	43
2210.25	49
2210.81	49
2211.36	48
2211.92	46
2212.48	43
2213.03	35
2213.59	40
2214.15	46
2214.7	44
2215.26	45
2215.81	45
2216.37	39
2216.93	42
2217.48	34
2218.04	44
2218.6	48
2219.15	54
2219.71	44
2220.26	44
2220.82	42
2221.38	37
2221.93	48
2222.49	41
2223.04	40
2223.6	35
2224.15	43
2224.71	49
2225.26	40
2225.82	41
2226.38	45
2226.93	48
2227.49	45
2228.04	45
2228.59	38
2229.15	51
2229.7	42
2230.26	49
2230.81	47
2231.37	45
2231.92	48
2232.48	42
2233.03	57
2233.59	41
2234.14	49
2234.69	52
2235.25	47
2235.8	40
2236.36	42
2236.91	46
2237.46	51
2238.02	53
2238.57	48
2239.13	55
2239.68	50
2240.23	54
2240.79	37
2241.34	40
2241.89	48
2242.45	45
2243	45
2243.55	43
2244.11	42
2244.66	43
2245.21	44
2245.76	47
2246.32	43
2246.87	47
2247.42	45
2247.98	46
2248.53	44
2249.08	42
2249.63	47
2250.19	41
2250.74	44
2251.29	41
2251.84	45
2252.39	47
2252.95	50
2253.5	43
2254.05	45
2254.6	43
2255.15	49
2255.71	51
2256.26	50
2256.81	47
2257.36	48
2257.91	49
2258.46	47
2259.01	39
2259.57	48
2260.12	43
2260.67	45
2261.22	48
2261.77	51
2262.32	43
2262.87	48
2263.42	47
2263.97	39
2264.52	42
2265.07	47
2265.62	52
2266.18	45
2266.73	45
2267.28	48
2267.83	35
2268.38	56
2268.93	41
2269.48	46
2270.03	45
2270.58	44
2271.13	41
2271.68	46
2272.23	43
2272.78	39
2273.33	51
2273.87	46
2274.42	46
2274.97	47
2275.52	49
2276.07	43
2276.62	48
2277.17	46
2277.72	46
2278.27	50
2278.82	48
2279.37	41
2279.92	44
2280.46	45
2281.01	49
2281.56	46
2282.11	53
2282.66	42
2283.21	52
2283.76	50
2284.3	41
2284.85	44
2285.4	39
2285.95	41
2286.5	53
2287.04	42
2287.59	47
2288.14	46
2288.69	45
2289.24	50
2289.78	45
2290.33	56
2290.88	48
2291.43	45
2291.97	42
2292.52	44
2293.07	44
2293.62	54
2294.16	49
2294.71	41
2295.26	41
2295.8	49
2296.35	38
2296.9	46
2297.44	42
2297.99	40
2298.54	44
2299.08	51
2299.63	48
2300.18	43
2300.72	38
2301.27	42
2301.82	51
2302.36	36
2302.91	38
2303.45	46
2304	45
2304.55	40
2305.09	42
2305.64	44
2306.18	40
2306.73	40
2307.28	46
2307.82	51
2308.37	42
2308.91	39
2309.46	56
2310	55
2310.55	47
2311.09	51
2311.64	44
2312.18	43
2312.73	53
2313.27	47
2313.82	44
2314.36	55
2314.91	52
2315.45	44
2316	47
2316.54	46
2317.09	46
2317.63	45
2318.17	42
2318.72	51
2319.26	47
2319.81	44
2320.35	51
2320.89	47
2321.44	46
2321.98	36
2322.53	46
2323.07	41
2323.61	44
2324.16	46
2324.7	44
2325.24	40
2325.79	47
2326.33	41
2326.87	44
2327.42	53
2327.96	51
2328.5	49
2329.05	49
2329.59	48
2330.13	47
2330.68	43
2331.22	43
2331.76	41
2332.3	44
2332.85	44
2333.39	43
2333.93	44
2334.47	42
2335.02	42
2335.56	48
2336.1	47
2336.64	39
2337.19	41
2337.73	46
2338.27	52
2338.81	52
2339.35	41
2339.89	45
2340.44	46
2340.98	42
2341.52	49
2342.06	38
2342.6	41
2343.14	40
2343.69	38
2344.23	43
2344.77	38
2345.31	52
2345.85	44
2346.39	42
2346.93	46
2347.47	47
2348.01	40
2348.55	47
2349.09	50
2349.64	41
2350.18	48
2350.72	44
2351.26	34
2351.8	49
2352.34	44
2352.88	47
2353.42	47
2353.96	42
2354.5	48
2355.04	38
2355.58	42
2356.12	40
2356.66	47
2357.2	54
2357.74	52
2358.28	48
2358.82	46
2359.36	46
2359.9	36
2360.43	46
2360.97	41
2361.51	43
2362.05	43
2362.59	47
2363.13	43
2363.67	42
2364.21	42
2364.75	36
2365.29	42
2365.82	50
2366.36	37
2366.9	41
2367.44	38
2367.98	41
2368.52	47
2369.06	47
2369.59	44
2370.13	49
2370.67	46
2371.21	45
2371.75	47
2372.28	49
2372.82	47
2373.36	47
2373.9	40
2374.44	41
2374.97	44
2375.51	43
2376.05	38
2376.59	52
2377.12	46
2377.66	50
2378.2	37
2378.73	41
2379.27	37
2379.81	40
2380.35	45
2380.88	52
2381.42	44
2381.96	45
2382.49	45
2383.03	44
2383.57	42
2384.1	45
2384.64	48
2385.18	42
2385.71	47
2386.25	51
2386.78	43
2387.32	47
2387.86	40
2388.39	40
2388.93	46
2389.47	45
2390	43
2390.54	49
2391.07	49
2391.61	40
2392.14	49
2392.68	47
2393.22	40
2393.75	43
2394.29	48
2394.82	51
2395.36	42
2395.89	42
2396.43	40
2396.96	38
2397.5	47
2398.03	48
2398.57	44
2399.1	45
2399.64	46
2400.17	47
2400.71	45
2401.24	45
2401.77	49
2402.31	38
2402.84	48
2403.38	40
2403.91	46
2404.45	42
2404.98	44
2405.51	53
2406.05	51
2406.58	32
2407.12	44
2407.65	38
2408.18	50
2408.72	44
2409.25	44
2409.78	45
2410.32	41
2410.85	45
2411.38	36
2411.92	50
2412.45	45
2412.98	45
2413.52	47
2414.05	32
2414.58	45
2415.12	45
2415.65	42
2416.18	39
2416.71	40
2417.25	53
2417.78	47
2418.31	39
2418.84	45
2419.38	50
2419.91	42
2420.44	45
2420.97	38
2421.51	46
2422.04	47
2422.57	45
2423.1	39
2423.63	45
2424.17	45
2424.7	50
2425.23	47
2425.76	43
2426.29	46
2426.82	47
2427.36	42
2427.89	46
2428.42	42
2428.95	48
2429.48	44
2430.01	43
2430.54	39
2431.07	45
2431.61	49
2432.14	47
2432.67	46
2433.2	48
2433.73	42
2434.26	51
2434.79	55
2435.32	42
2435.85	46
2436.38	39
2436.91	49
2437.44	36
2437.97	43
2438.5	42
2439.03	48
2439.56	47
2440.09	47
2440.62	57
2441.15	43
2441.68	46
2442.21	50
2442.74	46
2443.27	44
2443.8	49
2444.33	44
2444.86	43
2445.39	44
2445.92	48
2446.45	37
2446.98	47
2447.51	47
2448.04	49
2448.56	43
2449.09	45
2449.62	45
2450.15	42
2450.68	42
2451.21	58
2451.74	47
2452.27	47
2452.79	50
2453.32	54
2453.85	45
2454.38	42
2454.91	53
2455.44	49
2455.96	51
2456.49	42
2457.02	43
2457.55	41
2458.08	42
2458.6	45
2459.13	43
2459.66	53
2460.19	45
2460.71	48
2461.24	53
2461.77	35
2462.3	58
2462.82	41
2463.35	55
2463.88	42
2464.41	54
2464.93	49
2465.46	53
2465.99	47
2466.51	44
2467.04	57
2467.57	47
2468.09	48
2468.62	50
2469.15	43
2469.67	49
2470.2	44
2470.73	50
2471.25	55
2471.78	42
2472.31	47
2472.83	53
2473.36	37
2473.88	53
2474.41	50
2474.94	51
2475.46	48
2475.99	49
2476.51	47
2477.04	49
2477.56	50
2478.09	48
2478.62	47
2479.14	45
2479.67	47
2480.19	45
2480.72	53
2481.24	52
2481.77	48
2482.29	40
2482.82	52
2483.34	59
2483.87	47
2484.39	45
2484.92	54
2485.44	48
2485.97	50
2486.49	48
2487.01	49
2487.54	47
2488.06	53
2488.59	45
2489.11	47
2489.64	45
2490.16	51
2490.68	46
2491.21	46
2491.73	46
2492.26	51
2492.78	48
2493.3	49
2493.83	38
2494.35	48
2494.87	39
2495.4	46
2495.92	47
2496.45	44
2496.97	40
2497.49	54
2498.01	44
2498.54	46
2499.06	46
2499.58	39
2500.11	47
2500.63	44
2501.15	47
2501.68	47
2502.2	47
2502.72	41
2503.24	49
2503.77	47
2504.29	42
2504.81	49
2505.33	42
2505.86	44
2506.38	49
2506.9	49
2507.42	47
2507.94	51
2508.47	47
2508.99	48
2509.51	45
2510.03	46
2510.55	49
2511.08	39
2511.6	37
2512.12	52
2512.64	46
2513.16	47
2513.68	49
2514.21	49.9551
2514.73	46.844
2515.25	40.2937
2515.77	46.1682
2516.29	48.6933
2516.81	41.5925
2517.33	49.0014
2517.85	47.7108
2518.37	46.0782
2518.89	49.7206
2519.41	45.405
2519.94	46.1215
2520.46	44.3676
2520.98	50.0938
2521.5	50.7835
2522.02	45.2041
2522.54	48.0759
2523.06	48.4826
2523.58	43.1478
2524.1	39.868
2524.62	49.3922
2525.14	46.6924
2525.66	47.459
2526.18	49.4593
2526.7	36.2238
2527.22	39.2181
2527.74	42.5107
2528.26	45.4284
2528.78	51.8412
2529.3	48.2415
2529.82	48.8592
2530.34	45.4632
2530.86	47.8356
2531.37	45.9359
2531.89	43.0965
2532.41	47.8584
2532.93	44.2761
2533.45	46.2233
2533.97	44.9117
2534.49	39.1679
2535.01	42.6445
2535.53	43.9734
2536.05	41.7442
2536.56	42.8211
2537.08	41.3078
2537.6	46.8722
2538.12	43.654
2538.64	45.7616
2539.16	50.8039
2539.68	45.7886
2540.19	44.8964
2540.71	48.2692
2541.23	47.8428
2541.75	44.6546
2542.27	49.3897
2542.78	49.8188
2543.3	48.4608
2543.82	45.5637
2544.34	51.6871
2544.86	44.0338
2545.37	44.5928
2545.89	48.6678
2546.41	46.7928
2546.93	44.8873
2547.44	46.4616
2547.96	46.4584
2548.48	48.4461
2549	49.6015
2549.51	48.4583
2550.03	48.4874
2550.55	49.2272
2551.06	47.6097
2551.58	45.6057
2552.1	42.5588
2552.62	45.1081
2553.13	44.2971
2553.65	44.8549
2554.17	45.854
2554.68	45.8949
2555.2	47.0289
2555.71	44.6459
2556.23	43.7971
2556.75	46.605
2557.26	47.5069
2557.78	49.8741
2558.3	45.6715
2558.81	44.7598
2559.33	43.2117
2559.84	45.9702
2560.36	49.2501
2560.88	46.1969
2561.39	41.4008
2561.91	37.1439
2562.42	39.3183
2562.94	42.7353
2563.46	42.3186
2563.97	41.1634
2564.49	39.567
2565	44.9586
2565.52	50.5012
2566.03	44.2391
2566.55	45.6618
2566.87	50
2567.39	46
2567.91	50
2568.42	53
2568.94	45
2569.46	46
2569.98	44
2570.5	37
2571.02	40
2571.53	47
2572.05	50
2572.57	46
2573.09	40
2573.6	52
2574.12	46
2574.64	44
2575.16	39
2575.68	48
2576.19	44
2576.71	44
2577.23	38
2577.75	46
2578.26	38
2578.78	40
2579.3	47
2579.81	37
2580.33	55
2580.85	47
2581.37	45
2581.88	42
2582.4	42
2582.92	46
2583.43	44
2583.95	45
2584.47	42
2584.98	45
2585.5	54
2586.02	41
2586.53	53
2587.05	43
2587.56	51
2588.08	44
2588.6	43
2589.11	53
2589.63	48
2590.14	47
2590.66	55
2591.18	50.5
2591.69	46
2592.21	42
2592.72	42
2593.24	41
2593.75	42
2594.27	54
2594.78	43
2595.3	42
2595.82	42
2596.33	47
2596.85	45
2597.36	48.5
2597.88	52
2598.39	43
2598.91	50
2599.42	48
2599.94	43
2600.45	44
2600.97	54
2601.48	47
2601.99	47
2602.51	47
2603.02	52
2603.54	46
2604.05	45
2604.57	47
2605.08	41
2605.59	47
2606.11	46
2606.62	50
2607.14	42
2607.65	42
2608.16	46
2608.68	45
2609.19	49
2609.71	47
2610.22	42
2610.73	44
2611.25	49
2611.76	45
2612.27	46
2612.79	50
2613.3	42
2613.81	53
2614.33	38
2614.84	56
2615.35	44
2615.87	52
2616.38	45
2616.89	46
2617.4	47
2617.92	44
2618.43	45
2618.94	38
2619.46	47
2619.97	44
2620.48	46
2620.99	41
2621.5	52
2622.02	49
2622.53	39
2623.04	41
2623.55	40
2624.07	40
2624.58	49
2625.09	46
2625.6	46
2626.11	47
2626.63	45
2627.14	38
2627.65	47
2628.16	51
2628.67	50
2629.18	48
2629.69	44
2630.21	46
2630.72	48
2631.23	47
2631.74	56
2632.25	46
2632.76	46
2633.27	41
2633.78	49
2634.3	39
2634.81	43
2635.32	43
2635.83	51
2636.34	45
2636.85	46
2637.36	51
2637.87	53
2638.38	47
2638.89	45
2639.4	44
2639.91	48
2640.42	46
2640.93	45
2641.44	45
2641.95	49
2642.46	49
2642.97	40
2643.48	48
2643.99	47
2644.5	47
2645.01	41
2645.52	41
2646.03	50
2646.54	44
2647.05	51
2647.56	46
2648.07	47
2648.58	48
2649.09	54
2649.59	47
2650.1	46
2650.61	42
2651.12	44
2651.63	48
2652.14	49
2652.65	50
2653.16	50
2653.67	53
2654.17	38
2654.68	43
2655.19	42
2655.7	50
2656.21	50
2656.72	48
2657.22	53
2657.73	53
2658.24	52
2658.75	36
2659.26	47
2659.77	46
2660.27	57
2660.78	49
2661.29	48
2661.8	49
2662.3	42
2662.81	52
2663.32	47
2663.83	47
2664.34	43
2664.84	50
2665.35	48
2665.86	46
2666.36	42
2666.87	43
2667.38	49
2667.89	43
2668.39	50
2668.9	48
2669.41	40
2669.91	46
2670.42	48
2670.93	48
2671.43	48
2671.94	55
2672.45	49
2672.95	46
2673.46	49
2673.97	50
2674.47	51
2674.98	40
2675.48	49
2675.99	53
2676.5	49
2677	49
2677.51	54
2678.01	54
2678.52	58
2679.03	52
2679.53	55
2680.04	50
2680.54	52
2681.05	64
2681.55	55
2682.06	52
2682.57	46
2683.07	51
2683.58	54
2684.08	56
2684.59	58
2685.09	51
2685.6	53
2686.1	53
2686.61	55
2687.11	55
2687.62	57
2688.12	60
2688.63	48
2689.13	59
2689.63	60
2690.14	61
2690.64	56
2691.15	50
2691.65	56
2692.16	65
2692.66	46
2693.17	55
2693.67	54
2694.17	53
2694.68	56
2695.18	60
2695.69	54
2696.19	54
2696.69	56
2697.2	55
2697.7	60
2698.2	58
2698.71	61
2699.21	59
2699.71	49
2700.22	62
2700.72	63
2701.22	50
2701.73	58
2702.23	54
2702.73	59
2703.24	74
2703.74	62
2704.24	64
2704.75	60
2705.25	71
2705.75	65
2706.25	62
2706.76	74
2707.26	63
2707.76	57
2708.26	66
2708.77	62
2709.27	71
2709.77	67
2710.27	55
2710.78	72
2711.28	64
2711.78	70
2712.28	52
2712.78	64
2713.29	70
2713.79	75
2714.29	69
2714.79	63
2715.29	65
2715.79	70
2716.3	66
2716.8	62
2717.3	72
2717.8	71
2718.3	72
2718.8	73
2719.3	70
2719.81	77
2720.31	59
2720.81	70
2721.31	64
2721.81	64
2722.31	68
2722.81	67
2723.31	66
2723.81	74
2724.31	72
2724.81	68
2725.31	69
2725.82	74
2726.32	57
2726.82	74
2727.32	63
2727.82	70
2728.32	74
2728.82	64
2729.32	58
2729.82	76
2730.32	61
2730.82	77
2731.32	70
2731.82	66
2732.32	63
2732.82	75
2733.32	66
2733.82	71
2734.31	69
2734.81	65
2735.31	59
2735.81	62
2736.31	65
2736.81	63
2737.31	69
2737.81	77
2738.31	66
2738.81	62
2739.31	49
2739.81	60
2740.3	57
2740.8	64
2741.3	76
2741.8	55
2742.3	63
2742.8	64
2743.3	71
2743.79	63
2744.29	58
2744.79	66
2745.29	67
2745.79	64
2746.29	57
2746.78	62
2747.28	73
2747.78	61
2748.28	65
2748.78	61
2749.27	62
2749.77	55
2750.27	61
2750.77	65
2751.26	61
2751.76	68
2752.26	66
2752.76	52
2753.25	59
2753.75	66
2754.25	68
2754.75	55
2755.24	64
2755.74	61
2756.24	61
2756.73	63
2757.23	59
2757.73	61
2758.22	60
2758.72	68
2759.22	64
2759.72	64
2760.21	47
2760.71	62
2761.2	64
2761.7	57
2762.2	68
2762.69	59
2763.19	59
2763.69	71
2764.18	57
2764.68	60
2765.17	60
2765.67	62
2766.17	64
2766.66	64
2767.16	59
2767.65	69
2768.15	63
2768.65	66
2769.14	65
2769.64	70
2770.13	58
2770.63	64
2771.12	64
2771.62	57
2772.11	64
2772.61	65
2773.1	70
2773.6	73
2774.09	64
2774.59	67
2775.08	68
2775.58	69
2776.07	62
2776.57	59
2777.06	63
2777.56	66
2778.05	63
2778.55	58
2779.04	68
2779.53	64
2780.03	72
2780.52	51
2781.02	50
2781.51	69
2782.01	60
2782.5	49
2782.99	72
2783.49	65
2783.98	54
2784.47	57
2784.97	61
2785.46	57
2785.96	63
2786.45	57
2786.94	60
2787.44	71
2787.93	58
2788.42	57
2788.92	59
2789.41	49
2789.9	61
2790.4	56
2790.89	62
2791.38	54
2791.88	55
2792.37	66
2792.86	55
2793.35	55
2793.85	51
2794.34	60
2794.83	60
2795.33	56
2795.82	57
2796.31	53
2796.8	55
2797.3	63
2797.79	66
2798.28	58
2798.77	57
2799.26	63
2799.76	55
2800.25	62
2800.74	60
2801.23	57
2801.72	68
2802.22	63
2802.71	60
2803.2	64
2803.69	67
2804.18	66
2804.67	64
2805.17	57
2805.66	58
2806.15	63
2806.64	69
2807.13	67
2807.62	53
2808.11	65
2808.6	58
2809.1	72
2809.59	74
2810.08	72
2810.57	66
2811.06	69
2811.55	54
2812.04	80
2812.53	76
2813.02	85
2813.51	70
2814	69
2814.49	82
2814.98	75
2815.47	76
2815.96	81
2816.45	77
2816.94	75
2817.44	77
2817.93	80
2818.42	81
2818.91	81
2819.39	79
2819.88	83
2820.37	83
2820.86	67
2821.35	91
2821.84	68
2822.33	66
2822.82	90
2823.31	87
2823.8	75
2824.29	75
2824.78	65
2825.27	86
2825.76	70
2826.25	80
2826.74	66
2827.23	70
2827.71	80
2828.2	84
2828.69	72
2829.18	79
2829.67	66
2830.16	81
2830.65	77
2831.14	66
2831.62	84
2832.11	72
2832.6	75
2833.09	71
2833.58	85
2834.07	69
2834.55	82
2835.04	72
2835.53	76
2836.02	85
2836.51	80
2836.99	69
2837.48	87
2837.97	91
2838.46	88
2838.95	82
2839.43	79
2839.92	84
2840.41	85
2840.9	81
2841.38	84
2841.87	87
2842.36	94
2842.84	88
2843.33	86
2843.82	81
2844.31	84
2844.79	87
2845.28	82
2845.77	94
2846.25	84
2846.74	101
2847.23	96
2847.71	94
2848.2	91
2848.69	87
2849.17	92
2849.66	95
2850.15	93
2850.63	93
2851.12	99
2851.61	94
2852.09	99
2852.58	103
2853.06	94
2853.55	96
2854.04	112
2854.52	115
2855.01	111
2855.49	112
2855.98	115
2856.46	109
2856.95	120
2857.44	114
2857.92	121
2858.41	116
2858.89	121
2859.38	126
2859.86	117
2860.35	122
2860.83	134
2861.32	122
2861.8	121
2862.29	144
2862.77	141
2863.26	157
2863.74	144
2864.23	149
2864.71	144
2865.2	151
2865.68	147
2866.17	169
2866.65	164
2867.14	184
2867.62	163
2868.1	176
2868.59	177
2869.07	180
2869.56	174.5
2870.04	169
2870.53	189
2871.01	202
2871.49	199
2871.98	201
2872.46	199
2872.95	204
2873.43	215
2873.91	224
2874.4	199
2874.88	210
2875.36	214
2875.85	206
2876.33	215
2876.81	212
2877.3	206
2877.78	206
2878.26	212
2878.75	217
2879.23	220
2879.71	223
2880.2	181
2880.68	210
2881.16	215
2881.65	215
2882.13	215
2882.61	227
2883.09	201
2883.58	210
2884.06	190
2884.54	212
2885.02	210
2885.51	209
2885.99	185
2886.47	212
2886.95	203
2887.44	211
2887.92	208
2888.4	184
2888.88	197
2889.36	180
2889.85	186
2890.33	212
2890.81	188
2891.29	184
2891.77	180
2892.26	195
2892.74	183
2893.22	171
2893.7	182
2894.18	191
2894.66	173
2895.14	194
2895.63	202
2896.11	178
2896.59	189
2897.07	197
2897.55	179
2898.03	176
2898.51	174
2898.99	197
2899.47	172
2899.95	169
2900.44	158
2900.92	179
2901.4	168
2901.88	174
2902.36	164
2902.84	148
2903.32	160
2903.8	176
2904.28	168
2904.76	175
2905.24	170
2905.72	158
2906.2	158
2906.68	155
2907.16	171
2907.64	161
2908.12	159
2908.6	162
2909.08	166
2909.56	160
2910.04	160
2910.52	165
2911	174
2911.48	180
2911.96	174
2912.44	172
2912.92	179
2913.39	161
2913.87	177
2914.35	194
2914.83	175
2915.31	192
2915.79	196
2916.27	188
2916.75	209
2917.23	208
2917.71	222
2918.19	222
2918.66	196
2919.14	227
2919.62	248
2920.1	256
2920.58	248
2921.06	237
2921.53	261
2922.01	278
2922.49	290
2922.97	277
2923.45	298
2923.93	301
2924.4	307
2924.88	316
2925.36	326
2925.84	309
2926.32	328
2926.79	320
2927.27	317
2927.75	296
2928.23	315
2928.7	319
2929.18	337
2929.66	321
2930.14	304
2930.61	321
2931.09	282
2931.57	295
2932.05	302
2932.52	293
2933	287
2933.48	252
2933.95	268
2934.43	260
2934.91	260
2935.38	238
2935.86	227
2936.34	236
2936.81	215
2937.29	225
2937.77	226
2938.24	211
2938.72	204
2939.2	216
2939.67	198
2940.15	204
2940.63	179
2941.1	196
2941.58	184
2942.05	183
2942.53	171
2943.01	164
2943.48	172
2943.96	164
2944.43	162
2944.91	151
2945.39	150
2945.86	154
2946.34	132
2946.81	135
2947.29	151
2947.76	137
2948.24	121
2948.71	127
2949.19	134
2949.66	123
2950.14	122
2950.61	123
2951.09	135
2951.56	128
2952.04	109
2952.51	116
2952.99	122
2953.46	116
2953.94	127
2954.41	119
2954.89	108
2955.36	103
2955.84	110
2956.31	109
2956.79	115
2957.26	126
2957.73	111
2958.21	116
2958.68	107
2959.16	102
2959.63	106
2960.11	118
2960.58	119
2961.05	103
2961.53	127
2962	120
2962.48	132
2962.95	120
2963.42	121
2963.9	120
2964.37	129
2964.84	128
2965.32	128
2965.79	148
2966.26	124
2966.74	129
2967.21	137
2967.68	159
2968.16	135
2968.63	161
2969.1	147
2969.58	139
2970.05	136
2970.52	140
2970.99	152
2971.47	142
2971.94	149
2972.41	141
2972.88	138
2973.36	142
2973.83	145.918
2974.3	134.753
2974.77	138.67
2975.25	146.266
2975.72	123.501
2976.19	142.392
2976.66	137.713
2977.14	119.965
2977.61	127.4
2978.08	124.22
2978.55	126.66
2979.02	116.802
2979.5	120.452
2979.97	116.538
2980.44	110.762
2980.91	112.117
2981.38	109.068
2981.85	108.58
2982.33	109.533
2982.8	107.916
2983.27	99.2927
2983.74	99.7932
2984.21	105.305
2984.68	93.7924
2985.15	106.837
2985.63	93.4741
2986.1	93.8695
2986.57	98.2723
2987.04	87.3923
2987.51	82.312
2987.98	88.7656
2988.45	92.9635
2988.92	88.8246
2989.39	83.4246
2989.86	96.7173
2990.33	85.8071
2990.81	85.919
2991.28	76.2484
2991.75	79.9133
2992.22	81.1373
2992.69	78.0568
2993.16	80.163
2993.63	72.7255
2994.1	68.2954
2994.57	73.9633
2995.04	78.0674
2995.51	72.0997
2995.98	73.0556
2996.45	73.6873
2996.92	67.3515
2997.39	67.4242
2997.86	59.4553
2998.33	63.0021
2998.8	67.6436
2999.27	66.9897
2999.74	62.8865
3000.21	66.3711
3000.68	65.4995
3001.15	65.711
3001.61	64.2607
3002.08	66.9958
3002.55	67.1129
3003.02	63.1567
3003.49	56.7254
3003.96	61.5328
3004.43	68.0727
3004.9	60.9188
3005.37	61.5651
3005.84	60.2987
3006.31	62.6998
3006.77	56.9668
3007.24	64.7189
3007.71	57.143
3008.18	57.8644
3008.65	58.4879
3009.12	62.0121
3009.59	61.9511
3010.05	56.2683
3010.52	61.5826
3010.99	62.7228
3011.46	57.161
3011.93	55.2593
3012.4	57.7708
3012.86	56.7093
3013.33	56.905
3013.8	60.3402
3014.27	59.8262
3014.74	58.2604
3015.2	58.0617
3015.67	59.7675
3016.14	56.4517
3016.61	53.6465
3017.07	54.0335
3017.54	58.4806
3018.01	58.951
3018.48	59.8632
3018.95	55.8058
3019.41	53.4803
3019.88	53.2205
3020.35	51.0594
3020.81	53.5417
3021.05	56
3021.52	53
3021.99	64
3022.46	54
3022.93	58
3023.4	53
3023.87	59
3024.34	56
3024.81	57
3025.28	55
3025.75	59
3026.22	56
3026.69	59
3027.16	55
3027.63	56
3028.1	71
3028.57	50
3029.04	59
3029.51	59
3029.98	65
3030.44	66
3030.91	58
3031.38	66
3031.85	55
3032.32	55
3032.79	47
3033.26	50
3033.73	59
3034.2	60
3034.67	62
3035.14	60
3035.6	52
3036.07	60
3036.54	49
3037.01	49
3037.48	59
3037.95	53
3038.42	52
3038.89	51
3039.35	66
3039.82	55
3040.29	50
3040.76	49
3041.23	55
3041.7	55
3042.16	50
3042.63	55
3043.1	55
3043.57	50.5
3044.04	46
3044.5	50
3044.97	48
3045.44	50
3045.91	47
3046.37	51
3046.84	50
3047.31	49
3047.78	57
3048.24	45
3048.71	52
3049.18	47.5
3049.65	43
3050.11	47
3050.58	49
3051.05	58
3051.52	48
3051.98	43
3052.45	42
3052.92	44
3053.38	44
3053.85	42
3054.32	48
3054.78	56
3055.25	54
3055.72	56
3056.18	55
3056.65	48
3057.12	55
3057.58	51
3058.05	55
3058.52	51
3058.98	50
3059.45	47
3059.91	54
3060.38	61
3060.85	47
3061.31	55
3061.78	50
3062.25	54
3062.71	50
3063.18	54
3063.64	60
3064.11	62
3064.57	54
3065.04	61
3065.5	57
3065.97	50
3066.44	59
3066.9	52
3067.37	52
3067.83	48
3068.3	50
3068.76	54
3069.23	57
3069.69	50
3070.16	53
3070.62	55
3071.09	53
3071.55	58
3072.02	52
3072.48	49
3072.95	57
3073.41	52
3073.88	44
3074.34	51
3074.8	49
3075.27	51
3075.73	56
3076.2	59
3076.66	57
3077.13	51
3077.59	48
3078.06	59
3078.52	55
3078.98	59
3079.45	45
3079.91	46
3080.38	51
3080.84	61
3081.3	55
3081.77	50
3082.23	50
3082.69	52
3083.16	52
3083.62	53
3084.09	46
3084.55	53
3085.01	44
3085.48	55
3085.94	52
3086.4	48
3086.87	55
3087.33	45
3087.79	47
3088.26	52
3088.72	58
3089.18	44
3089.64	53
3090.11	56
3090.57	52
3091.03	59
3091.5	50
3091.96	53
3092.42	44
3092.88	47
3093.35	48
3093.81	56
3094.27	56
3094.73	54
3095.19	50
3095.66	49
3096.12	43
3096.58	47
3097.04	48
3097.51	52
3097.97	51
3098.43	55
3098.89	42
3099.35	59
3099.82	44
3100.28	56
3100.74	57
3101.2	49
3101.66	51
3102.12	48
3102.59	49
3103.05	54
3103.51	52
3103.97	53
3104.43	52
3104.89	51
3105.35	54
3105.81	55
3106.28	48
3106.74	58
3107.2	59
3107.66	61
3108.12	51
3108.58	53
3109.04	57
3109.5	56
3109.96	43
3110.42	47
3110.88	48
3111.34	49
3111.8	53
3112.26	56
3112.73	55
3113.19	58
3113.65	46
3114.11	45
3114.57	45
3115.03	51
3115.49	52
3115.95	54
3116.41	53
3116.87	49
3117.33	49
3117.79	51
3118.25	61
3118.71	53
3119.17	51
3119.63	63
3120.09	54
3120.55	50
3121	51
3121.46	45
3121.92	45
3122.38	51
3122.84	52
3123.3	53
3123.76	51
3124.22	58
3124.68	49
3125.14	52
3125.6	57
3126.06	51
3126.51	47
3126.97	52
3127.43	42
3127.89	50
3128.35	49
3128.81	48
3129.27	55
3129.73	52
3130.18	50
3130.64	44
3131.1	49
3131.56	45
3132.02	48
3132.48	45
3132.93	41
3133.39	47
3133.85	50
3134.31	51
3134.77	40
3135.22	43
3135.68	44
3136.14	45
3136.6	52
3137.06	56
3137.51	45
3137.97	51
3138.43	52
3138.89	42
3139.34	48
3139.8	50
3140.26	52
3140.72	48
3141.17	47
3141.63	44
3142.09	45
3142.54	48
3143	46
3143.46	48
3143.91	51
3144.37	44
3144.83	40
3145.29	56
3145.74	63
3146.2	49
3146.66	51
3147.11	53
3147.57	44
3148.03	49
3148.48	46
3148.94	53
3149.39	43
3149.85	61
3150.31	51
3150.76	54
3151.22	55
3151.68	41
3152.13	56
3152.59	53
3153.04	56
3153.5	51
3153.96	56
3154.41	52
3154.87	49
3155.32	49
3155.78	51
3156.23	50
3156.69	48
3157.15	49
3157.6	50
3158.06	54
3158.51	52
3158.97	49
3159.42	51
3159.88	52
3160.33	43
3160.79	56
3161.24	46
3161.7	54
3162.15	43
3162.61	54
3163.06	42
3163.52	49
3163.97	51
3164.43	44
3164.88	55
3165.34	51
3165.79	46
3166.25	53
3166.7	46
3167.16	55
3167.61	48
3168.06	50
3168.52	46
3168.97	45
3169.43	52
3169.88	48
3170.34	43
3170.79	46
3171.24	50
3171.7	54
3172.15	48
3172.6	53
3173.06	45
3173.51	56
3173.97	52
3174.42	54
3174.87	45
3175.33	42
3175.78	40
3176.23	47
3176.69	58
3177.14	49
3177.59	48
3178.05	49
3178.5	52
3178.95	46
3179.41	50
3179.86	52
3180.31	45
3180.77	45
3181.22	52
3181.67	42
3182.12	44
3182.58	51
3183.03	44
3183.48	47
3183.93	46
3184.39	48
3184.84	42
3185.29	49
3185.75	56
3186.2	45
3186.65	51
3187.1	47
3187.55	41
3188.01	56
3188.46	49
3188.91	47
3189.36	48
3189.81	47
3190.27	52
3190.72	53
3191.17	49
3191.62	46
3192.07	56
3192.53	50
3192.98	44
3193.43	55
3193.88	41
3194.33	52
3194.78	47
3195.23	55
3195.69	45
3196.14	43
3196.59	44
3197.04	55
3197.49	52
3197.94	50
3198.39	52
3198.84	43
3199.3	56
3199.75	49
3200.2	51
3200.65	56
3201.1	46
3201.55	51
3202	47
3202.45	54
3202.9	50
3203.35	53
3203.8	51
3204.25	50
3204.7	58
3205.15	52
3205.6	41
3206.05	47
3206.5	54
3206.95	46
3207.4	58
3207.85	46
3208.3	53
3208.75	48
3209.2	45
3209.65	45
3210.1	51
3210.55	48
3211	43
3211.45	49
3211.9	47
3212.35	44
3212.8	56
3213.25	48
3213.7	48
3214.15	49
3214.6	43
3215.05	49
3215.5	50
3215.95	48
3216.4	53
3216.84	52
3217.29	57
3217.74	45
3218.19	48
3218.64	52
3219.09	49
3219.54	50
3219.99	52
3220.43	49
3220.88	53
3221.33	52
3221.78	45
3222.23	50
3222.68	43
3223.13	49
3223.57	57
3224.02	48
3224.47	54
3224.92	54
3225.37	52
3225.81	50
3226.26	47
3226.71	54
3227.16	40
3227.61	52
3228.05	51
3228.5	44
3228.95	51
3229.4	49
3229.84	45
3230.29	54
3230.74	54
3231.19	47
3231.64	48
3232.08	49
3232.53	51
3232.98	48
3233.42	52
3233.87	51
3234.32	47
3234.76	48
3235.21	54
3235.66	38
3236.11	49
3236.55	52
3237	48
3237.45	45
3237.89	49
3238.34	46
3238.79	55
3239.23	51
3239.68	57
3240.13	54
3240.57	51
3241.02	46
3241.47	44
3241.91	50
3242.36	46
3242.81	53
3243.25	46
3243.7	47
3244.14	48
3244.59	48
3245.03	45
3245.48	44
3245.93	50
3246.37	46
3246.82	59
3247.26	49
3247.71	49
3248.16	38
3248.6	51
3249.05	52
3249.49	48
3249.94	46
3250.38	54
3250.83	50
3251.27	52
3251.72	45
3252.16	46
3252.61	50
3253.05	52
3253.5	48
3253.94	52
3254.39	47
3254.83	41
3255.28	49
3255.72	51
3256.17	51
3256.61	35
3257.06	49
3257.5	45
3257.95	55
3258.39	40
3258.84	52
3259.28	53
3259.72	48
3260.17	43
3260.61	53
3261.06	45
3261.5	52
3261.95	49
3262.39	47
3262.83	51
3263.28	48
3263.72	46
3264.17	48
3264.61	56
3265.05	46
3265.5	47
3265.94	48
3266.38	46
3266.83	41
3267.27	43
3267.72	41
3268.16	48
3268.6	47
3269.05	53
3269.49	48
3269.93	44
3270.38	52
3270.82	48
3271.26	45
3271.71	48
3272.15	52
3272.59	52
3273.03	42
3273.48	46
3273.92	50
3274.36	46
3274.81	47
3275.25	46
3275.69	55
3276.13	45
3276.58	53
3277.02	47
3277.46	48
3277.9	48
3278.34	58
3278.79	59
3279.23	51
3279.67	54
3280.11	48
3280.56	46
3281	51
3281.44	45
3281.88	39
3282.32	48
3282.77	47
3283.21	51
3283.65	49
3284.09	46
3284.53	47
3284.98	56
3285.42	57
3285.86	50
3286.3	55
3286.74	47
3287.18	42
3287.62	48
3288.06	45
3288.51	52
3288.95	54
3289.39	57
3289.83	42
3290.27	56
3290.71	44
3291.15	49
3291.59	43
3292.03	51
3292.48	49
3292.92	51
3293.36	46
3293.8	48
3294.24	51
3294.68	54
3295.12	46
3295.56	49
3296	45
3296.44	47
3296.88	49
3297.32	48
3297.76	46
3298.2	46
3298.64	52
3299.08	38
3299.52	41
3299.96	46
3300.4	43
3300.84	46
3301.28	51
3301.72	45
3302.16	45
3302.6	36
3303.04	49
3303.48	48
3303.92	40
3304.36	41
3304.8	44
3305.24	46
3305.68	50
3306.12	46
3306.56	45
3307	39
3307.44	51
3307.87	46
3308.31	40
3308.75	42
3309.19	45
3309.63	45
3310.07	46
3310.51	47
3310.95	47
3311.39	44
3311.82	46
3312.26	50
3312.7	44
3313.14	46
3313.58	48
3314.02	44
3314.46	49
3314.89	50
3315.33	43
3315.77	43
3316.21	46
3316.65	43
3317.09	46
3317.52	46
3317.96	47
3318.4	53
3318.84	40
3319.28	45
3319.71	51
3320.15	55
3320.59	52
3321.03	50
3321.46	49
3321.9	47
3322.34	41
3322.78	42
3323.22	46
3323.65	48
3324.09	54
3324.53	51
3324.96	54
3325.4	55
3325.84	41
3326.28	51
3326.71	44
3327.15	50
3327.59	46
3328.02	41
3328.46	45
3328.9	48
3329.33	49
3329.77	48
3330.21	50
3330.65	48
3331.08	53
3331.52	58
3331.95	53
3332.39	46
3332.83	45
3333.26	45
3333.7	47
3334.14	52
3334.57	48
3335.01	51
3335.44	38
3335.88	50
3336.32	47
3336.75	50
3337.19	47
3337.63	45
3338.06	50
3338.5	50
3338.93	49
3339.37	46
3339.8	46
3340.24	45
3340.68	52
3341.11	46
3341.55	50
3341.98	42
3342.42	43
3342.85	50
3343.29	47
3343.72	43
3344.16	42
3344.59	48
3345.03	57
3345.46	42
3345.9	47
3346.33	49
3346.77	53
3347.2	40
3347.64	46
3348.07	45
3348.51	43
3348.94	49
3349.38	52
3349.81	41
3350.25	41
3350.68	47
3351.12	46
3351.55	52
3351.99	44
3352.42	41
3352.85	49
3353.29	49
3353.72	51
3354.16	47
3354.59	45
3355.02	51
3355.46	50
3355.89	45
3356.33	42
3356.76	50
3357.19	44
3357.63	52
3358.06	42
3358.49	46
3358.93	45
3359.36	46
3359.8	53
3360.23	41
3360.66	51
3361.1	57
3361.53	43
3361.96	48
3362.4	43
3362.83	44
3363.26	38
3363.7	53
3364.13	47
3364.56	45
3364.99	48
3365.43	42
3365.86	57
3366.29	44
3366.73	42
3367.16	49
3367.59	45
3368.02	43
3368.46	46
3368.89	45
3369.32	50
3369.75	47
3370.19	46
3370.62	45
3371.05	49
3371.48	43
3371.92	51
3372.35	47
3372.78	51
3373.21	51
3373.64	48
3374.08	47
3374.51	45
3374.94	50
3375.37	51
3375.8	42
3376.24	39
3376.67	41
3377.1	41
3377.53	45
3377.96	48
3378.39	47
3378.82	55
3379.26	47
3379.69	43
3380.12	46
3380.55	37
3380.98	46
3381.41	47
3381.84	48
3382.28	50
3382.71	43
3383.14	40
3383.57	47
3384	48
3384.43	46
3384.86	49
3385.29	50
3385.72	37
3386.15	44
3386.58	39
3387.02	40
3387.45	44
3387.88	50
3388.31	51
3388.74	56
3389.17	47
3389.6	49
3390.03	41
3390.46	46
3390.89	38
3391.32	50.7876
3391.75	49.902
3392.18	42.1771
3392.61	48.1905
3393.04	49.97
3393.47	49.0044
3393.9	45.2673
3394.33	41.5271
3394.76	49.5963
3395.19	43.9665
3395.62	46.3274
3396.05	46.3009
3396.48	48.7717
3396.91	47.1338
3397.34	48.3636
3397.76	44.3083
3398.19	44.7621
3398.62	47.0054
3399.05	50.3879
3399.48	41.6455
3399.91	40.2429
3400.34	50.6879
3400.77	49.091
3401.2	47.6619
3401.63	44.2876
3402.06	45.645
3402.49	45.7782
3402.91	44.0881
3403.34	43.0721
3403.77	47.9103
3404.2	44.7241
3404.63	44.1434
3405.06	41.7975
3405.49	47.2794
3405.92	43.171
3406.34	44.2347
3406.77	44.3992
3407.2	46.141
3407.63	48.0424
3408.06	45.7741
3408.49	47.152
3408.91	49.1987
3409.34	47.0882
3409.77	47.3718
3410.2	46.9794
3410.63	52.18
3411.05	45.3766
3411.48	43.904
3411.91	48.7375
3412.34	44.8437
3412.77	51.6802
3413.19	44.8546
3413.62	41.5246
3414.05	46.069
3414.48	43.3676
3414.9	46.0639
3415.33	45.0735
3415.76	46.6686
3416.19	45.3333
3416.61	45.6976
3417.04	44.183
3417.47	45.5263
3417.9	45.1825
3418.32	44.5357
3418.75	46.5064
3419.18	48.6163
3419.61	47.8858
3420.03	46.8307
3420.46	47.322
3420.89	44.7624
3421.31	43.3067
3421.74	44.513
3422.17	42.9624
3422.59	40.5423
3423.02	38.2617
3423.45	46.6
3423.87	43.4206
3424.3	45.3088
3424.73	44.3351
3425.15	42
3425.58	43.5068
3426.01	53.4063
3426.43	44.1569
3426.86	46.5081
3427.28	39.9886
3427.71	44.3227
3428.14	50.3423
3428.56	41.1924
3428.99	45.6088
3429.42	49.3675
3429.84	51.8295
3430.27	42.8265
3430.69	42.8006
3431.12	43.9376
3431.54	37.8206
3431.97	43.4791
3432.4	53.5162
3432.82	46.4891
3433.25	50.6468
3433.67	44.7948
3434.1	42.1373
3434.52	48
3434.95	39
3435.37	40
3435.8	39
3436.23	47
3436.66	46
3437.09	44
3437.51	45
3437.94	47
3438.37	43
3438.8	45
3439.23	45
3439.66	42
3440.08	42
3440.51	40
3440.94	43
3441.37	44
3441.79	51
3442.22	46
3442.65	48
3443.08	41
3443.51	43
3443.93	42
3444.36	51
3444.79	42
3445.22	50
3445.64	44
3446.07	41
3446.5	54
3446.92	50
3447.35	50
3447.78	43
3448.21	50
3448.63	45
3449.06	44
3449.49	49
3449.91	45
3450.34	47
3450.77	45
3451.19	53
3451.62	41
3452.05	37
3452.47	42
3452.9	48
3453.33	42
3453.75	51
3454.18	48
3454.61	48
3455.03	48
3455.46	43
3455.89	39
3456.31	47
3456.74	43
3457.16	49
3457.59	44
3458.02	45
3458.44	43
3458.87	51
3459.29	40
3459.72	36
3460.15	32
3460.57	40
3461	50
3461.42	50
3461.85	46
3462.27	45
3462.7	47
3463.13	45
3463.55	48
3463.98	41
3464.4	41
3464.83	41
3465.25	51
3465.68	49
3466.1	42
3466.53	48
3466.95	45
3467.38	42
3467.8	43
3468.23	45
3468.65	47
3469.08	45
3469.5	40
3469.93	46
3470.35	45
3470.78	48
3471.2	44
3471.63	42
3472.05	42
3472.48	45
3472.9	57
3473.32	42
3473.75	46
3474.17	49
3474.6	42
3475.02	44
3475.45	34
3475.87	42
3476.29	49
3476.72	52
3477.14	45
3477.57	44
3477.99	54
3478.41	47
3478.84	47
3479.26	46
3479.69	49
3480.11	45
3480.53	42
3480.96	42
3481.38	50
3481.8	52
3482.23	47
3482.65	46
3483.07	44
3483.5	47
3483.92	51
3484.34	42
3484.77	47
3485.19	44
3485.61	44
3486.04	53
3486.46	43
3486.88	43
3487.31	50
3487.73	47
3488.15	49
3488.57	42
3489	47
3489.42	42
3489.84	47
3490.27	42
3490.69	45
3491.11	49
3491.53	46
3491.96	51
3492.38	45
3492.8	41
3493.22	58
3493.64	44
3494.07	39
3494.49	45
3494.91	52
3495.33	42
3495.76	48
3496.18	42
3496.6	43
3497.02	44
3497.44	46
3497.86	41
3498.29	50
3498.71	44
3499.13	47
3499.55	51
3499.97	48
3500.4	52
3500.82	42
3501.24	41
3501.66	50
3502.08	36
3502.5	41
3502.92	47
3503.34	48
3503.77	42
3504.19	48
3504.61	43
3505.03	44
3505.45	46
3505.87	45
3506.29	51
3506.71	51
3507.14	46
3507.56	42
3507.98	48
3508.4	52
3508.82	47
3509.24	38
3509.66	38
3510.08	44
3510.5	41
3510.92	40
3511.34	45
3511.76	44
3512.18	46
3512.6	49
3513.02	49
3513.44	45
3513.86	40
3514.28	48
3514.7	46
3515.12	41
3515.54	45
3515.96	42
3516.38	42
3516.8	45
3517.22	46
3517.64	48
3518.06	42
3518.48	45
3518.9	39
3519.32	45
3519.74	39
3520.16	48
3520.58	35
3521	45
3521.42	44
3521.84	56
3522.26	46
3522.68	40
3523.09	42
3523.51	46
3523.93	52
3524.35	42
3524.77	47
3525.19	54
3525.61	47
3526.03	48
3526.45	50
3526.87	51
3527.28	39
3527.7	42
3528.12	53
3528.54	42
3528.96	44
3529.38	52
3529.8	39
3530.21	47
3530.63	47
3531.05	48
3531.47	49
3531.89	42
3532.31	50
3532.72	40
3533.14	45
3533.56	42
3533.98	53
3534.4	49
3534.81	42
3535.23	43
3535.65	46
3536.07	42
3536.49	43
3536.9	47
3537.32	48
3537.74	44
3538.16	49
3538.57	47
3538.99	43
3539.41	46
3539.83	52
3540.24	44
3540.66	41
3541.08	46
3541.5	44
3541.91	45
3542.33	48
3542.75	43
3543.16	47
3543.58	41
3544	47
3544.42	44
3544.83	53
3545.25	44
3545.67	43
3546.08	40
3546.5	45
3546.92	41
3547.33	44
3547.75	41
3548.17	51
3548.58	50
3549	47
3549.41	37
3549.83	44
3550.25	55
3550.66	41
3551.08	34
3551.5	50
3551.91	46
3552.33	38
3552.74	45
3553.16	47
3553.58	42
3553.99	46
3554.41	47
3554.82	46
3555.24	45
3555.66	41
3556.07	46
3556.49	50
3556.9	39
3557.32	47
3557.73	45
3558.15	42
3558.57	45
3558.98	51
3559.4	38
3559.81	49
3560.23	45
3560.64	48
3561.06	45
3561.47	42
3561.89	45
3562.3	54
3562.72	49
3563.13	55
3563.55	45
3563.96	47
3564.38	45
3564.79	49
3565.21	48
3565.62	41
3566.04	47
3566.45	44
3566.86	48
3567.28	50
3567.69	47
3568.11	47
3568.52	41
3568.94	57
3569.35	41
3569.77	46
3570.18	44
3570.59	41
3571.01	52
3571.42	51
3571.84	47
3572.25	42
3572.66	44
3573.08	47
3573.49	46
3573.91	42
3574.32	57
3574.73	50
3575.15	49
3575.56	46
3575.97	49
3576.39	39
3576.8	55
3577.22	46
3577.63	41
3578.04	39
3578.46	52
3578.87	43
3579.28	36
3579.7	43
3580.11	49
3580.52	50
3580.93	47
3581.35	45
3581.76	41
3582.17	45
3582.59	48
3583	45
3583.41	43
3583.83	46
3584.24	39
3584.65	41
3585.06	37
3585.48	47
3585.89	43
3586.3	40
3586.71	47
3587.13	41
3587.54	36
3587.95	44
3588.36	40
3588.78	44
3589.19	47
3589.6	42
3590.01	46
3590.42	47
3590.84	49
3591.25	42
3591.66	44
3592.07	46
3592.48	41
3592.9	45
3593.31	50
3593.72	49
3594.13	35
3594.54	36
3594.95	47
3595.37	37
3595.78	46
3596.19	42
3596.6	41
3597.01	48
3597.42	40
3597.84	52
3598.25	47
3598.66	43
3599.07	47
3599.48	47
3599.89	51
3600.3	49
3600.71	51
3601.12	44
3601.53	48
3601.95	41
3602.36	46
3602.77	41
3603.18	45
3603.59	47
3604	49
3604.41	54
3604.82	44
3605.23	50
3605.64	40
3606.05	47
3606.46	50
3606.87	39
3607.28	46
3607.69	42
3608.1	45
3608.51	52
3608.93	49
3609.33	51
3609.74	48
3610.15	59
3610.56	46
3610.97	54
3611.38	43
3611.79	42
3612.2	49
3612.61	46
3613.02	42
3613.43	47
3613.84	46
3614.25	51
3614.66	49
3615.07	48
3615.48	51
3615.89	52
3616.3	48
3616.71	56
3617.12	46
3617.53	56
3617.94	51
3618.35	51
3618.76	45
3619.16	50
3619.57	51
3619.98	47
3620.39	46
3620.8	49
3621.21	52
3621.62	51
3622.03	46
3622.44	45
3622.84	37
3623.25	49
3623.66	43
3624.07	51
3624.48	49
3624.89	46
3625.3	46
3625.7	43
3626.11	45
3626.52	42
3626.93	51
3627.34	50
3627.75	42
3628.15	48
3628.56	45
3628.97	51
3629.38	42
3629.79	41
3630.19	42
3630.6	47
3631.01	43
3631.42	45
3631.83	41
3632.23	45
3632.64	49
3633.05	44
3633.46	46
3633.86	49
3634.27	45
3634.68	46
3635.09	44
3635.49	46
3635.9	47
3636.31	40
3636.72	50
3637.12	42
3637.53	45
3637.94	41
3638.34	48
3638.75	50
3639.16	39
3639.56	41
3639.97	48
3640.38	41
3640.79	42
3641.19	50
3641.6	38
3642.01	43
3642.41	47
3642.82	50
3643.23	48
3643.63	46
3644.04	46
3644.45	44
3644.85	50
3645.26	45
3645.66	50
3646.07	50
3646.48	46
3646.88	47
3647.29	49
3647.69	45
3648.1	44
3648.51	43
3648.91	47
3649.32	51
3649.73	48
3650.13	44
3650.54	48
3650.94	52
3651.35	45
3651.75	41
3652.16	42
3652.57	50
3652.97	45
3653.38	52
3653.78	50
3654.19	52
3654.59	51
3655	47
3655.4	44
3655.81	48
3656.21	41
3656.62	47
3657.02	42
3657.43	52
3657.83	43
3658.24	45
3658.64	42
3659.05	51
3659.45	44
3659.86	39
3660.26	42
3660.67	44
3661.07	41
3661.48	54
3661.88	46
3662.29	52
3662.69	47
3663.1	48
3663.5	54
3663.9	42
3664.31	48
3664.71	54
3665.12	43
3665.52	47
3665.93	52
3666.33	51
3666.73	48
3667.14	45
3667.54	52
3667.95	50
3668.35	48
3668.75	40
3669.16	48
3669.56	48
3669.97	52
3670.37	46
3670.77	41
3671.18	45
3671.58	39
3671.98	44
3672.39	49
3672.79	49
3673.19	45
3673.6	44
3674	47
3674.4	46
3674.81	48
3675.21	43
3675.61	50
3676.02	49
3676.42	45
3676.82	45
3677.23	42
3677.63	48
3678.03	43
3678.44	55
3678.84	46
3679.24	49
3679.64	50
3680.05	44
3680.45	44
3680.85	55
3681.25	49
3681.66	42
3682.06	49
3682.46	49
3682.86	48
3683.27	50
3683.67	45
3684.07	49
3684.47	52
3684.88	47
3685.28	50
3685.68	53
3686.08	58
3686.48	51
3686.89	47
3687.29	50
3687.69	50
3688.09	50
3688.49	41
3688.9	39
3689.3	39
3689.7	62
3690.1	49
3690.5	46
3690.9	48
3691.3	45
3691.71	45
3692.11	48
3692.51	47
3692.91	45
3693.31	52
3693.71	55
3694.11	46
3694.52	49
3694.92	42
3695.32	51
3695.72	54
3696.12	50
3696.52	53
3696.92	49
3697.32	50
3697.72	51
3698.13	54
3698.53	55
3698.93	47
3699.33	52
3699.73	48
3700.13	52
3700.53	50
3700.93	49
3701.33	43
3701.73	46
3702.13	44
3702.53	52
3702.93	45
3703.33	42
3703.73	49
3704.13	48
3704.53	51
3704.93	45
3705.33	40
3705.73	55
3706.13	41
3706.53	40
3706.93	47
3707.33	44
3707.73	48
3708.13	47
3708.53	41
3708.93	56
3709.33	41
3709.73	44
3710.13	40
3710.53	47
3710.93	48
3711.33	54
3711.73	41
3712.13	44
3712.53	47
3712.93	40
3713.33	47
3713.73	50
3714.12	50
3714.52	51
3714.92	42
3715.32	40
3715.72	44
3716.12	44
3716.52	48
3716.92	42
3717.32	42
3717.71	43
3718.11	48
3718.51	48
3718.91	45
3719.31	46
3719.71	50
3720.11	39
3720.51	44
3720.9	42
3721.3	52
3721.7	46
3722.1	37
3722.5	47
3722.89	46
3723.29	42
3723.69	48
3724.09	55
3724.49	46
3724.89	50
3725.28	49
3725.68	41
3726.08	50
3726.48	46
3726.88	43
3727.27	44
3727.67	45
3728.07	51
3728.47	38
3728.86	40
3729.26	43
3729.66	49
3730.06	39
3730.45	45
3730.85	54
3731.25	49
3731.65	44
3732.04	48
3732.44	50
3732.84	44
3733.23	40
3733.63	51
3734.03	46
3734.43	57
3734.82	44
3735.22	48
3735.62	50
3736.01	44
3736.41	55
3736.81	48
3737.2	41
3737.6	53
3738	41
3738.39	45
3738.79	55
3739.19	48
3739.58	51
3739.98	50
3740.38	53
3740.77	44
3741.17	49
3741.57	49
3741.96	53
3742.36	38
3742.75	47
3743.15	49
3743.55	47
3743.94	47
3744.34	54
3744.74	49
3745.13	44
3745.53	44
3745.92	57
3746.32	52
3746.71	50
3747.11	44
3747.51	53
3747.9	49
3748.3	49
3748.69	54
3749.09	40
3749.48	47
3749.88	44
3750.27	44
3750.67	40
3751.06	52
3751.46	49
3751.86	49
3752.25	39
3752.65	54
3753.04	38
3753.44	43
3753.83	52
3754.23	52
3754.62	54
3755.02	49
3755.41	45
3755.81	44
3756.2	35
3756.6	52
3756.99	41
3757.38	44
3757.78	44
3758.17	50
3758.57	50
3758.96	52
3759.36	44
3759.75	45
3760.15	53
3760.54	45
3760.93	50
3761.33	47
3761.72	48
3762.12	49
3762.51	44
3762.9	41
3763.3	41
3763.69	43
3764.09	43
3764.48	48
3764.88	57
3765.27	54
3765.66	49
3766.06	53
3766.45	47
3766.84	44
3767.24	48
3767.63	46
3768.02	44
3768.42	44
3768.81	48
3769.2	43
3769.6	52
3769.99	52
3770.39	47
3770.78	53
3771.17	51
3771.56	49
3771.96	55
3772.35	58.91
3772.74	46.932
3773.14	36.4295
3773.53	47.1741
3773.92	52.865
3774.31	52.603
3774.71	55.22
3775.1	53.0948
3775.49	44.8923
3775.89	46.5462
3776.28	52.4381
3776.67	54.1145
3777.06	52.4181
3777.46	45.2306
3777.85	47.2263
3778.24	47.3048
3778.63	56.3809
3779.03	50.4594
3779.42	47.2907
3779.81	48.3184
3780.2	45.6822
3780.6	51.1517
3780.99	51.306
3781.38	43.8444
3781.77	48.9218
3782.16	48.388
3782.56	46.493
3782.95	46.6487
3783.34	42.8112
3783.73	47.23
3784.12	48.2903
3784.52	51.7645
3784.91	51.2323
3785.3	46.315
3785.69	47.4569
3786.08	48.6926
3786.47	37.8786
3786.87	41.3027
3787.26	43.8641
3787.65	44.2063
3788.04	43.2363
3788.43	43.1833
3788.82	46.8862
3789.21	43.9909
3789.61	39.555
3790	44.0947
3790.39	45.0777
3790.78	44.5655
3791.17	46.455
3791.56	49.0619
3791.95	42.1529
3792.34	38.7968
3792.73	46.8
3793.13	46.336
3793.52	45.667
3793.91	43.8702
3794.3	47.2429
3794.69	42.1166
3795.08	39.9619
3795.47	42.825
3795.86	44.9035
3796.25	45.8637
3796.64	45.375
3797.03	45.0115
3797.42	44.3883
3797.81	43.3798
3798.2	41.2444
3798.59	44.1475
3798.98	44.1201
3799.38	43.1941
3799.77	44.0134
3800.16	44.0061
3800.55	41.8916
3800.94	43.675
3801.33	46.1305
3801.72	43.17
3802.11	44.7585
3802.5	46.3923
3802.89	49.5196
3803.28	46.5596
3803.67	35.8634
3804.06	43.2598
3804.45	40.9874
3804.83	43.9608
3805.22	46.2148
3805.61	43.58
3806	42.6051
3806.39	39.125
3806.78	39.4328
3807.17	40.2693
3807.56	41.0855
3807.95	36.6242
3808.34	46.1933
3808.73	48.624
3809.12	45.9989
3809.51	46.7252
3809.9	45.3264
3810.29	46.8395
3810.68	43.2188
3811.07	45.0295
3811.45	47
3811.84	41
3812.23	44
3812.63	44
3813.02	43
3813.41	46
3813.8	43
3814.19	49
3814.58	44
3814.98	44
3815.37	49
3815.76	42
3816.15	48
3816.54	45
3816.93	46
3817.32	37
3817.71	53
3818.11	45
3818.5	56
3818.89	46
3819.28	43
3819.67	52
3820.06	45
3820.45	43
3820.84	51
3821.23	52
3821.63	38
3822.02	52
3822.41	43
3822.8	42
3823.19	47
3823.58	43
3823.97	46
3824.36	47
3824.75	47
3825.14	42
3825.53	50
3825.92	49
3826.31	49
3826.7	51
3827.09	48
3827.48	48
3827.87	47
3828.26	47
3828.66	53
3829.04	41
3829.44	48
3829.83	45
3830.22	41
3830.61	45
3830.99	49
3831.39	47
3831.78	46
3832.16	40
3832.55	37
3832.94	52
3833.33	46
3833.72	41
3834.11	50
3834.5	49
3834.89	42
3835.28	43
3835.67	44
3836.06	41
3836.45	56
3836.84	43
3837.23	41
3837.62	38
3838.01	47
3838.4	45
3838.79	49
3839.17	46
3839.56	42
3839.95	43
3840.34	47
3840.73	45
3841.12	46
3841.51	47
3841.9	50
3842.29	43
3842.67	44
3843.06	49
3843.45	36
3843.84	41
3844.23	48
3844.62	39
3845.01	44
3845.4	49
3845.78	47
3846.17	49
3846.56	44
3846.95	50
3847.34	34
3847.72	46
3848.11	51
3848.5	43
3848.89	46
3849.28	55
3849.67	38
3850.05	42
3850.44	41
3850.83	35
3851.22	46
3851.61	47
3851.99	45
3852.38	56
3852.77	48
3853.16	47
3853.54	48
3853.93	55
3854.32	47
3854.71	45
3855.09	44
3855.48	43
3855.87	43
3856.26	52
3856.64	44
3857.03	48
3857.42	58
3857.81	52
3858.19	49
3858.58	46
3858.97	47
3859.35	48
3859.74	50
3860.13	48
3860.51	42
3860.9	55
3861.29	46
3861.67	50
3862.06	43
3862.45	52
3862.84	46
3863.22	40
3863.61	49
3864	48
3864.38	55
3864.77	45
3865.16	49
3865.54	54
3865.93	49
3866.31	50
3866.7	48
3867.09	51
3867.47	48
3867.86	43
3868.25	48
3868.63	53
3869.02	50
3869.4	54
3869.79	40
3870.18	49
3870.56	45
3870.95	49
3871.33	46
3871.72	39
3872.1	54
3872.49	47
3872.88	43
3873.26	46
3873.65	45
3874.03	46
3874.42	44
3874.8	49
3875.19	41
3875.57	44
3875.96	41
3876.35	48
3876.73	43
3877.12	45
3877.5	46
3877.89	45
3878.27	43
3878.66	50
3879.04	40
3879.43	49
3879.81	42
3880.2	39
3880.58	51
3880.97	46
3881.35	45
3881.74	49
3882.12	49
3882.51	38
3882.89	41
3883.27	40
3883.66	37
3884.04	47
3884.43	48
3884.81	47
3885.2	40
3885.58	42
3885.97	47
3886.35	43
3886.73	39
3887.12	41
3887.5	45
3887.89	36
3888.27	48
3888.65	39
3889.04	47
3889.42	44
3889.81	46
3890.19	43
3890.57	46
3890.96	47
3891.34	44
3891.73	60
3892.11	45
3892.49	48
3892.88	43
3893.26	40
3893.64	51
3894.03	50
3894.41	50
3894.79	40
3895.18	45
3895.56	47
3895.94	42
3896.33	54
3896.71	50
3897.09	46
3897.48	45
3897.86	38
3898.24	48
3898.63	51
3899.01	49
3899.39	49
3899.78	50
3900.16	50
3900.54	49
3900.92	43
3901.31	49
3901.69	49
3902.07	56
3902.46	57
3902.84	45
3903.22	51
3903.6	55
3903.99	49
3904.37	41
3904.75	51
3905.13	58
3905.52	47
3905.9	49
3906.28	46
3906.66	48
3907.04	52
3907.43	49
3907.81	48
3908.19	50
3908.57	48
3908.96	46
3909.34	46
3909.72	49
3910.1	47
3910.48	49
3910.86	51
3911.25	43
3911.63	54
3912.01	49
3912.39	55
3912.77	43
3913.15	52
3913.54	44
3913.92	46
3914.3	46
3914.68	50
3915.06	50
3915.44	42
3915.82	44
3916.21	54
3916.59	43
3916.97	51
3917.35	50
3917.73	52
3918.11	46
3918.49	46
3918.87	52
3919.25	47
3919.64	48
3920.02	38
3920.4	44
3920.78	46
3921.16	41
3921.54	44
3921.92	49
3922.3	47
3922.68	54
3923.06	47
3923.44	42
3923.82	47
3924.2	45
3924.58	40
3924.96	46
3925.34	39
3925.72	47
3926.1	44
3926.49	50
3926.87	53
3927.25	39
3927.63	41
3928.01	44
3928.39	37
3928.77	43
3929.15	46
3929.53	40
3929.91	38
3930.29	47
3930.67	49
3931.05	45
3931.43	48
3931.8	45
3932.18	48
3932.56	45
3932.94	43
3933.32	44
3933.7	40
3934.08	48
3934.46	56
3934.84	45
3935.22	50
3935.6	40
3935.98	46
3936.36	45
3936.74	45
3937.12	50
3937.5	50
3937.87	48
3938.25	48
3938.63	50
3939.01	44
3939.39	49
3939.77	49
3940.15	45
3940.53	43
3940.91	41
3941.28	47
3941.66	50
3942.04	42
3942.42	51
3942.8	47
3943.18	49
3943.56	44
3943.93	42
3944.31	48
3944.69	44
3945.07	52
3945.45	48
3945.83	51
3946.2	43
3946.58	53
3946.96	44
3947.34	53
3947.72	52
3948.1	48
3948.47	45
3948.85	56
3949.23	50
3949.61	54
3949.98	49
3950.36	43
3950.74	47
3951.12	49
3951.5	45
3951.87	47
3952.25	40
3952.63	50
3953.01	47
3953.38	50
3953.76	42
3954.14	47
3954.52	45
3954.89	50
3955.27	52
3955.65	47
3956.03	49
3956.4	45
3956.78	46
3957.16	51
3957.53	47
3957.91	41
3958.29	45
3958.66	42
3959.04	50
3959.42	46
3959.8	39
3960.17	44
3960.55	48
3960.93	39
3961.3	43
3961.68	49
3962.06	46
3962.43	39
3962.81	37
3963.19	36
3963.56	41
3963.94	42
3964.31	50
3964.69	40
3965.07	49
3965.44	42
3965.82	44
3966.2	45
3966.57	40
3966.95	48
3967.32	47
3967.7	51
3968.08	47
3968.45	47
3968.83	51
3969.2	45
3969.58	48
3969.96	47
3970.33	49
3970.71	51
3971.08	45
3971.46	49
3971.83	52
3972.21	55
3972.59	56
3972.96	47
3973.34	48
3973.71	44
3974.09	54
3974.46	40
3974.84	44
3975.21	52
3975.59	49
3975.96	53
3976.34	52
3976.71	58
3977.09	43
3977.46	54
3977.84	53
3978.21	63
3978.59	44
3978.96	60
3979.34	45
3979.71	49
3980.09	50
3980.46	55
3980.84	58
3981.21	49
3981.59	55
3981.96	50
3982.34	45
3982.71	43
3983.09	49
3983.46	55
3983.83	40
3984.21	54
3984.58	48
3984.96	45
3985.33	50
3985.71	50
3986.08	45
3986.45	43
3986.83	48
3987.2	45
3987.58	44
3987.95	49
3988.32	45
3988.7	51
3989.07	49
3989.45	45
3989.82	45
3990.19	46
3990.57	50
3990.94	48
3991.31	49
3991.69	41
3992.06	45
3992.44	42
3992.81	52
3993.18	46
3993.56	40
3993.93	49
3994.3	44
3994.68	40
3995.05	49
3995.42	44
3995.8	44
3996.17	45
3996.54	48
3996.91	42
3997.29	39
3997.66	45
3998.03	46
3998.41	49
3998.78	47
3999.15	44
3999.53	38
3999.9	41
