100.791	1454
101.61	1454
102.429	1471
103.248	1469
104.067	1493
104.885	1451
105.703	1456
106.523	1453
107.341	1405
108.158	1414
108.976	1405
109.795	1380
110.612	1356
111.43	1345
112.248	1379
113.066	1328
113.883	1348
114.7	1368
115.518	1382
116.335	1369
117.151	1321
117.968	1365
118.784	1317
119.602	1354
120.418	1293
121.234	1332
122.05	1290
122.866	1289
123.682	1268
124.499	1230
125.315	1303
126.13	1237
126.946	1291
127.761	1243
128.576	1263
129.391	1273
130.206	1266
131.021	1256
131.836	1275
132.651	1253
133.467	1213
134.281	1248
135.096	1223
135.91	1279
136.724	1279
137.538	1228
138.352	1273
139.166	1237
139.98	1202
140.793	1262
141.607	1228
142.419	1244
143.233	1206
144.046	1192
144.859	1250
145.672	1227
146.485	1174
147.298	1202
148.111	1255
148.923	1269
149.736	1238
150.548	1271
151.36	1254
152.172	1279
152.984	1250
153.796	1289
154.608	1255
155.42	1274
156.23	1201
157.042	1226
157.853	1223
158.665	1184
159.475	1233
160.286	1191
161.097	1199
161.908	1196
162.718	1224
163.529	1171
164.339	1157
165.15	1199
165.959	1175
166.77	1193
167.58	1219
168.389	1191
169.199	1182
170.009	1173
170.818	1150
171.628	1193
172.437	1152
173.246	1187
174.055	1170
174.863	1187
175.673	1160
176.482	1134
177.29	1144
178.099	1126
178.906	1111
179.715	1102
180.523	1138
181.331	1165
182.139	1149
182.947	1155
183.755	1139
184.562	1104
185.37	1164
186.177	1102
186.984	1143
187.791	1145
188.598	1114
189.405	1089
190.211	1150
191.018	1142
191.825	1142
192.632	1119
193.438	1113
194.243	1104
195.05	1106
195.856	1051
196.662	1084
197.467	1085
198.273	1129
199.079	1150
199.884	1087
200.689	1091
201.495	1106
202.3	1084
203.104	1140
203.91	1089
204.714	1061
205.519	1066
206.323	1073
207.128	1125
207.932	1115
208.736	1059
209.54	1072
210.345	1062
211.148	1060
211.952	1077
212.755	1038
213.559	1080
214.363	1060
215.166	1039
215.969	1048
216.772	1093
217.575	1084
218.378	1097
219.181	1079
219.984	1061
220.786	1056
221.588	1050
222.391	1061
223.193	1057
223.995	1059
224.797	1061
225.598	1061
226.4	1101
227.202	1072
228.003	1055
228.805	1064
229.606	1073
230.407	1090
231.208	1134
232.009	1046
232.81	1064
233.611	1055
234.411	1068
235.212	1057
236.012	1083
236.813	1074
237.613	1079
238.413	1051
239.213	1059
240.013	1049
240.813	1094
241.613	1040
242.412	1073
243.211	1041
244.011	1092
244.81	1034
245.609	1018
246.408	1038
247.206	1042
248.005	1070
248.804	1065
249.603	1062
250.401	1093
251.199	1057
251.997	1062
252.796	1072
253.594	1038
254.391	1103
255.189	1041
255.987	1081
256.785	1034
257.582	1071
258.379	1046
259.177	1015
259.973	1098
260.77	1100
261.568	1070
262.364	1011
263.161	1047
263.958	1073
264.754	1041
265.55	1056
266.346	1112
267.142	1077
267.939	1074
268.734	1073
269.53	1104
270.325	1138
271.121	1071
271.916	1140
272.712	1130
273.507	1062
274.302	1121
275.097	1105
275.892	1159
276.687	1146
277.482	1133
278.276	1135
279.071	1170
279.865	1155
280.659	1167
281.453	1148
282.248	1075
283.041	1098
283.835	1093
284.629	1077
285.422	1085
286.216	1030
287.009	1096
287.802	1061
288.596	1064
289.388	1048
290.181	1045
290.974	1079
291.767	1078
292.559	1032
293.352	1062
294.144	1074
294.936	1045
295.728	1080
296.521	1085
297.313	1044
298.104	1078
298.896	1042
299.688	992
300.479	1090
301.271	1054
302.062	1120
302.853	1098
303.644	1062
304.435	1082
305.226	1091
306.017	1090
306.807	1063
307.597	1051
308.389	1095
309.179	1082
309.969	1090
310.759	1082
311.549	1073
312.339	1068
313.128	1080
313.918	1102
314.707	1112
315.497	1068
316.286	1104
317.075	1087
317.864	1066
318.653	1077
319.442	1078
320.231	1046
321.019	1081
321.808	1060
322.596	1106
323.385	1080
324.173	1082
324.961	1120
325.749	1086
326.537	1100
327.325	1104
328.113	1083
328.901	1087
329.688	1055
330.475	1061
331.262	1107
332.049	1072
332.837	1070
333.624	1073
334.411	1078
335.197	1100
335.983	1084
336.77	1084
337.557	1058
338.343	1058
339.129	1053
339.915	1060
340.701	1092
341.487	1054
342.272	1134
343.058	1086
343.844	1132
344.629	1108
345.414	1112
346.2	1113
346.985	1102
347.769	1145
348.554	1112
349.34	1128
350.124	1075
350.908	1130
351.692	1120
352.477	1108
353.262	1082
354.045	1128
354.83	1091
355.613	1107
356.397	1070
357.181	1120
357.964	1065
358.748	1134
359.531	1117
360.315	1116
361.097	1085
361.881	1111
362.663	1119
363.447	1131
364.229	1136
365.012	1083
365.794	1113
366.577	1110
367.359	1095
368.141	1118
368.923	1113
369.705	1117
370.487	1168
371.268	1162
372.05	1143
372.832	1203
373.613	1204
374.394	1285
375.176	1238
375.956	1290
376.737	1253
377.519	1238
378.299	1241
379.079	1226
379.861	1187
380.641	1216
381.421	1214
382.202	1139
382.982	1138
383.762	1086
384.541	1083
385.321	1068
386.101	1090
386.881	1058
387.66	1028
388.439	988
389.218	1003
389.998	1016
390.777	987
391.556	1024
392.335	972
393.113	962
393.892	981
394.67	969
395.449	971
396.228	985
397.006	996
397.784	997
398.562	997
399.34	974
400.117	1005
400.895	993
401.673	985
402.45	981
403.227	1004
404.005	998
404.782	1018
405.559	1017
406.336	993
407.112	1007
407.889	955
408.666	1004
409.442	982
410.219	983
410.995	997
411.771	976
412.547	932
413.323	1006
414.099	981
414.875	964
415.65	928
416.426	965
417.202	977
417.976	994
418.752	926
419.527	985
420.302	986
421.077	1024
421.851	1011
422.626	1024
423.401	982
424.176	998
424.949	1020
425.724	1023
426.498	1026
427.273	1030
428.046	1069
428.82	1034
429.594	1077
430.367	1099
431.141	1071
431.915	1075
432.687	1104
433.461	1103
434.234	1124
435.007	1107
435.78	1102
436.552	1083
437.325	1092
438.098	1100
438.87	1051
439.643	1051
440.414	1026
441.187	1022
441.959	1019
442.731	1030
443.502	985
444.274	991
445.046	968
445.818	1023
446.589	1013
447.36	984
448.131	991
448.903	992
449.673	1026
450.445	994
451.215	981
451.985	1023
452.756	1016
453.527	982
454.297	1011
455.067	1046
455.837	1046
456.608	1019
457.377	1029
458.147	1015
458.917	995
459.686	991
460.456	943
461.226	983
461.995	986
462.764	979
463.533	904
464.302	949
465.071	940
465.839	919
466.608	937
467.377	936
468.145	891
468.914	928
469.682	921
470.45	891
471.217	873
471.986	916
472.754	934
473.521	923
474.289	914
475.056	966
475.824	928
476.591	922
477.358	937
478.126	962
478.893	944
479.66	923
480.426	965
481.193	906
481.959	920
482.726	955
483.492	950
484.258	932
485.025	961
485.791	937
486.557	924
487.322	958
488.088	980
488.854	941
489.619	966
490.385	929
491.149	964
491.915	930
492.68	949
493.445	939
494.21	927
494.975	957
495.74	918
496.504	949
497.268	908
498.033	912
498.797	927
499.561	968
500.326	921
501.089	933
501.853	925
502.617	944
503.381	957
504.144	986
504.907	994
505.671	976
506.434	941
507.197	945
507.96	969
508.723	965
509.486	969
510.248	967
511.011	956
511.774	917
512.536	956
513.298	925
514.06	963
514.822	953
515.585	957
516.346	939
517.108	975
517.869	959
518.631	958
519.392	962
520.154	935
520.916	888
521.676	923
522.438	898
523.198	893
523.96	905
524.72	911
525.481	901
526.241	890
527.002	894
527.762	888
528.522	822
529.282	836
530.042	854
530.802	858
531.562	860
532.321	833
533.081	865
533.84	858
534.6	884
535.359	822
536.118	864
536.878	863
537.636	844
538.395	825
539.154	830
539.913	848
540.671	846
541.429	795
542.188	798
542.946	843
543.704	812
544.462	816
545.221	793
545.978	797
546.736	796
547.493	858
548.251	817
549.008	780
549.766	801
550.523	817
551.28	782
552.037	800
552.794	798
553.55	792
554.307	798
555.063	822
555.821	803
556.577	800
557.333	782
558.089	799
558.846	806
559.601	801
560.357	778
561.113	771
561.869	816
562.624	799
563.38	771
564.135	800
564.89	793
565.646	819
566.401	766
567.156	804
567.911	800
568.665	785
569.419	818
570.174	828
570.928	792
571.683	793
572.437	801
573.191	746
573.946	824
574.699	827
575.453	824
576.207	797
576.96	796
577.714	811
578.467	786
579.22	767
579.974	755
580.727	792
581.479	786
582.233	775
582.986	771
583.739	768
584.49	787
585.243	813
585.996	778
586.748	760
587.5	766
588.253	726
589.004	764
589.756	762
590.507	795
591.259	783
592.011	745
592.762	753
593.514	757
594.265	749
595.016	790
595.768	760
596.518	797
597.269	769
598.02	754
598.771	780
599.521	750
600.272	764
601.022	782
601.772	767
602.522	703
603.273	752
604.022	753
604.772	766
605.522	754
606.271	781
607.021	754
607.77	768
608.519	764
609.269	747
610.018	754
610.767	742.5
611.516	731
612.265	715
613.013	731
613.762	756
614.51	747
615.259	724
616.008	750
616.756	779
617.503	741
618.251	741
619	739
619.747	728
620.495	715
621.242	753
621.99	736
622.738	767
623.485	712
624.232	692
624.979	715
625.726	727
626.473	748
627.22	735
627.967	733
628.713	708
629.46	729
630.206	724
630.952	726
631.698	689
632.444	714
633.19	723
633.936	699
634.682	708
635.427	700
636.173	722
636.919	721
637.664	687
638.409	738
639.154	684
639.899	696
640.645	724
641.389	723
642.134	713
642.879	729
643.624	708
644.368	695
645.112	697
645.856	695
646.6	701
647.345	692
648.089	671
648.833	662
649.577	697
650.32	732
651.063	699
651.807	703
652.551	721
653.293	668
654.037	690
654.78	679
655.523	714
656.265	682
657.008	685
657.751	665
658.494	680
659.236	675
659.978	689
660.721	706
661.463	692
662.205	715
662.946	681
663.688	693
664.431	721
665.172	684
665.914	684
666.655	660
667.396	690
668.138	680
668.879	685
669.62	664
670.361	683
671.102	701
671.842	686
672.583	673
673.323	663
674.064	673
674.804	697
675.545	671
676.285	691
677.025	647
677.765	648
678.504	695
679.244	629
679.984	674
680.724	683
681.463	683
682.202	691
682.942	626
683.681	679
684.419	679
685.159	669
685.898	684
686.636	662
687.375	667
688.114	691
688.852	642
689.59	615
690.329	671
691.067	657
691.805	669
692.542	645
693.281	658
694.018	651
694.756	643
695.493	676
696.231	684
696.968	635
697.706	655
698.443	662
699.18	656
699.917	650
700.654	671
701.39	646
702.127	653
702.863	654
703.6	677
704.336	661
705.072	658
705.808	671
706.544	690
707.28	676
708.016	694
708.752	682
709.488	687
710.223	696
710.959	710
711.694	654
712.429	669
713.165	687
713.9	661
714.635	670
715.37	644
716.105	664
716.839	625
717.573	670
718.308	658
719.042	686
719.777	660
720.511	679
721.245	654
721.979	659
722.713	669
723.447	662
724.181	651
724.914	654
725.647	644
726.381	636
727.114	600
727.847	633
728.58	661
729.314	636
730.047	665
730.779	651
731.512	658
732.244	617
732.977	631
733.709	615
734.441	649
735.174	624
735.906	613
736.638	633
737.37	609
738.101	637
738.833	638
739.565	649
740.296	615
741.027	648
741.759	659
742.49	625
743.221	630
743.952	657
744.683	630
745.414	626
746.145	641
746.875	649
747.606	613
748.336	612
749.067	641
749.797	623
750.527	603
751.258	613
751.987	639
752.717	616
753.447	606
754.176	629
754.906	618
755.636	623
756.365	638
757.094	614
757.823	597
758.552	629
759.281	616
760.01	645
760.739	642
761.468	609
762.196	603
762.924	636
763.652	589
764.381	606
765.109	598
765.837	648
766.565	622
767.293	598
768.021	661
768.749	635
769.477	641
770.204	623
770.931	610
771.658	594
772.386	643
773.113	615
773.84	611
774.566	616
775.293	624
776.02	632
776.747	600
777.473	622
778.199	607
778.926	634
779.652	649
780.378	570
781.104	651
781.83	633
782.556	614
783.282	608
784.008	615
784.732	618
785.458	638
786.183	595
786.909	633
787.634	619
788.359	578
789.084	596
789.809	594
790.534	622
791.258	590
791.983	597
792.707	611
793.432	593
794.156	639
794.88	602
795.604	604
796.328	608
797.052	619
797.775	627
798.499	591
799.223	605
799.946	609
800.67	619
801.393	610
802.116	582
802.84	630
803.563	603
804.285	591
805.008	609
805.731	630
806.454	594
807.176	605
807.899	617
808.621	608
809.343	623
810.066	622.764
810.787	584.904
811.51	594.997
812.231	619.036
812.952	604.899
813.674	606.693
814.396	609.06
815.118	611.095
815.839	593.013
816.56	598.48
817.281	587.181
818.002	620.755
818.724	602.541
819.444	616.97
820.164	599.481
820.886	573.904
821.606	574.312
822.326	606.858
823.047	609.855
823.767	587.91
824.487	579.35
825.208	595.225
825.928	607.062
826.647	603.054
827.367	596.636
828.087	575.617
828.807	575.934
829.526	613.862
830.245	584.132
830.965	589.43
831.685	593.155
832.404	597.666
833.122	600.862
833.841	589.804
834.56	581.706
835.279	596.075
835.997	578.082
836.717	598.75
837.435	574.003
838.153	585.187
838.871	573.025
839.59	583.786
840.308	575.61
841.026	588.052
841.743	589.858
842.461	587.298
843.179	597.785
843.896	572.846
844.614	595.516
845.331	594.757
846.049	596.297
846.766	606.593
847.483	607.763
848.2	585.586
848.917	582.695
849.634	582.37
850.35	610.727
851.067	580.3
851.784	581.149
852.5	600.271
853.217	573.588
853.933	590.039
854.649	589.095
855.365	586.989
856.081	570.161
856.797	590.32
857.513	582.74
858.229	572.953
858.944	581.85
859.659	592.105
860.375	584.768
861.091	568.607
861.805	567.852
862.52	581.567
863.236	580.297
863.95	568.429
864.665	578.046
865.38	559.922
866.094	582.16
866.809	575.333
867.524	600.984
868.238	581.501
868.952	575.031
869.666	601.445
870.38	585.78
871.095	572.111
871.808	553.409
872.522	591.705
873.235	562.952
873.949	571.907
874.662	587.085
875.376	584.4
876.089	566.961
876.803	577.543
877.515	585.533
878.229	563.669
878.941	572.513
879.655	578.369
880.367	569.724
881.079	594.424
881.166	598
881.882	579
882.599	598
883.316	591
884.032	560
884.748	579
885.464	595
886.18	615
886.897	592
887.613	613
888.328	623
889.044	622
889.76	612
890.475	633
891.19	606
891.906	616
892.622	616
893.337	599
894.052	626
894.767	665
895.481	623
896.196	654
896.911	645
897.625	627
898.34	619
899.054	610
899.768	613
900.483	617
901.197	592
901.911	613
902.625	610
903.339	599
904.052	595
904.766	605
905.48	614
906.193	615
906.906	591
907.619	574
908.332	573
909.046	614
909.759	570
910.472	603
911.185	570
911.898	580
912.609	583
913.322	586
914.035	570
914.747	553
915.46	575
916.171	554.5
916.883	534
917.595	537
918.307	557
919.019	545
919.731	582
920.442	552
921.154	554
921.865	551
922.576	540
923.288	539
923.999	527
924.71	543.5
925.421	560
926.132	528
926.842	548
927.553	539
928.263	548
928.974	545
929.685	501
930.394	535
931.105	542
931.815	528
932.525	544
933.235	542
933.944	544
934.655	524
935.364	559
936.074	521
936.783	556
937.492	557
938.201	549
938.911	536
939.619	541
940.329	544
941.037	522
941.747	520
942.455	549
943.164	519
943.872	552
944.58	529
945.289	565
945.997	529
946.706	538
947.413	525
948.121	549
948.829	540
949.537	549
950.244	520
950.952	534
951.659	535
952.367	556
953.074	546
953.781	582
954.488	512
955.196	557
955.903	539
956.609	559
957.316	553
958.023	585
958.729	516
959.436	519
960.142	561
960.849	584
961.555	548
962.261	546
962.967	552
963.672	601
964.378	553
965.084	575
965.79	574
966.495	562
967.201	590
967.906	566
968.611	562
969.316	561
970.021	565
970.726	587
971.432	536
972.137	537
972.841	560
973.546	566
974.25	563
974.955	541
975.659	559
976.363	530
977.068	510
977.772	571
978.476	574
979.179	533
979.883	557
980.586	540
981.29	521
981.993	562
982.697	553
983.4	543
984.104	546
984.807	522
985.51	521
986.213	537
986.916	582
987.618	555
988.321	524
989.024	518
989.726	568
990.429	563
991.13	584
991.833	576
992.535	579
993.237	536
993.94	521
994.641	559
995.343	561
996.045	531
996.746	572
997.447	571
998.149	569
998.85	550
999.551	537
1000.25	545
1000.95	581
1001.65	531
1002.36	527
1003.06	566
1003.76	564
1004.46	536
1005.16	525
1005.86	566
1006.56	534
1007.26	535
1007.96	531
1008.66	533
1009.36	518
1010.06	541
1010.76	536
1011.46	557
1012.16	545
1012.86	529
1013.56	541
1014.26	531
1014.95	582
1015.65	535
1016.35	543
1017.05	549
1017.75	531
1018.45	542
1019.15	559
1019.85	529
1020.55	548
1021.24	537
1021.94	549
1022.64	550
1023.34	543
1024.04	538
1024.73	566
1025.43	573
1026.13	592
1026.83	556
1027.52	565
1028.22	561
1028.92	552
1029.62	535
1030.31	590
1031.01	541
1031.71	561
1032.4	572
1033.1	566
1033.8	564
1034.5	570
1035.19	596
1035.89	561
1036.58	575
1037.28	574
1037.98	576
1038.67	566
1039.37	575
1040.06	565
1040.76	575
1041.46	573
1042.15	549
1042.85	588
1043.54	574
1044.24	557
1044.93	542
1045.63	588
1046.32	565
1047.02	597
1047.71	575
1048.41	590
1049.1	588
1049.8	569
1050.49	593
1051.19	600
1051.88	592
1052.58	571
1053.27	573
1053.96	597
1054.66	584
1055.35	588
1056.05	569
1056.74	613
1057.43	570
1058.13	607
1058.82	609
1059.51	598
1060.21	594
1060.9	596
1061.59	610
1062.29	577
1062.98	608
1063.67	618
1064.36	618
1065.06	579
1065.75	604
1066.44	604
1067.13	597
1067.83	617
1068.52	571
1069.21	603
1069.9	606
1070.6	620
1071.29	635
1071.98	635
1072.67	625
1073.36	644
1074.05	631
1074.74	648
1075.44	678
1076.13	662
1076.82	693
1077.51	702
1078.2	707
1078.89	726
1079.58	703
1080.27	770
1080.96	772
1081.65	792
1082.34	810
1083.03	844
1083.72	884
1084.41	884
1085.1	899
1085.79	888
1086.48	878
1087.17	863
1087.86	875
1088.55	840
1089.24	896
1089.93	871
1090.62	837
1091.31	869
1092	875
1092.69	872
1093.38	865
1094.07	853
1094.76	873
1095.44	856
1096.13	802
1096.82	846
1097.51	826
1098.2	806
1098.89	790
1099.58	805
1100.26	757
1100.95	780
1101.64	741
1102.33	744
1103.01	725
1103.7	756
1104.39	727
1105.08	701
1105.76	723
1106.45	738
1107.14	705
1107.83	734
1108.51	754
1109.2	725
1109.89	740
1110.57	742
1111.26	730
1111.95	741
1112.63	779
1113.32	760
1114	751
1114.69	771
1115.38	782
1116.06	776
1116.75	784
1117.44	752
1118.12	776
1118.81	791
1119.49	786
1120.18	746
1120.86	804
1121.55	748
1122.23	789
1122.92	756
1123.6	773
1124.29	749
1124.97	728
1125.66	739
1126.34	667
1127.03	696
1127.71	713
1128.4	693
1129.08	731
1129.77	662
1130.45	626
1131.13	644
1131.82	626
1132.5	633
1133.19	615
1133.87	639
1134.55	650
1135.24	601
1135.92	610
1136.6	603
1137.29	584
1137.97	573
1138.65	591
1139.33	590
1140.02	581
1140.7	616
1141.38	637
1142.07	568
1142.75	633
1143.43	618
1144.11	605
1144.8	609
1145.48	596
1146.16	597
1146.84	584
1147.52	627
1148.21	566
1148.89	606
1149.57	595
1150.25	585
1150.93	612
1151.61	585
1152.29	608
1152.98	601
1153.66	571
1154.34	591
1155.02	559
1155.7	591
1156.38	549
1157.06	561
1157.74	582
1158.42	532
1159.1	542
1159.78	540
1160.46	504
1161.14	548
1161.82	543
1162.5	544
1163.18	525
1163.86	528
1164.54	523
1165.22	534
1165.9	537
1166.58	520
1167.26	539
1167.94	523
1168.62	515
1169.3	505
1169.98	506
1170.66	521
1171.34	488
1172.01	512
1172.69	506
1173.37	486
1174.05	490
1174.73	508
1175.41	489
1176.08	497
1176.76	508
1177.44	505
1178.12	480
1178.8	521
1179.47	475
1180.15	492
1180.83	488
1181.51	507
1182.18	484
1182.86	501
1183.54	502
1184.22	507
1184.89	459
1185.57	488
1186.25	499
1186.92	498
1187.6	492
1188.28	472
1188.95	467
1189.63	489
1190.31	484
1190.98	469
1191.66	461
1192.34	461
1193.01	480
1193.69	447
1194.36	454
1195.04	501
1195.71	499
1196.39	506
1197.07	471
1197.74	477
1198.42	504
1199.09	468
1199.77	475
1200.44	484
1201.12	487
1201.79	481
1202.47	459
1203.14	479
1203.82	482
1204.49	444
1205.16	465
1205.84	490
1206.51	472
1207.19	473
1207.86	496
1208.54	480
1209.21	468
1209.88	483
1210.56	485
1211.23	459
1211.9	452
1212.58	489
1213.25	470
1213.93	483
1214.6	479
1215.27	503
1215.94	512
1216.62	486
1217.29	518
1217.96	447
1218.64	489
1219.31	450
1219.98	465
1220.65	483
1221.33	480
1222	465
1222.67	473
1223.34	470
1224.01	515
1224.69	497
1225.36	478
1226.03	463
1226.7	484
1227.37	486
1228.04	475
1228.72	474
1229.39	474
1230.06	484
1230.73	512
1231.4	473
1232.07	487
1232.74	480
1233.41	489
1234.08	508
1234.75	497
1235.42	477
1236.1	483
1236.77	481
1237.44	476
1238.11	505
1238.78	463
1239.45	490
1240.12	508
1240.79	470
1241.46	496
1242.13	498
1242.8	500
1243.47	468
1244.13	485
1244.8	492
1245.47	503
1246.14	493
1246.81	502
1247.48	529
1248.15	489
1248.82	524
1249.49	473
1250.15	498
1250.82	481
1251.49	485
1252.16	471
1252.83	457
1253.5	496
1254.17	504
1254.83	489
1255.5	510
1256.17	496
1256.84	524
1257.5	510
1258.17	492
1258.84	525
1259.51	543
1260.17	504
1260.84	501
1261.51	515
1262.18	520
1262.84	498
1263.51	501
1264.18	507.5
1264.84	514
1265.51	532
1266.18	503
1266.84	495
1267.51	508
1268.18	513
1268.84	519
1269.51	500
1270.17	496
1270.84	498
1271.51	502
1272.17	488
1272.84	502
1273.5	496
1274.17	530
1274.83	500
1275.5	487
1276.16	506
1276.83	489
1277.5	500
1278.16	509
1278.83	481
1279.49	483
1280.16	491
1280.82	521
1281.48	481
1282.15	492
1282.81	499
1283.48	495
1284.14	501
1284.81	503
1285.47	527
1286.13	513
1286.8	524
1287.46	490
1288.13	523
1288.79	534
1289.45	503
1290.12	530
1290.78	521
1291.44	523
1292.11	487
1292.77	506
1293.43	538
1294.1	517
1294.76	531
1295.42	508
1296.08	530
1296.75	514
1297.41	511
1298.07	485
1298.73	497.5
1299.4	510
1300.06	506
1300.72	507
1301.38	496
1302.04	516
1302.71	492
1303.37	482
1304.03	500
1304.69	519
1305.35	493
1306.01	521
1306.68	489
1307.34	501
1308	496
1308.66	496
1309.32	506
1309.98	503
1310.64	526
1311.3	547
1311.96	512
1312.62	546
1313.28	492
1313.94	524
1314.61	557
1315.27	519
1315.93	525
1316.59	502
1317.25	537
1317.91	514
1318.57	510
1319.23	517
1319.89	524
1320.54	530
1321.2	521
1321.86	488
1322.52	506
1323.18	524
1323.84	524
1324.5	522
1325.16	496
1325.82	513
1326.48	529
1327.14	535
1327.79	504
1328.45	543
1329.11	526
1329.77	532
1330.43	542
1331.09	536
1331.74	517
1332.4	539
1333.06	524
1333.72	549
1334.38	555
1335.03	539
1335.69	542
1336.35	575
1337.01	554
1337.66	550
1338.32	567
1338.98	534
1339.64	521
1340.29	527
1340.95	527
1341.61	541
1342.26	532
1342.92	516
1343.58	533
1344.23	524
1344.89	529
1345.55	526
1346.2	506
1346.86	529
1347.51	516
1348.17	539
1348.83	499
1349.48	480
1350.14	494
1350.79	506
1351.45	514
1352.1	505
1352.76	502
1353.42	520
1354.07	522
1354.73	507
1355.38	521
1356.04	492
1356.69	488
1357.35	525
1358	494
1358.66	490
1359.31	516
1359.96	473
1360.62	533
1361.27	533
1361.93	514
1362.58	543
1363.24	542
1363.89	528
1364.54	502
1365.2	538
1365.85	538
1366.51	507
1367.16	539
1367.81	541
1368.47	552
1369.12	542
1369.77	513
1370.43	537
1371.08	533
1371.73	566
1372.38	573
1373.04	555
1373.69	560
1374.34	557
1375	595
1375.65	571
1376.3	560
1376.95	586
1377.6	549
1378.26	565
1378.91	591
1379.56	560
1380.21	582
1380.86	559
1381.52	570
1382.17	559
1382.82	547
1383.47	556
1384.12	507
1384.77	518
1385.42	583
1386.08	548
1386.73	518
1387.38	530
1388.03	521
1388.68	519
1389.33	521
1389.98	494
1390.63	519
1391.28	524
1391.93	524
1392.58	490
1393.23	517
1393.88	485
1394.53	495
1395.18	488
1395.83	505
1396.48	509
1397.13	487
1397.78	480
1398.43	477
1399.08	499
1399.73	483
1400.38	472
1401.03	488
1401.68	479
1402.33	463
1402.98	450
1403.63	491
1404.28	492
1404.92	480
1405.57	486
1406.22	467
1406.87	460
1407.52	493
1408.17	495
1408.81	479
1409.46	476
1410.11	484
1410.76	464
1411.41	478
1412.06	446
1412.7	489
1413.35	468
1414	477
1414.65	454
1415.29	460
1415.94	456
1416.59	456
1417.23	480
1417.88	469
1418.53	480
1419.18	464
1419.82	469
1420.47	477
1421.12	472
1421.76	463
1422.41	467
1423.06	483
1423.7	485
1424.35	440
1424.99	454
1425.64	437
1426.29	470
1426.93	473
1427.58	448
1428.22	457
1428.87	459
1429.52	437
1430.16	465
1430.81	453
1431.45	450
1432.1	449
1432.74	440
1433.39	437
1434.03	435
1434.68	448
1435.32	420
1435.97	437
1436.61	441
1437.26	431
1437.9	444
1438.55	422
1439.19	417
1439.83	420
1440.48	440
1441.12	418.189
1441.77	423.154
1442.41	437.885
1443.05	448.438
1443.7	443.474
1444.34	431.4
1444.99	437.805
1445.63	453.317
1446.27	451.49
1446.92	440.788
1447.56	424.095
1448.2	434.747
1448.85	413.062
1449.49	442.787
1450.13	421.392
1450.77	438.326
1451.42	440.826
1452.06	422.718
1452.7	440.153
1453.35	415.119
1453.99	417.862
1454.63	458.462
1455.27	434.495
1455.91	413.166
1456.56	440.883
1457.2	433.539
1457.84	454.675
1458.48	432.559
1459.12	432.829
1459.77	440.223
1460.41	449.978
1461.05	450.408
1461.69	441.416
1462.33	436.967
1462.97	441.889
1463.61	432.641
1464.26	438.66
1464.9	451.754
1465.54	443.58
1466.18	448.062
1466.82	443.97
1467.46	442.963
1468.1	439.419
1468.74	453.078
1469.38	447.739
1470.02	420.207
1470.66	441.196
1471.3	432.138
1471.94	451.782
1472.58	431.06
1473.22	434.301
1473.86	429.956
1474.5	428.609
1475.14	443.665
1475.78	419.538
1476.42	422.77
1477.06	448.982
1477.7	437.072
1478.34	425.724
1478.98	441.974
1479.62	433.998
1480.26	429.82
1480.9	423.114
1481.54	406.794
1482.18	410.239
1482.81	417.462
1483.45	407.567
1484.09	397.038
1484.73	398.838
1485.37	378.595
1486.01	411.543
1486.65	396.287
1487.28	394.259
1487.92	389.401
1488.56	385.303
1489.2	388.465
1489.84	399.076
1490.47	391.054
1491.11	385.791
1491.75	381.002
1492.39	374.217
1493.03	371.072
1493.66	381.499
1494.3	387.921
1494.94	379.797
1495.57	383.026
1496.21	369.557
1496.85	386.774
1497.49	382.431
1498.12	361.547
1498.76	365.596
1499.4	364.562
1500.03	366.176
1500.67	378.015
1501.31	395.749
1501.94	384.173
1502.58	398.243
1503.21	389.45
1503.85	388.502
1504.49	382.881
1505.12	390.779
1505.28	394
1505.92	389
1506.55	373
1507.19	386
1507.83	378
1508.47	385
1509.11	381
1509.75	353
1510.39	373
1511.03	375
1511.67	374
1512.31	395
1512.95	353
1513.59	375
1514.22	375
1514.86	358
1515.5	353
1516.14	367
1516.78	378
1517.42	374
1518.05	369
1518.69	369
1519.33	383
1519.97	357
1520.61	366
1521.24	358
1521.88	380
1522.52	388
1523.16	376
1523.79	377
1524.43	365
1525.07	370
1525.71	392
1526.34	381
1526.98	382
1527.62	378
1528.26	359
1528.89	366
1529.53	353
1530.17	352
1530.8	371
1531.44	356
1532.07	373
1532.71	356
1533.35	374
1533.98	357
1534.62	377
1535.26	376
1535.89	379.5
1536.53	383
1537.16	381
1537.8	359
1538.44	381
1539.07	359
1539.71	357
1540.34	364
1540.98	380
1541.61	378
1542.25	374
1542.88	378
1543.52	375.5
1544.15	373
1544.79	390
1545.42	348
1546.06	353
1546.69	346
1547.33	365
1547.96	369
1548.6	366
1549.23	364
1549.86	337
1550.5	350
1551.13	368
1551.77	370
1552.4	345
1553.03	362
1553.67	356
1554.3	348
1554.93	370
1555.57	352
1556.2	354
1556.84	376
1557.47	371
1558.1	346
1558.73	354
1559.37	373
1560	366
1560.63	370
1561.27	353
1561.9	344
1562.53	345
1563.16	376
1563.8	342
1564.43	374
1565.06	342
1565.69	359
1566.33	341
1566.96	342
1567.59	357
1568.22	367
1568.85	343
1569.49	375
1570.12	366
1570.75	340
1571.38	344
1572.01	359
1572.64	366
1573.28	375
1573.91	379
1574.54	337
1575.17	381
1575.8	357
1576.43	343
1577.06	347
1577.69	352
1578.32	385
1578.95	359
1579.58	354
1580.21	363
1580.84	355
1581.47	365
1582.11	365
1582.73	375
1583.37	364
1584	367
1584.63	369
1585.26	356
1585.88	372
1586.51	359
1587.14	356
1587.77	373
1588.4	351
1589.03	381
1589.66	366
1590.29	395
1590.92	362
1591.55	359
1592.18	369
1592.81	386
1593.44	384
1594.06	382
1594.69	400
1595.32	388
1595.95	399
1596.58	396
1597.21	363
1597.83	405
1598.46	390
1599.09	392
1599.72	385
1600.35	395
1600.98	380
1601.6	389
1602.23	400
1602.86	393
1603.49	388
1604.11	376
1604.74	412
1605.37	375
1606	385
1606.62	364
1607.25	382
1607.88	390
1608.5	379
1609.13	378
1609.76	374
1610.38	366
1611.01	383
1611.64	371
1612.26	344
1612.89	370
1613.52	360
1614.14	333
1614.77	357
1615.39	364
1616.02	369
1616.65	350
1617.27	345
1617.9	349
1618.52	365
1619.15	365
1619.77	354
1620.4	359
1621.02	353
1621.65	341
1622.28	355
1622.9	352
1623.53	362
1624.15	355
1624.78	341
1625.4	350
1626.03	351
1626.65	357
1627.27	354
1627.9	358
1628.52	345
1629.15	323
1629.77	345
1630.4	353
1631.02	324
1631.64	342
1632.27	335
1632.89	345
1633.52	338
1634.14	341
1634.76	337
1635.39	309
1636.01	316
1636.63	333
1637.26	350
1637.88	355
1638.5	337
1639.13	307
1639.75	300
1640.37	331
1641	334
1641.62	326
1642.24	344
1642.86	319
1643.49	324
1644.11	340
1644.73	318
1645.35	333
1645.98	323
1646.6	328
1647.22	307
1647.84	333
1648.46	313
1649.09	309
1649.71	323
1650.33	330
1650.95	307
1651.57	313
1652.19	313
1652.82	297
1653.44	299
1654.06	307
1654.68	331
1655.3	315
1655.92	327
1656.54	332
1657.16	319
1657.78	312
1658.4	316
1659.03	318
1659.65	335
1660.27	317
1660.89	317
1661.51	300
1662.13	309
1662.75	316
1663.37	322
1663.99	299
1664.61	309
1665.23	307
1665.85	297
1666.47	306
1667.09	305
1667.71	336
1668.33	298
1668.95	305
1669.56	318
1670.18	293
1670.8	297
1671.42	333
1672.04	296
1672.66	279
1673.28	319
1673.9	316
1674.52	306
1675.13	293
1675.75	334
1676.37	300
1676.99	305
1677.61	277
1678.23	282
1678.84	323
1679.46	309
1680.08	300
1680.7	291
1681.32	296
1681.93	308
1682.55	298
1683.17	313
1683.79	312
1684.41	292
1685.02	305
1685.64	305
1686.26	303
1686.87	282
1687.49	295
1688.11	323
1688.73	289
1689.34	297
1689.96	283
1690.58	293
1691.19	292
1691.81	274
1692.43	299
1693.04	323
1693.66	326
1694.27	309
1694.89	300
1695.51	285
1696.12	315
1696.74	306
1697.35	305
1697.97	284
1698.59	280
1699.2	293
1699.82	308
1700.43	299
1701.05	306
1701.66	295
1702.28	282
1702.89	302
1703.51	298
1704.12	280
1704.74	284
1705.35	298
1705.97	296
1706.58	275
1707.2	312
1707.81	299
1708.43	293
1709.04	300
1709.66	310
1710.27	283
1710.88	290
1711.5	289
1712.11	305
1712.73	305
1713.34	287
1713.95	278
1714.57	288
1715.18	300
1715.8	281
1716.41	285
1717.02	287
1717.64	293
1718.25	289
1718.86	284
1719.48	279
1720.09	259
1720.7	276
1721.31	291
1721.93	279
1722.54	279
1723.15	301
1723.77	283
1724.38	285
1724.99	309
1725.6	291
1726.22	303
1726.83	276
1727.44	300
1728.05	263
1728.66	300
1729.28	288
1729.89	286
1730.5	279
1731.11	296
1731.72	284
1732.33	273
1732.95	292
1733.56	281
1734.17	276
1734.78	279
1735.39	266
1736	274
1736.61	295
1737.22	291
1737.83	282
1738.44	276
1739.06	288
1739.67	274
1740.28	279
1740.89	275
1741.5	282
1742.11	279
1742.72	270
1743.33	294
1743.94	281
1744.55	282
1745.16	280
1745.77	275
1746.38	276
1746.99	266
1747.6	267
1748.21	292
1748.82	266
1749.43	257
1750.04	265
1750.65	264
1751.25	254
1751.86	265
1752.47	272
1753.08	274
1753.69	271
1754.3	256
1754.91	275
1755.52	280
1756.13	283
1756.73	280
1757.34	276
1757.95	276
1758.56	280
1759.17	287
1759.78	255
1760.38	280
1760.99	274
1761.6	268
1762.21	283
1762.81	272
1763.42	244
1764.03	282
1764.64	272
1765.24	257
1765.85	271
1766.46	266
1767.07	273
1767.67	267
1768.28	244
1768.89	264
1769.5	270
1770.1	267
1770.71	254
1771.32	270
1771.92	270
1772.53	241
1773.14	273
1773.74	264
1774.35	271
1774.95	258
1775.56	251
1776.17	261
1776.77	275
1777.38	278
1777.99	260
1778.59	266
1779.2	270
1779.8	267
1780.41	259
1781.01	246
1781.62	263
1782.22	262
1782.83	245
1783.43	276
1784.04	252
1784.65	252
1785.25	255
1785.85	243
1786.46	277
1787.06	264
1787.67	233
1788.27	236
1788.88	260
1789.48	245
1790.09	257
1790.69	249
1791.3	258
1791.9	243
1792.5	255
1793.11	254
1793.71	259
1794.32	241
1794.92	238
1795.52	248
1796.13	260
1796.73	277
1797.33	273
1797.94	247
1798.54	263
1799.14	251
1799.75	270
1800.35	260
1800.95	257
1801.56	243
1802.16	251
1802.76	255
1803.37	244
1803.97	235
1804.57	238
1805.17	251
1805.78	261
1806.38	256
1806.98	264
1807.58	243
1808.18	245
1808.79	244
1809.39	240
1809.99	257
1810.59	258
1811.19	241
1811.8	242
1812.4	251
1813	256
1813.6	240
1814.2	260
1814.8	279
1815.41	267
1816.01	235
1816.61	251
1817.21	254
1817.81	260
1818.41	258
1819.01	235
1819.61	262
1820.21	228
1820.81	233
1821.41	243
1822.01	249
1822.61	268
1823.22	251
1823.82	232
1824.42	243
1825.02	237
1825.62	243
1826.22	233
1826.82	267
1827.42	244
1828.02	236
1828.61	244
1829.21	271
1829.81	226
1830.41	244
1831.01	265
1831.61	253
1832.21	251
1832.81	236
1833.41	248
1834.01	243
1834.61	248
1835.21	237
1835.81	242
1836.4	240
1837	248
1837.6	237
1838.2	252
1838.8	229
1839.4	257
1839.99	255
1840.59	241
1841.19	255
1841.79	238
1842.39	236
1842.98	255
1843.58	243
1844.18	242
1844.78	253
1845.38	245
1845.97	255
1846.57	238
1847.17	245.5
1847.76	253
1848.36	254
1848.96	249
1849.56	217
1850.15	242
1850.75	234
1851.35	251
1851.94	230
1852.54	236
1853.14	242
1853.73	228
1854.33	236
1854.93	231
1855.52	227
1856.12	229
1856.72	232
1857.31	226
1857.91	241
1858.5	248
1859.1	253
1859.7	237
1860.29	227
1860.89	231
1861.48	234
1862.08	214
1862.67	225
1863.27	219
1863.86	240
1864.46	235
1865.05	236
1865.65	240
1866.25	227
1866.84	231
1867.43	216
1868.03	245
1868.62	218
1869.22	233
1869.81	235
1870.41	243
1871	229
1871.6	244
1872.19	222
1872.79	206
1873.38	230
1873.97	244
1874.57	222
1875.16	250
1875.76	219
1876.35	227
1876.94	240
1877.54	212
1878.13	217.5
1878.72	223
1879.32	232
1879.91	237
1880.5	239
1881.1	219
1881.69	226
1882.28	224
1882.88	221
1883.47	229
1884.06	245
1884.66	234
1885.25	211
1885.84	215
1886.43	221
1887.03	243
1887.62	239
1888.21	214
1888.8	231
1889.4	212
1889.99	238
1890.58	215
1891.17	201
1891.76	230
1892.35	218
1892.95	216
1893.54	237
1894.13	222
1894.72	236
1895.31	210
1895.9	212
1896.5	184
1897.09	220
1897.68	209
1898.27	210
1898.86	233
1899.45	228
1900.04	229
1900.63	205
1901.22	223
1901.81	214
1902.4	214
1903	233
1903.59	237
1904.18	238
1904.77	215
1905.36	219
1905.95	236
1906.54	217
1907.13	217
1907.72	209
1908.31	216
1908.9	210
1909.49	218
1910.08	210
1910.67	206
1911.26	216
1911.84	206
1912.43	205
1913.02	212
1913.61	223
1914.2	222
1914.79	210
1915.38	235
1915.97	218
1916.56	221
1917.15	209
1917.73	205
1918.32	221
1918.91	201
1919.5	221
1920.09	211
1920.68	207
1921.27	213
1921.85	213
1922.44	215
1923.03	213
1923.62	207
1924.21	211
1924.79	218
1925.38	205
1925.97	222
1926.56	208
1927.14	224
1927.73	206
1928.32	216
1928.91	214
1929.49	216
1930.08	204
1930.67	206
1931.26	223
1931.84	198
1932.43	202
1933.02	218
1933.6	206
1934.19	206
1934.78	219
1935.36	210
1935.95	205
1936.54	204
1937.12	203
1937.71	198
1938.29	197
1938.88	224
1939.47	199
1940.05	196
1940.64	207
1941.22	207
1941.81	205
1942.4	207
1942.98	205
1943.57	201
1944.15	214
1944.74	223
1945.32	199
1945.91	201
1946.49	208
1947.08	204
1947.66	203
1948.25	215
1948.83	199
1949.42	196
1950	227
1950.59	192
1951.17	213
1951.76	197
1952.34	203
1952.93	216
1953.51	199
1954.1	214
1954.68	198
1955.26	204
1955.85	212
1956.43	212
1957.02	197
1957.6	193
1958.18	175
1958.77	205
1959.35	211
1959.93	215
1960.52	199
1961.1	197
1961.68	197
1962.27	197
1962.85	195
1963.43	207
1964.02	202
1964.6	201
1965.18	204
1965.77	212
1966.35	208
1966.93	182
1967.51	202
1968.1	206
1968.68	180
1969.26	206
1969.84	200
1970.43	211
1971.01	204
1971.59	206
1972.17	206
1972.75	192
1973.34	204
1973.92	198
1974.5	200
1975.08	207
1975.66	198
1976.24	179
1976.83	193
1977.41	191
1977.99	204
1978.57	191
1979.15	203
1979.73	192
1980.31	187
1980.89	193
1981.48	198
1982.06	191
1982.64	195
1983.22	196
1983.8	184
1984.38	205
1984.96	181
1985.54	190
1986.12	185
1986.7	188
1987.28	202
1987.86	195
1988.44	169
1989.02	188
1989.6	195
1990.18	183
1990.76	193
1991.34	184
1991.92	195
1992.5	168
1993.08	179
1993.66	180
1994.24	195
1994.82	190
1995.4	198
1995.98	171
1996.56	202
1997.13	172
1997.71	191
1998.29	181
1998.87	188
1999.45	184
2000.03	202
2000.61	194
2001.19	198
2001.76	184
2002.34	180
2002.92	190
2003.5	200
2004.08	200
2004.66	188
2005.23	181
2005.81	192
2006.39	189.99
2006.97	201.613
2007.54	175.301
2008.12	178.374
2008.7	200.484
2009.28	200.078
2009.85	179.067
2010.43	185.532
2011.01	185.909
2011.59	189.816
2012.16	189.465
2012.74	180.752
2013.32	184.921
2013.9	184.925
2014.47	178.32
2015.05	182.522
2015.63	187.008
2016.2	187.392
2016.78	180.718
2017.36	186.93
2017.93	183.21
2018.51	180.292
2019.08	189.739
2019.66	188.968
2020.24	180.056
2020.81	179.991
2021.39	188.025
2021.97	180.383
2022.54	188.796
2023.12	185.108
2023.69	173.352
2024.27	180.095
2024.84	184.831
2025.42	192.66
2026	185.014
2026.57	181.963
2027.15	174.425
2027.72	180
2028.3	179.747
2028.87	180.78
2029.45	167.181
2030.02	172.283
2030.6	175.828
2031.17	188.648
2031.75	175.581
2032.32	177.251
2032.9	175.623
2033.47	178.018
2034.05	169.508
2034.62	178.983
2035.19	166.67
2035.77	175.329
2036.34	177.99
2036.92	170.205
2037.49	179.058
2038.06	183.61
2038.64	181.98
2039.21	180.532
2039.79	174.277
2040.36	176.893
2040.93	169.987
2041.51	184.986
2042.08	178.329
2042.65	184.258
2043.23	180.74
2043.8	177.853
2044.38	179.376
2044.95	177.143
2045.52	174.766
2046.09	172.675
2046.67	168.587
2047.24	172.717
2047.81	174.987
2048.39	177.637
2048.96	173.005
2049.53	183.34
2050.1	173.502
2050.68	167.635
2051.25	164.509
2051.82	178.964
2052.39	168.66
2052.97	170.725
2053.54	177.938
2054.11	178.471
2054.68	180.001
2055.25	175.631
2055.83	176.905
2056.4	183.632
2056.97	177.819
2057.54	177.885
2058.11	172.446
2058.68	170.555
2059.26	181.209
2059.83	177.201
2060.4	175.525
2060.97	174.578
2061.54	174.801
2062.11	178.038
2062.68	181.412
2063.25	181.818
2063.72	177
2064.3	176
2064.87	180
2065.45	174
2066.02	163
2066.6	170
2067.17	199
2067.74	172
2068.32	184
2068.89	169
2069.47	190
2070.04	172
2070.61	190
2071.19	175
2071.76	176
2072.33	176
2072.91	162
2073.48	162
2074.05	179
2074.63	173
2075.2	171
2075.77	174
2076.35	168
2076.92	184
2077.49	154
2078.07	182
2078.64	184
2079.21	187
2079.78	179
2080.36	160
2080.93	172
2081.5	167
2082.07	157
2082.65	169
2083.22	162
2083.79	161
2084.36	158
2084.93	157
2085.51	170
2086.08	157
2086.65	163
2087.22	165
2087.79	168
2088.37	164
2088.94	164
2089.51	175
2090.08	185
2090.65	178
2091.22	170
2091.79	163
2092.36	156
2092.94	166
2093.51	171
2094.08	169
2094.65	185
2095.22	169
2095.79	156
2096.36	164
2096.93	174
2097.5	150
2098.07	164
2098.64	171
2099.21	178
2099.78	162
2100.35	165
2100.92	165
2101.49	167
2102.06	157
2102.63	176
2103.2	166
2103.77	175
2104.34	157
2104.91	185
2105.48	147
2106.05	175
2106.62	161
2107.19	154
2107.76	148
2108.33	155
2108.9	170
2109.47	152
2110.04	165
2110.6	153
2111.17	143
2111.74	165
2112.31	164
2112.88	168
2113.45	172
2114.02	166
2114.58	158
2115.15	168
2115.72	160
2116.29	172
2116.86	165
2117.43	153
2117.99	156
2118.56	166
2119.13	157
2119.7	163
2120.27	169
2120.83	167
2121.4	158
2121.97	146
2122.54	164
2123.1	147
2123.67	163
2124.24	160
2124.81	153
2125.37	169
2125.94	155
2126.51	157
2127.07	140
2127.64	156
2128.21	160
2128.77	148
2129.34	150
2129.91	150
2130.47	168
2131.04	158
2131.61	152
2132.17	158
2132.74	149
2133.31	158
2133.87	155
2134.44	155
2135.01	170
2135.57	151
2136.14	171
2136.7	171
2137.27	155
2137.83	152
2138.4	159
2138.97	144
2139.53	155
2140.1	159
2140.66	154
2141.23	153
2141.79	167
2142.36	141
2142.92	150
2143.49	148
2144.05	142
2144.62	129
2145.18	145
2145.75	142
2146.31	139
2146.88	160
2147.44	168
2148.01	142
2148.57	166
2149.13	148
2149.7	172
2150.26	162
2150.83	149
2151.39	155
2151.95	144
2152.52	152
2153.08	158
2153.65	143
2154.21	150
2154.77	155
2155.34	147
2155.9	157
2156.46	143
2157.03	161
2157.59	170
2158.15	138
2158.72	154
2159.28	153
2159.84	148
2160.41	159
2160.97	155
2161.53	158
2162.1	154
2162.66	147
2163.22	148
2163.78	159
2164.35	153
2164.91	142
2165.47	137
2166.03	131
2166.6	140
2167.16	162
2167.72	133
2168.28	154
2168.84	132
2169.41	162
2169.97	151
2170.53	138
2171.09	147
2171.65	142
2172.21	137
2172.78	152
2173.34	146
2173.9	156
2174.46	145
2175.02	149
2175.58	151
2176.14	144
2176.71	156
2177.27	137
2177.83	144
2178.39	143
2178.95	146
2179.51	142
2180.07	156
2180.63	152
2181.19	148
2181.75	156
2182.31	146
2182.87	134
2183.43	154
2183.99	144
2184.55	153
2185.11	130
2185.67	150
2186.23	148
2186.79	138
2187.35	147
2187.91	152
2188.47	154
2189.03	141
2189.59	137
2190.15	136
2190.71	165
2191.27	134
2191.83	144
2192.39	148
2192.95	136
2193.51	142
2194.07	155
2194.62	157
2195.18	139
2195.74	168
2196.3	152
2196.86	136
2197.42	175
2197.98	130
2198.54	145
2199.09	151
2199.65	136
2200.21	145
2200.77	158
2201.33	136
2201.88	154
2202.44	151
2203	135
2203.56	150
2204.12	145
2204.67	150
2205.23	154
2205.79	150
2206.35	141
2206.9	138
2207.46	132
2208.02	148
2208.58	120
2209.13	142
2209.69	151
2210.25	146
2210.81	138
2211.36	142
2211.92	136
2212.48	142
2213.03	140
2213.59	137
2214.15	141
2214.7	138
2215.26	131
2215.81	138
2216.37	140
2216.93	141
2217.48	134
2218.04	143
2218.6	159
2219.15	153
2219.71	144
2220.26	127
2220.82	153
2221.38	142
2221.93	147
2222.49	140
2223.04	142
2223.6	139
2224.15	142
2224.71	139
2225.26	142
2225.82	131
2226.38	134
2226.93	139
2227.49	146
2228.04	140
2228.59	118
2229.15	138
2229.7	131
2230.26	132
2230.81	132
2231.37	134
2231.92	137
2232.48	129
2233.03	134
2233.59	127
2234.14	134
2234.69	122
2235.25	123
2235.8	126
2236.36	135
2236.91	135
2237.46	126
2238.02	131
2238.57	128
2239.13	139
2239.68	131
2240.23	143
2240.79	125
2241.34	143
2241.89	158
2242.45	125
2243	120
2243.55	138
2244.11	141
2244.66	134
2245.21	134
2245.76	133
2246.32	130
2246.87	139
2247.42	135
2247.98	131
2248.53	135
2249.08	139
2249.63	138
2250.19	116
2250.74	152
2251.29	141
2251.84	130
2252.39	126
2252.95	118
2253.5	129
2254.05	123
2254.6	140
2255.15	124
2255.71	127
2256.26	113
2256.81	134
2257.36	133
2257.91	143
2258.46	123
2259.01	134
2259.57	128
2260.12	137
2260.67	133
2261.22	130
2261.77	131
2262.32	137
2262.87	135
2263.42	131
2263.97	136
2264.52	128
2265.07	123
2265.62	132
2266.18	123
2266.73	125
2267.28	130
2267.83	133
2268.38	109
2268.93	144
2269.48	116
2270.03	121
2270.58	116
2271.13	141
2271.68	120
2272.23	122
2272.78	130
2273.33	127
2273.87	137
2274.42	127
2274.97	120
2275.52	132
2276.07	120
2276.62	130
2277.17	116
2277.72	117
2278.27	137
2278.82	117
2279.37	127
2279.92	124
2280.46	125
2281.01	140
2281.56	136
2282.11	125
2282.66	141
2283.21	120
2283.76	127
2284.3	116
2284.85	112
2285.4	114
2285.95	126
2286.5	121
2287.04	126
2287.59	115
2288.14	126
2288.69	118
2289.24	142
2289.78	121
2290.33	124
2290.88	127
2291.43	131
2291.97	125
2292.52	120
2293.07	128
2293.62	120
2294.16	136
2294.71	130
2295.26	130
2295.8	126
2296.35	119
2296.9	131
2297.44	128
2297.99	116
2298.54	128
2299.08	118
2299.63	124
2300.18	125
2300.72	134
2301.27	122
2301.82	127
2302.36	120
2302.91	113
2303.45	125
2304	119
2304.55	106
2305.09	112
2305.64	111
2306.18	111
2306.73	131
2307.28	122
2307.82	125
2308.37	131
2308.91	132
2309.46	118
2310	118
2310.55	119
2311.09	110
2311.64	115
2312.18	125
2312.73	113
2313.27	118
2313.82	128
2314.36	120
2314.91	110
2315.45	113
2316	123
2316.54	119
2317.09	125
2317.63	117
2318.17	125
2318.72	120
2319.26	123
2319.81	133
2320.35	116
2320.89	122
2321.44	124
2321.98	119
2322.53	124
2323.07	116
2323.61	109
2324.16	118
2324.7	120
2325.24	113
2325.79	125
2326.33	129
2326.87	122
2327.42	131
2327.96	122
2328.5	121
2329.05	112
2329.59	128
2330.13	122
2330.68	125
2331.22	126
2331.76	121
2332.3	115
2332.85	114
2333.39	113
2333.93	139
2334.47	117
2335.02	121
2335.56	123
2336.1	117
2336.64	124
2337.19	115
2337.73	110
2338.27	123
2338.81	127
2339.35	118
2339.89	123
2340.44	116
2340.98	113
2341.52	107
2342.06	105
2342.6	120
2343.14	118
2343.69	117
2344.23	115
2344.77	120
2345.31	100
2345.85	116
2346.39	108
2346.93	123
2347.47	121
2348.01	109
2348.55	112
2349.09	127
2349.64	112
2350.18	110
2350.72	115
2351.26	116
2351.8	107
2352.34	114
2352.88	125
2353.42	126
2353.96	120
2354.5	110
2355.04	106
2355.58	108
2356.12	116
2356.66	105
2357.2	118
2357.74	115
2358.28	108
2358.82	111
2359.36	119
2359.9	112
2360.43	110
2360.97	117
2361.51	113
2362.05	100
2362.59	135
2363.13	107
2363.67	119
2364.21	108
2364.75	110
2365.29	113
2365.82	95
2366.36	108
2366.9	118
2367.44	107
2367.98	108
2368.52	112
2369.06	109
2369.59	103
2370.13	123
2370.67	95
2371.21	110
2371.75	104
2372.28	98
2372.82	114
2373.36	98
2373.9	114
2374.44	117
2374.97	110
2375.51	120
2376.05	114
2376.59	105
2377.12	101
2377.66	115
2378.2	109
2378.73	107
2379.27	106
2379.81	89
2380.35	104
2380.88	99
2381.42	98
2381.96	104
2382.49	120
2383.03	106
2383.57	103
2384.1	108
2384.64	105
2385.18	108
2385.71	112
2386.25	105
2386.78	100
2387.32	98
2387.86	101
2388.39	103
2388.93	108
2389.47	98
2390	116
2390.54	108
2391.07	116
2391.61	105
2392.14	121
2392.68	112
2393.22	97
2393.75	110
2394.29	94
2394.82	106
2395.36	125
2395.89	108
2396.43	98
2396.96	99
2397.5	103
2398.03	98
2398.57	97
2399.1	102
2399.64	99
2400.17	96
2400.71	107
2401.24	95
2401.77	112
2402.31	105
2402.84	109
2403.38	101
2403.91	116
2404.45	101
2404.98	95
2405.51	114
2406.05	104
2406.58	95
2407.12	103
2407.65	102
2408.18	109
2408.72	98
2409.25	108
2409.78	112
2410.32	114
2410.85	103
2411.38	96
2411.92	110
2412.45	89
2412.98	101
2413.52	104
2414.05	105
2414.58	98
2415.12	101
2415.65	88
2416.18	101
2416.71	94
2417.25	108
2417.78	98
2418.31	91
2418.84	105
2419.38	93
2419.91	105
2420.44	94
2420.97	105
2421.51	96
2422.04	92
2422.57	101
2423.1	113
2423.63	95
2424.17	97
2424.7	92
2425.23	98
2425.76	104
2426.29	104
2426.82	106
2427.36	101
2427.89	94
2428.42	89
2428.95	98
2429.48	99
2430.01	99
2430.54	108
2431.07	95
2431.61	96
2432.14	96
2432.67	104
2433.2	94
2433.73	118
2434.26	96
2434.79	95
2435.32	94
2435.85	105
2436.38	88
2436.91	105
2437.44	108
2437.97	93
2438.5	103
2439.03	112
2439.56	86
2440.09	92
2440.62	95
2441.15	96
2441.68	81
2442.21	101
2442.74	91
2443.27	97
2443.8	97
2444.33	102
2444.86	100
2445.39	108
2445.92	104
2446.45	96
2446.98	94
2447.51	102
2448.04	99
2448.56	105
2449.09	91
2449.62	99
2450.15	85
2450.68	99
2451.21	86
2451.74	99
2452.27	94
2452.79	85
2453.32	90
2453.85	105
2454.38	101
2454.91	105
2455.44	96
2455.96	96
2456.49	101
2457.02	93
2457.55	96
2458.08	87
2458.6	90
2459.13	80
2459.66	92
2460.19	86
2460.71	89
2461.24	91
2461.77	94
2462.3	107
2462.82	92
2463.35	91
2463.88	87
2464.41	98
2464.93	87
2465.46	89
2465.99	95
2466.51	90
2467.04	93
2467.57	89
2468.09	94
2468.62	100
2469.15	103
2469.67	104
2470.2	103
2470.73	102
2471.25	99
2471.78	103
2472.31	80
2472.83	104
2473.36	90
2473.88	100
2474.41	96
2474.94	89
2475.46	89
2475.99	81
2476.51	93
2477.04	97
2477.56	93
2478.09	100
2478.62	97
2479.14	102
2479.67	97
2480.19	91
2480.72	79
2481.24	90
2481.77	94
2482.29	95
2482.82	86
2483.34	95
2483.87	92
2484.39	88
2484.92	73
2485.44	88
2485.97	81
2486.49	93
2487.01	90
2487.54	100
2488.06	91
2488.59	101
2489.11	88
2489.64	83
2490.16	90
2490.68	89
2491.21	94
2491.73	82
2492.26	97
2492.78	89
2493.3	95
2493.83	86
2494.35	90
2494.87	94
2495.4	86
2495.92	83
2496.45	88
2496.97	87
2497.49	87
2498.01	98
2498.54	80
2499.06	82
2499.58	90
2500.11	81
2500.63	89
2501.15	94
2501.68	87
2502.2	93
2502.72	82
2503.24	90
2503.77	87
2504.29	84
2504.81	89
2505.33	86
2505.86	87
2506.38	95
2506.9	94
2507.42	88
2507.94	85
2508.47	92
2508.99	90
2509.51	95
2510.03	87
2510.55	94
2511.08	87
2511.6	94
2512.12	95
2512.64	95
2513.16	90
2513.68	97
2514.21	79.0542
2514.73	86.089
2515.25	79.3672
2515.77	87.2063
2516.29	98.7786
2516.81	92.8385
2517.33	99.7423
2517.85	85.3176
2518.37	83.5034
2518.89	90.3875
2519.41	86.8245
2519.94	98.0309
2520.46	74.2414
2520.98	85.7091
2521.5	77.4247
2522.02	91.8496
2522.54	85.8158
2523.06	94.7322
2523.58	81.6324
2524.1	83.2772
2524.62	89.6655
2525.14	84.3849
2525.66	83.3928
2526.18	81.4544
2526.7	86.8339
2527.22	84.2874
2527.74	87.1505
2528.26	91.4622
2528.78	95.0172
2529.3	78.3785
2529.82	75.6046
2530.34	87.1176
2530.86	79.9011
2531.37	81.8717
2531.89	88.6503
2532.41	90.6597
2532.93	80.4988
2533.45	83.0991
2533.97	88.8598
2534.49	86.0836
2535.01	90.4743
2535.53	92.2806
2536.05	86.3276
2536.56	85.674
2537.08	84.2551
2537.6	87.486
2538.12	88.8738
2538.64	82.1938
2539.16	90.173
2539.68	89.1445
2540.19	87.8185
2540.71	89.2468
2541.23	86.4858
2541.75	88.8448
2542.27	88.3896
2542.78	82.787
2543.3	81.9564
2543.82	83.4428
2544.34	81.9078
2544.86	85.5356
2545.37	87.246
2545.89	86.0804
2546.41	94.3291
2546.93	81.6393
2547.44	86.1025
2547.96	94.9359
2548.48	95.0098
2549	88.6118
2549.51	91.4314
2550.03	87.1868
2550.55	90.3946
2551.06	91.2078
2551.58	91.2053
2552.1	92.7182
2552.62	90.6134
2553.13	89.921
2553.65	88.1834
2554.17	90.7865
2554.68	84.8435
2555.2	88.9234
2555.71	90.0893
2556.23	90.3386
2556.75	90.8868
2557.26	92.593
2557.78	92.435
2558.3	82.3871
2558.81	82.4047
2559.33	86.1951
2559.84	86.6817
2560.36	91.891
2560.88	89.9476
2561.39	87.2723
2561.91	94.8154
2562.42	91.736
2562.94	88.9034
2563.46	95.5761
2563.97	91.1057
2564.49	86.4116
2565	90.148
2565.52	83.8816
2566.03	77.0735
2566.55	75.5021
2566.87	73
2567.39	83
2567.91	79
2568.42	81
2568.94	83
2569.46	83
2569.98	86
2570.5	84
2571.02	74
2571.53	81
2572.05	77
2572.57	94
2573.09	82
2573.6	75
2574.12	94
2574.64	87
2575.16	83
2575.68	81
2576.19	88
2576.71	76
2577.23	81
2577.75	94
2578.26	87
2578.78	96
2579.3	88
2579.81	91
2580.33	92
2580.85	87
2581.37	80
2581.88	80
2582.4	85
2582.92	84
2583.43	82
2583.95	83
2584.47	88
2584.98	78
2585.5	86
2586.02	94
2586.53	80
2587.05	81
2587.56	84
2588.08	87
2588.6	89
2589.11	89
2589.63	79
2590.14	87
2590.66	83
2591.18	84.5
2591.69	86
2592.21	84
2592.72	87
2593.24	101
2593.75	86
2594.27	87
2594.78	82
2595.3	81
2595.82	86
2596.33	84
2596.85	80
2597.36	84
2597.88	88
2598.39	92
2598.91	83
2599.42	85
2599.94	78
2600.45	86
2600.97	89
2601.48	87
2601.99	91
2602.51	69
2603.02	88
2603.54	83
2604.05	82
2604.57	81
2605.08	91
2605.59	91
2606.11	92
2606.62	92
2607.14	75
2607.65	82
2608.16	80
2608.68	99
2609.19	78
2609.71	78
2610.22	73
2610.73	79
2611.25	78
2611.76	95
2612.27	75
2612.79	79
2613.3	81
2613.81	99
2614.33	73
2614.84	86
2615.35	81
2615.87	78
2616.38	79
2616.89	83
2617.4	92
2617.92	101
2618.43	72
2618.94	87
2619.46	89
2619.97	78
2620.48	85
2620.99	75
2621.5	81
2622.02	87
2622.53	76
2623.04	82
2623.55	89
2624.07	82
2624.58	81
2625.09	77
2625.6	88
2626.11	90
2626.63	82
2627.14	85
2627.65	78
2628.16	85
2628.67	82
2629.18	74
2629.69	71
2630.21	92
2630.72	87
2631.23	80
2631.74	80
2632.25	75
2632.76	94
2633.27	78
2633.78	82
2634.3	85
2634.81	83
2635.32	85
2635.83	82
2636.34	72
2636.85	78
2637.36	81
2637.87	83
2638.38	79
2638.89	79
2639.4	71
2639.91	77
2640.42	86
2640.93	77
2641.44	77
2641.95	84
2642.46	78
2642.97	81
2643.48	74
2643.99	78
2644.5	79
2645.01	79
2645.52	79
2646.03	69
2646.54	68
2647.05	72
2647.56	66
2648.07	79
2648.58	86
2649.09	85
2649.59	73
2650.1	72
2650.61	91
2651.12	73
2651.63	83
2652.14	85
2652.65	87
2653.16	75
2653.67	84
2654.17	70
2654.68	84
2655.19	68
2655.7	78
2656.21	78
2656.72	82
2657.22	74
2657.73	73
2658.24	82
2658.75	80
2659.26	90
2659.77	82
2660.27	62
2660.78	73
2661.29	68
2661.8	70
2662.3	79
2662.81	65
2663.32	75
2663.83	80
2664.34	78
2664.84	79
2665.35	86
2665.86	79
2666.36	76
2666.87	83
2667.38	70
2667.89	81
2668.39	74
2668.9	77
2669.41	79
2669.91	75
2670.42	72
2670.93	74
2671.43	71
2671.94	78
2672.45	69
2672.95	81
2673.46	67
2673.97	86
2674.47	78
2674.98	78
2675.48	83
2675.99	82
2676.5	89
2677	75
2677.51	77
2678.01	79
2678.52	74
2679.03	79
2679.53	85
2680.04	90
2680.54	70
2681.05	66
2681.55	81
2682.06	76
2682.57	71
2683.07	81
2683.58	77
2684.08	76
2684.59	81
2685.09	80
2685.6	78
2686.1	72
2686.61	78
2687.11	76
2687.62	86
2688.12	81
2688.63	75
2689.13	80
2689.63	73
2690.14	66
2690.64	79
2691.15	76
2691.65	70
2692.16	82
2692.66	87
2693.17	82
2693.67	84
2694.17	78
2694.68	90
2695.18	79
2695.69	78
2696.19	84
2696.69	79
2697.2	84
2697.7	82
2698.2	77
2698.71	71
2699.21	81
2699.71	80
2700.22	72
2700.72	78
2701.22	72
2701.73	80
2702.23	82
2702.73	70
2703.24	77
2703.74	86
2704.24	70
2704.75	77
2705.25	87
2705.75	72
2706.25	81
2706.76	72
2707.26	72
2707.76	76
2708.26	87
2708.77	73
2709.27	80
2709.77	84
2710.27	71
2710.78	74
2711.28	79
2711.78	69
2712.28	78
2712.78	66
2713.29	82
2713.79	69
2714.29	82
2714.79	75
2715.29	71
2715.79	76
2716.3	76
2716.8	82
2717.3	66
2717.8	64
2718.3	77
2718.8	84
2719.3	82
2719.81	72
2720.31	84
2720.81	72
2721.31	75
2721.81	82
2722.31	73
2722.81	78
2723.31	66
2723.81	72
2724.31	64
2724.81	81
2725.31	79
2725.82	81
2726.32	78
2726.82	71
2727.32	69
2727.82	73
2728.32	77
2728.82	65
2729.32	77
2729.82	75
2730.32	81
2730.82	72
2731.32	74
2731.82	67
2732.32	81
2732.82	72
2733.32	76
2733.82	67
2734.31	65
2734.81	67
2735.31	73
2735.81	87
2736.31	72
2736.81	83
2737.31	82
2737.81	79
2738.31	63
2738.81	74
2739.31	86
2739.81	74
2740.3	65
2740.8	80
2741.3	72
2741.8	72
2742.3	79
2742.8	79
2743.3	80
2743.79	69
2744.29	68
2744.79	73
2745.29	77
2745.79	64
2746.29	67
2746.78	73
2747.28	75
2747.78	78
2748.28	75
2748.78	59
2749.27	74
2749.77	73
2750.27	79
2750.77	67
2751.26	64
2751.76	78
2752.26	74
2752.76	79
2753.25	67
2753.75	62
2754.25	74
2754.75	67
2755.24	71
2755.74	72
2756.24	70
2756.73	66
2757.23	74
2757.73	70
2758.22	65
2758.72	68
2759.22	66
2759.72	65
2760.21	66
2760.71	68
2761.2	72
2761.7	69
2762.2	77
2762.69	68
2763.19	77
2763.69	69
2764.18	73
2764.68	65
2765.17	73
2765.67	67
2766.17	66
2766.66	71
2767.16	66
2767.65	72
2768.15	79
2768.65	68
2769.14	65
2769.64	70
2770.13	72
2770.63	73
2771.12	63
2771.62	63
2772.11	84
2772.61	68
2773.1	66
2773.6	65
2774.09	61
2774.59	74
2775.08	76
2775.58	67
2776.07	65
2776.57	60
2777.06	68
2777.56	74
2778.05	71
2778.55	70
2779.04	72
2779.53	65
2780.03	65
2780.52	68
2781.02	64
2781.51	73
2782.01	69
2782.5	57
2782.99	69
2783.49	72
2783.98	72
2784.47	72
2784.97	76
2785.46	60
2785.96	79
2786.45	74
2786.94	65
2787.44	73
2787.93	66
2788.42	60
2788.92	69
2789.41	66
2789.9	69
2790.4	64
2790.89	73
2791.38	70
2791.88	75
2792.37	66
2792.86	62
2793.35	70
2793.85	60
2794.34	70
2794.83	68
2795.33	67
2795.82	68
2796.31	71
2796.8	63
2797.3	66
2797.79	65
2798.28	63
2798.77	62
2799.26	63
2799.76	64
2800.25	67
2800.74	66
2801.23	63
2801.72	77
2802.22	64
2802.71	66
2803.2	67
2803.69	63
2804.18	72
2804.67	65
2805.17	70
2805.66	71
2806.15	71
2806.64	72
2807.13	74
2807.62	69
2808.11	65
2808.6	61
2809.1	61
2809.59	74
2810.08	73
2810.57	62
2811.06	63
2811.55	74
2812.04	71
2812.53	69
2813.02	57
2813.51	72
2814	73
2814.49	65
2814.98	80
2815.47	72
2815.96	70
2816.45	60
2816.94	64
2817.44	65
2817.93	59
2818.42	75
2818.91	68
2819.39	63
2819.88	64
2820.37	73
2820.86	73
2821.35	67
2821.84	53
2822.33	60
2822.82	66
2823.31	64
2823.8	68
2824.29	77
2824.78	68
2825.27	72
2825.76	78
2826.25	56
2826.74	62
2827.23	78
2827.71	68
2828.2	67
2828.69	67
2829.18	65
2829.67	68
2830.16	73
2830.65	67
2831.14	68
2831.62	75
2832.11	71
2832.6	71
2833.09	57
2833.58	69
2834.07	66
2834.55	70
2835.04	71
2835.53	63
2836.02	74
2836.51	65
2836.99	77
2837.48	60
2837.97	71
2838.46	69
2838.95	75
2839.43	67
2839.92	78
2840.41	78
2840.9	68
2841.38	72
2841.87	69
2842.36	72
2842.84	79
2843.33	85
2843.82	83
2844.31	80
2844.79	77
2845.28	79
2845.77	69
2846.25	77
2846.74	74
2847.23	75
2847.71	56
2848.2	70
2848.69	72
2849.17	76
2849.66	67
2850.15	80
2850.63	79
2851.12	82
2851.61	84
2852.09	70
2852.58	75
2853.06	77
2853.55	81
2854.04	89
2854.52	84
2855.01	69
2855.49	82
2855.98	90
2856.46	85
2856.95	74
2857.44	71
2857.92	68
2858.41	88
2858.89	82
2859.38	67
2859.86	78
2860.35	75
2860.83	85
2861.32	80
2861.8	91
2862.29	93
2862.77	92
2863.26	89
2863.74	90
2864.23	83
2864.71	82
2865.2	96
2865.68	96
2866.17	87
2866.65	80
2867.14	91
2867.62	91
2868.1	85
2868.59	90
2869.07	91
2869.56	93
2870.04	95
2870.53	93
2871.01	91
2871.49	98
2871.98	97
2872.46	91
2872.95	104
2873.43	85
2873.91	99
2874.4	92
2874.88	103
2875.36	86
2875.85	108
2876.33	88
2876.81	109
2877.3	98
2877.78	101
2878.26	89
2878.75	105
2879.23	92
2879.71	109
2880.2	97
2880.68	98
2881.16	103
2881.65	97
2882.13	103
2882.61	112
2883.09	105
2883.58	102
2884.06	94
2884.54	99
2885.02	106
2885.51	97
2885.99	100
2886.47	106
2886.95	111
2887.44	99
2887.92	101
2888.4	111
2888.88	112
2889.36	111
2889.85	109
2890.33	115
2890.81	104
2891.29	116
2891.77	90
2892.26	105
2892.74	110
2893.22	113
2893.7	103
2894.18	108
2894.66	111
2895.14	106
2895.63	117
2896.11	116
2896.59	95
2897.07	99
2897.55	99
2898.03	99
2898.51	108
2898.99	98
2899.47	128
2899.95	111
2900.44	110
2900.92	98
2901.4	108
2901.88	100
2902.36	114
2902.84	110
2903.32	124
2903.8	102
2904.28	118
2904.76	109
2905.24	90
2905.72	95
2906.2	114
2906.68	98
2907.16	106
2907.64	106
2908.12	102
2908.6	100
2909.08	117
2909.56	102
2910.04	105
2910.52	108
2911	108
2911.48	95
2911.96	108
2912.44	91
2912.92	100
2913.39	98
2913.87	91
2914.35	97
2914.83	92
2915.31	98
2915.79	103
2916.27	99
2916.75	101
2917.23	107
2917.71	93
2918.19	96
2918.66	96
2919.14	99
2919.62	89
2920.1	92
2920.58	92
2921.06	88
2921.53	96
2922.01	92
2922.49	88
2922.97	96
2923.45	88
2923.93	84
2924.4	85
2924.88	80
2925.36	79
2925.84	89
2926.32	87
2926.79	89
2927.27	77
2927.75	85
2928.23	88
2928.7	80
2929.18	90
2929.66	83
2930.14	78
2930.61	87
2931.09	89
2931.57	83
2932.05	82
2932.52	84
2933	86
2933.48	73
2933.95	81
2934.43	95
2934.91	81
2935.38	78
2935.86	103
2936.34	94
2936.81	83
2937.29	89
2937.77	83
2938.24	84
2938.72	79
2939.2	78
2939.67	80
2940.15	81
2940.63	86
2941.1	75
2941.58	95
2942.05	82
2942.53	80
2943.01	84
2943.48	85
2943.96	76
2944.43	76
2944.91	79
2945.39	87
2945.86	84
2946.34	72
2946.81	90
2947.29	74
2947.76	79
2948.24	78
2948.71	87
2949.19	82
2949.66	90
2950.14	77
2950.61	80
2951.09	73
2951.56	85
2952.04	73
2952.51	77
2952.99	87
2953.46	75
2953.94	80
2954.41	78
2954.89	72
2955.36	83
2955.84	78
2956.31	81
2956.79	62
2957.26	67
2957.73	82
2958.21	82
2958.68	69
2959.16	84
2959.63	72
2960.11	74
2960.58	72
2961.05	63
2961.53	70
2962	84
2962.48	74
2962.95	59
2963.42	72
2963.9	76
2964.37	73
2964.84	77
2965.32	69
2965.79	79
2966.26	73
2966.74	83
2967.21	66
2967.68	61
2968.16	86
2968.63	68
2969.1	71
2969.58	72
2970.05	73
2970.52	66
2970.99	69
2971.47	63
2971.94	66
2972.41	64
2972.88	81
2973.36	77
2973.83	67.9217
2974.3	58.9414
2974.77	62.0702
2975.25	67.8559
2975.72	57.2403
2976.19	64.7048
2976.66	76.0452
2977.14	60.7422
2977.61	65.4845
2978.08	62.9952
2978.55	61.1024
2979.02	62.9811
2979.5	62.9785
2979.97	59.8455
2980.44	69.7521
2980.91	60.8586
2981.38	59.3627
2981.85	63.0246
2982.33	55.1057
2982.8	63.6388
2983.27	63.9343
2983.74	66.0592
2984.21	52.1919
2984.68	66.9624
2985.15	59.4519
2985.63	59.2635
2986.1	62.5196
2986.57	61.4554
2987.04	59.3696
2987.51	54.7847
2987.98	60.5301
2988.45	57.2446
2988.92	57.6892
2989.39	56.044
2989.86	57.617
2990.33	59.9218
2990.81	64.4745
2991.28	53.599
2991.75	59.7798
2992.22	56.6369
2992.69	55
2993.16	59.8036
2993.63	57.9068
2994.1	61.5081
2994.57	52.1944
2995.04	57.3707
2995.51	58.8831
2995.98	58.5462
2996.45	52.3236
2996.92	55.8216
2997.39	58.3851
2997.86	58.203
2998.33	54.7037
2998.8	50.5502
2999.27	56
2999.74	52.8377
3000.21	51.3546
3000.68	55.3647
3001.15	58.2243
3001.61	54.7162
3002.08	54.3355
3002.55	53.4227
3003.02	55.7775
3003.49	51.2031
3003.96	61.9162
3004.43	57.2054
3004.9	53.5465
3005.37	54.4429
3005.84	51.6367
3006.31	52.9123
3006.77	57.2127
3007.24	55.9959
3007.71	57.2822
3008.18	55.0296
3008.65	55.7846
3009.12	52.1744
3009.59	53.06
3010.05	50.5459
3010.52	52.5358
3010.99	52.5562
3011.46	51.9291
3011.93	54.4552
3012.4	53.2292
3012.86	53.4449
3013.33	54.188
3013.8	54.8465
3014.27	53.3955
3014.74	53.3089
3015.2	56.4222
3015.67	49.0816
3016.14	40.9393
3016.61	47.229
3017.07	55.2155
3017.54	57.1415
3018.01	60.1099
3018.48	59.2213
3018.95	55.0916
3019.41	49.4132
3019.88	51.0427
3020.35	53.9517
3020.81	51.015
3021.05	50
3021.52	50
3021.99	54
3022.46	56
3022.93	58
3023.4	47
3023.87	48
3024.34	57
3024.81	55
3025.28	49
3025.75	61
3026.22	49
3026.69	58
3027.16	45
3027.63	47
3028.1	50
3028.57	43
3029.04	60
3029.51	55
3029.98	57
3030.44	57
3030.91	66
3031.38	52
3031.85	45
3032.32	47
3032.79	45
3033.26	54
3033.73	52
3034.2	49
3034.67	56
3035.14	56
3035.6	52
3036.07	49
3036.54	55
3037.01	49
3037.48	51
3037.95	50
3038.42	49
3038.89	46
3039.35	46
3039.82	41
3040.29	51
3040.76	47
3041.23	47
3041.7	54
3042.16	49
3042.63	51
3043.1	63
3043.57	54
3044.04	45
3044.5	41
3044.97	54
3045.44	59
3045.91	57
3046.37	54
3046.84	45
3047.31	43
3047.78	57
3048.24	41
3048.71	47
3049.18	49.5
3049.65	52
3050.11	47
3050.58	47
3051.05	46
3051.52	45
3051.98	45
3052.45	52
3052.92	44
3053.38	49
3053.85	44
3054.32	56
3054.78	52
3055.25	55
3055.72	56
3056.18	51
3056.65	51
3057.12	51
3057.58	47
3058.05	43
3058.52	42
3058.98	50
3059.45	48
3059.91	51
3060.38	49
3060.85	53
3061.31	58
3061.78	47
3062.25	50
3062.71	50
3063.18	47
3063.64	58
3064.11	55
3064.57	53
3065.04	57
3065.5	50
3065.97	47
3066.44	46
3066.9	55
3067.37	44
3067.83	52
3068.3	47
3068.76	49
3069.23	42
3069.69	50
3070.16	56
3070.62	56
3071.09	50
3071.55	52
3072.02	51
3072.48	48
3072.95	52
3073.41	49
3073.88	50
3074.34	52
3074.8	54
3075.27	44
3075.73	43
3076.2	46
3076.66	51
3077.13	53
3077.59	49
3078.06	47
3078.52	48
3078.98	44
3079.45	50
3079.91	54
3080.38	47
3080.84	48
3081.3	54
3081.77	52
3082.23	50
3082.69	51
3083.16	42
3083.62	48
3084.09	56
3084.55	43
3085.01	49
3085.48	51
3085.94	54
3086.4	48
3086.87	50
3087.33	36
3087.79	59
3088.26	50
3088.72	52
3089.18	41
3089.64	50
3090.11	51
3090.57	48
3091.03	55
3091.5	51
3091.96	48
3092.42	48
3092.88	45
3093.35	56
3093.81	42
3094.27	41
3094.73	46
3095.19	51
3095.66	42
3096.12	46
3096.58	44
3097.04	48
3097.51	57
3097.97	53
3098.43	49
3098.89	46
3099.35	55
3099.82	48
3100.28	46
3100.74	48
3101.2	46
3101.66	41
3102.12	45
3102.59	51
3103.05	42
3103.51	51
3103.97	55
3104.43	47
3104.89	49
3105.35	54
3105.81	45
3106.28	45
3106.74	43
3107.2	46
3107.66	51
3108.12	45
3108.58	46
3109.04	45
3109.5	54
3109.96	38
3110.42	49
3110.88	55
3111.34	46
3111.8	43
3112.26	49
3112.73	49
3113.19	51
3113.65	52
3114.11	50
3114.57	46
3115.03	51
3115.49	44
3115.95	49
3116.41	46
3116.87	43
3117.33	40
3117.79	52
3118.25	41
3118.71	52
3119.17	47
3119.63	45
3120.09	46
3120.55	52
3121	47
3121.46	42
3121.92	38
3122.38	48
3122.84	53
3123.3	47
3123.76	54
3124.22	34
3124.68	50
3125.14	42
3125.6	48
3126.06	46
3126.51	53
3126.97	55
3127.43	48
3127.89	41
3128.35	42
3128.81	43
3129.27	40
3129.73	52
3130.18	46
3130.64	55
3131.1	49
3131.56	38
3132.02	47
3132.48	47
3132.93	52
3133.39	41
3133.85	47
3134.31	41
3134.77	46
3135.22	46
3135.68	42
3136.14	44
3136.6	52
3137.06	48
3137.51	49
3137.97	51
3138.43	37
3138.89	46
3139.34	51
3139.8	44
3140.26	45
3140.72	51
3141.17	47
3141.63	51
3142.09	46
3142.54	53
3143	53
3143.46	46
3143.91	49
3144.37	50
3144.83	46
3145.29	47
3145.74	39
3146.2	45
3146.66	46
3147.11	42
3147.57	42
3148.03	40
3148.48	44
3148.94	44
3149.39	49
3149.85	47
3150.31	52
3150.76	53
3151.22	42
3151.68	50
3152.13	40
3152.59	45
3153.04	46
3153.5	46
3153.96	44
3154.41	42
3154.87	45
3155.32	46
3155.78	46
3156.23	42
3156.69	46
3157.15	43
3157.6	46
3158.06	43
3158.51	43
3158.97	47
3159.42	49
3159.88	43
3160.33	44
3160.79	41
3161.24	50
3161.7	51
3162.15	45
3162.61	41
3163.06	47
3163.52	54
3163.97	44
3164.43	51
3164.88	54
3165.34	52
3165.79	49
3166.25	44
3166.7	56
3167.16	41
3167.61	51
3168.06	46
3168.52	42
3168.97	42
3169.43	47
3169.88	41
3170.34	44
3170.79	49
3171.24	39
3171.7	44
3172.15	44
3172.6	37
3173.06	39
3173.51	49
3173.97	49
3174.42	44
3174.87	36
3175.33	46
3175.78	48
3176.23	46
3176.69	40
3177.14	43
3177.59	40
3178.05	43
3178.5	40
3178.95	43
3179.41	44
3179.86	50
3180.31	42
3180.77	40
3181.22	48
3181.67	41
3182.12	45
3182.58	49
3183.03	39
3183.48	56
3183.93	40
3184.39	49
3184.84	48
3185.29	49
3185.75	37
3186.2	44
3186.65	46
3187.1	38
3187.55	49
3188.01	48
3188.46	47
3188.91	36
3189.36	44
3189.81	48
3190.27	49
3190.72	49
3191.17	50
3191.62	56
3192.07	48
3192.53	50
3192.98	53
3193.43	43
3193.88	51
3194.33	47
3194.78	43
3195.23	40
3195.69	43
3196.14	45
3196.59	43
3197.04	49
3197.49	40
3197.94	47
3198.39	48
3198.84	54
3199.3	44
3199.75	57
3200.2	43
3200.65	43
3201.1	48
3201.55	42
3202	41
3202.45	50
3202.9	41
3203.35	44
3203.8	50
3204.25	41
3204.7	41
3205.15	46
3205.6	45
3206.05	45
3206.5	43
3206.95	50
3207.4	48
3207.85	47
3208.3	42
3208.75	45
3209.2	44
3209.65	49
3210.1	35
3210.55	43
3211	49
3211.45	48
3211.9	45
3212.35	44
3212.8	44
3213.25	54
3213.7	38
3214.15	50
3214.6	39
3215.05	37
3215.5	44
3215.95	48
3216.4	44
3216.84	45
3217.29	42
3217.74	43
3218.19	38
3218.64	52
3219.09	44
3219.54	41
3219.99	41
3220.43	52
3220.88	45
3221.33	48
3221.78	44
3222.23	51
3222.68	44
3223.13	45
3223.57	45
3224.02	36
3224.47	45
3224.92	46
3225.37	48
3225.81	40
3226.26	48
3226.71	53
3227.16	47
3227.61	42
3228.05	43
3228.5	45
3228.95	43
3229.4	43
3229.84	43
3230.29	48
3230.74	44
3231.19	43
3231.64	47
3232.08	42
3232.53	47
3232.98	52
3233.42	46
3233.87	47
3234.32	51
3234.76	50
3235.21	51
3235.66	48
3236.11	51
3236.55	39
3237	51
3237.45	45
3237.89	44
3238.34	39
3238.79	43
3239.23	43
3239.68	46
3240.13	52
3240.57	43
3241.02	41
3241.47	44
3241.91	40
3242.36	45
3242.81	41
3243.25	44
3243.7	37
3244.14	42
3244.59	42
3245.03	49
3245.48	46
3245.93	47
3246.37	40
3246.82	53
3247.26	40
3247.71	39
3248.16	52
3248.6	43
3249.05	41
3249.49	36
3249.94	42
3250.38	45
3250.83	34
3251.27	42
3251.72	48
3252.16	47
3252.61	43
3253.05	46
3253.5	39
3253.94	46
3254.39	45
3254.83	47
3255.28	46
3255.72	39
3256.17	43
3256.61	40
3257.06	43
3257.5	47
3257.95	39
3258.39	47
3258.84	46
3259.28	40
3259.72	42
3260.17	37
3260.61	44
3261.06	54
3261.5	48
3261.95	46
3262.39	49
3262.83	45
3263.28	48
3263.72	44
3264.17	47
3264.61	40
3265.05	41
3265.5	36
3265.94	47
3266.38	50
3266.83	37
3267.27	49
3267.72	43
3268.16	44
3268.6	44
3269.05	36
3269.49	41
3269.93	40
3270.38	37
3270.82	42
3271.26	41
3271.71	34
3272.15	50
3272.59	35
3273.03	42
3273.48	43
3273.92	44
3274.36	46
3274.81	41
3275.25	44
3275.69	34
3276.13	48
3276.58	49
3277.02	45
3277.46	42
3277.9	51
3278.34	33
3278.79	49
3279.23	44
3279.67	43
3280.11	44
3280.56	42
3281	43
3281.44	42
3281.88	50
3282.32	45
3282.77	38
3283.21	42
3283.65	41
3284.09	31
3284.53	46
3284.98	43
3285.42	49
3285.86	46
3286.3	44
3286.74	37
3287.18	41
3287.62	40
3288.06	44
3288.51	40
3288.95	49
3289.39	38
3289.83	54
3290.27	50
3290.71	49
3291.15	44
3291.59	39
3292.03	40
3292.48	39
3292.92	43
3293.36	49
3293.8	42
3294.24	51
3294.68	42
3295.12	46
3295.56	44
3296	48
3296.44	46
3296.88	44
3297.32	43
3297.76	45
3298.2	39
3298.64	39
3299.08	35
3299.52	45
3299.96	47
3300.4	46
3300.84	43
3301.28	47
3301.72	52
3302.16	41
3302.6	40
3303.04	42
3303.48	47
3303.92	40
3304.36	48
3304.8	44
3305.24	35
3305.68	45
3306.12	41
3306.56	44
3307	39
3307.44	50
3307.87	43
3308.31	51
3308.75	43
3309.19	39
3309.63	41
3310.07	47
3310.51	42
3310.95	42
3311.39	41
3311.82	41
3312.26	49
3312.7	44
3313.14	43
3313.58	39
3314.02	47
3314.46	46
3314.89	39
3315.33	46
3315.77	38
3316.21	48
3316.65	36
3317.09	43
3317.52	49
3317.96	46
3318.4	45
3318.84	42
3319.28	36
3319.71	36
3320.15	44
3320.59	43
3321.03	49
3321.46	44
3321.9	38
3322.34	39
3322.78	41
3323.22	38
3323.65	40
3324.09	45
3324.53	48
3324.96	40
3325.4	48
3325.84	44
3326.28	43
3326.71	47
3327.15	38
3327.59	52
3328.02	43
3328.46	39
3328.9	43
3329.33	45
3329.77	44
3330.21	44
3330.65	41
3331.08	42
3331.52	44
3331.95	40
3332.39	41
3332.83	36
3333.26	37
3333.7	41
3334.14	43
3334.57	44
3335.01	38
3335.44	39
3335.88	51
3336.32	35
3336.75	37
3337.19	45
3337.63	47
3338.06	39
3338.5	38
3338.93	39
3339.37	39
3339.8	44
3340.24	49
3340.68	57
3341.11	36
3341.55	35
3341.98	46
3342.42	35
3342.85	40
3343.29	47
3343.72	41
3344.16	38
3344.59	33
3345.03	46
3345.46	42
3345.9	41
3346.33	39
3346.77	49
3347.2	40
3347.64	40
3348.07	38
3348.51	40
3348.94	33
3349.38	39
3349.81	43
3350.25	43
3350.68	45
3351.12	36
3351.55	38
3351.99	37
3352.42	48
3352.85	42
3353.29	45
3353.72	50
3354.16	44
3354.59	36
3355.02	42
3355.46	52
3355.89	45
3356.33	47
3356.76	37
3357.19	40
3357.63	40
3358.06	39
3358.49	33
3358.93	37
3359.36	39
3359.8	39
3360.23	46
3360.66	37
3361.1	41
3361.53	38
3361.96	42
3362.4	41
3362.83	35
3363.26	37
3363.7	43
3364.13	40
3364.56	34
3364.99	37
3365.43	36
3365.86	38
3366.29	39
3366.73	43
3367.16	46
3367.59	42
3368.02	35
3368.46	43
3368.89	45
3369.32	40
3369.75	46
3370.19	40
3370.62	43
3371.05	43
3371.48	42
3371.92	34
3372.35	38
3372.78	43
3373.21	40
3373.64	46
3374.08	36
3374.51	40
3374.94	31
3375.37	35
3375.8	37
3376.24	42
3376.67	42
3377.1	40
3377.53	52
3377.96	37
3378.39	38
3378.82	45
3379.26	42
3379.69	46
3380.12	37
3380.55	37
3380.98	36
3381.41	40
3381.84	41
3382.28	48
3382.71	44
3383.14	41
3383.57	47
3384	43
3384.43	40
3384.86	40
3385.29	31
3385.72	44
3386.15	40
3386.58	45
3387.02	36
3387.45	38
3387.88	40
3388.31	43
3388.74	41
3389.17	37
3389.6	45
3390.03	43
3390.46	45
3390.89	42.9363
3391.32	39.8954
3391.75	41.874
3392.18	42.9501
3392.61	41.9202
3393.04	45.6975
3393.47	43.9846
3393.9	44.6488
3394.33	37.8313
3394.76	37.9693
3395.19	38.1029
3395.62	35.8203
3396.05	41.447
3396.48	40.1532
3396.91	36.1099
3397.34	42.1237
3397.76	46.5999
3398.19	41.6843
3398.62	40.4175
3399.05	43.7004
3399.48	35.9232
3399.91	45.7238
3400.34	38.9291
3400.77	42.486
3401.2	42.9424
3401.63	42.6478
3402.06	38.3349
3402.49	41.6348
3402.91	36.5821
3403.34	37.5613
3403.77	36.8306
3404.2	47.7115
3404.63	38.748
3405.06	38.1094
3405.49	36.9047
3405.92	37.2224
3406.34	36.3502
3406.77	40.1345
3407.2	40.2049
3407.63	40.3262
3408.06	36.377
3408.49	38.1568
3408.91	36.5608
3409.34	39.3235
3409.77	35.7316
3410.2	42.3864
3410.63	36.9746
3411.05	41.9851
3411.48	41.8123
3411.91	42.1697
3412.34	43.856
3412.77	41.9462
3413.19	37.0866
3413.62	39.4314
3414.05	39.3739
3414.48	38.6897
3414.9	36.9358
3415.33	41.1274
3415.76	41.8889
3416.19	38.1839
3416.61	37.8167
3417.04	32.5313
3417.47	39.6054
3417.9	38.4025
3418.32	38.2059
3418.75	39.7483
3419.18	41.6997
3419.61	36.5567
3420.03	39.8436
3420.46	39.853
3420.89	39.5441
3421.31	38.7996
3421.74	36.8459
3422.17	43.1176
3422.59	37.3277
3423.02	45.4293
3423.45	38.4
3423.87	40.3488
3424.3	40.6912
3424.73	40.3808
3425.15	39.4027
3425.58	38.8809
3426.01	33.7239
3426.43	40.8996
3426.86	45.9308
3427.28	43.6765
3427.71	41.5666
3428.14	34.7307
3428.56	43.3642
3428.99	38.8308
3429.42	37.2842
3429.84	38.3991
3430.27	38.1313
3430.69	35.5179
3431.12	40.7794
3431.54	41.4422
3431.97	43.4304
3432.4	37.6656
3432.82	45.3048
3433.25	33.3359
3433.67	36.2193
3434.1	41.8039
3434.52	35
3434.95	39
3435.37	43
3435.8	38
3436.23	39
3436.66	37
3437.09	35
3437.51	33
3437.94	48
3438.37	46
3438.8	40
3439.23	34
3439.66	44
3440.08	39
3440.51	37
3440.94	41
3441.37	46
3441.79	36
3442.22	35
3442.65	40
3443.08	36
3443.51	38
3443.93	38
3444.36	36
3444.79	38
3445.22	42
3445.64	35
3446.07	41
3446.5	36
3446.92	36
3447.35	38
3447.78	38
3448.21	41
3448.63	43
3449.06	39
3449.49	34
3449.91	44
3450.34	44
3450.77	37
3451.19	38
3451.62	39
3452.05	36
3452.47	37
3452.9	29
3453.33	48
3453.75	36
3454.18	35
3454.61	36.5
3455.03	38
3455.46	40
3455.89	36
3456.31	39
3456.74	34
3457.16	35
3457.59	41
3458.02	43
3458.44	42
3458.87	37
3459.29	36
3459.72	34.5
3460.15	33
3460.57	36
3461	36
3461.42	45
3461.85	40
3462.27	32
3462.7	44
3463.13	43
3463.55	34
3463.98	35
3464.4	39
3464.83	39
3465.25	42
3465.68	42
3466.1	41
3466.53	36
3466.95	39
3467.38	39
3467.8	39
3468.23	38
3468.65	38
3469.08	35
3469.5	36
3469.93	38
3470.35	38
3470.78	38
3471.2	33
3471.63	35
3472.05	38
3472.48	38
3472.9	31
3473.32	38
3473.75	37
3474.17	40
3474.6	42
3475.02	42
3475.45	42
3475.87	30
3476.29	36
3476.72	42
3477.14	45
3477.57	44
3477.99	37
3478.41	32
3478.84	36
3479.26	37
3479.69	42
3480.11	37
3480.53	39
3480.96	42
3481.38	42
3481.8	40
3482.23	35
3482.65	39
3483.07	36
3483.5	35
3483.92	39
3484.34	37
3484.77	38
3485.19	37
3485.61	36
3486.04	39
3486.46	38
3486.88	44
3487.31	44
3487.73	38
3488.15	40
3488.57	36
3489	35
3489.42	43
3489.84	32
3490.27	46
3490.69	38
3491.11	32
3491.53	41
3491.96	35
3492.38	42
3492.8	44
3493.22	42
3493.64	38
3494.07	39
3494.49	40
3494.91	36
3495.33	42
3495.76	41
3496.18	41
3496.6	45
3497.02	39
3497.44	34
3497.86	44
3498.29	32
3498.71	29
3499.13	42
3499.55	36
3499.97	43
3500.4	44
3500.82	44
3501.24	31
3501.66	43
3502.08	38
3502.5	44
3502.92	39
3503.34	42
3503.77	44
3504.19	41
3504.61	35
3505.03	42
3505.45	39
3505.87	39
3506.29	40
3506.71	36
3507.14	43
3507.56	38
3507.98	40
3508.4	40
3508.82	42
3509.24	39
3509.66	41
3510.08	34
3510.5	39
3510.92	37
3511.34	28
3511.76	54
3512.18	36
3512.6	43
3513.02	37
3513.44	37
3513.86	40
3514.28	37
3514.7	39
3515.12	32
3515.54	41
3515.96	45
3516.38	36
3516.8	46
3517.22	46
3517.64	36
3518.06	46
3518.48	39
3518.9	42
3519.32	32
3519.74	47
3520.16	32
3520.58	40
3521	45
3521.42	35
3521.84	35
3522.26	29
3522.68	33
3523.09	35
3523.51	36
3523.93	37
3524.35	38
3524.77	37
3525.19	36
3525.61	46
3526.03	38
3526.45	46
3526.87	36
3527.28	40
3527.7	46
3528.12	38
3528.54	39
3528.96	41
3529.38	45
3529.8	42
3530.21	45
3530.63	43
3531.05	37
3531.47	38
3531.89	44
3532.31	45
3532.72	38
3533.14	49
3533.56	38
3533.98	40
3534.4	40
3534.81	46
3535.23	41
3535.65	40
3536.07	37
3536.49	32
3536.9	35
3537.32	40
3537.74	42
3538.16	47
3538.57	46
3538.99	35
3539.41	38
3539.83	34
3540.24	38
3540.66	33
3541.08	41
3541.5	38
3541.91	36
3542.33	49
3542.75	33
3543.16	36
3543.58	46
3544	36
3544.42	36
3544.83	44
3545.25	37
3545.67	43
3546.08	39
3546.5	39
3546.92	47
3547.33	39
3547.75	40
3548.17	38
3548.58	44
3549	35
3549.41	35
3549.83	39
3550.25	38
3550.66	37
3551.08	38
3551.5	39
3551.91	41
3552.33	33
3552.74	42
3553.16	38
3553.58	41
3553.99	38
3554.41	40
3554.82	36
3555.24	43
3555.66	40
3556.07	43
3556.49	31
3556.9	31
3557.32	45
3557.73	41
3558.15	44
3558.57	47
3558.98	40
3559.4	33
3559.81	38
3560.23	39
3560.64	43
3561.06	35
3561.47	43
3561.89	36
3562.3	40
3562.72	37
3563.13	33
3563.55	46
3563.96	33
3564.38	40
3564.79	39
3565.21	39
3565.62	48
3566.04	43
3566.45	53
3566.86	41
3567.28	38
3567.69	36
3568.11	40
3568.52	40
3568.94	43
3569.35	43
3569.77	35
3570.18	41
3570.59	47
3571.01	47
3571.42	38
3571.84	39
3572.25	40
3572.66	41
3573.08	42
3573.49	44
3573.91	43
3574.32	33
3574.73	43
3575.15	33
3575.56	35
3575.97	41
3576.39	41
3576.8	42
3577.22	35
3577.63	44
3578.04	46
3578.46	32
3578.87	33
3579.28	41
3579.7	45
3580.11	40
3580.52	43
3580.93	41
3581.35	36
3581.76	36
3582.17	36
3582.59	41
3583	34
3583.41	40
3583.83	41
3584.24	42
3584.65	41
3585.06	42
3585.48	32
3585.89	37
3586.3	40
3586.71	40
3587.13	40
3587.54	39
3587.95	34
3588.36	49
3588.78	42
3589.19	39
3589.6	42
3590.01	38
3590.42	40
3590.84	41
3591.25	44
3591.66	35
3592.07	41
3592.48	43
3592.9	37
3593.31	46
3593.72	41
3594.13	35
3594.54	42
3594.95	31
3595.37	39
3595.78	42
3596.19	45
3596.6	38
3597.01	39
3597.42	36
3597.84	38
3598.25	38
3598.66	33
3599.07	45
3599.48	35
3599.89	44
3600.3	44
3600.71	39
3601.12	31
3601.53	41
3601.95	42
3602.36	38
3602.77	38
3603.18	35
3603.59	41
3604	38
3604.41	37
3604.82	47
3605.23	40
3605.64	37
3606.05	37
3606.46	38
3606.87	48
3607.28	40
3607.69	39
3608.1	44
3608.51	41
3608.93	33
3609.33	41
3609.74	42
3610.15	42
3610.56	36
3610.97	36
3611.38	47
3611.79	41
3612.2	41
3612.61	43
3613.02	51
3613.43	31
3613.84	46
3614.25	39
3614.66	41
3615.07	44
3615.48	37
3615.89	40
3616.3	46
3616.71	45
3617.12	40
3617.53	42
3617.94	38
3618.35	41
3618.76	40
3619.16	40
3619.57	38
3619.98	46
3620.39	38
3620.8	43
3621.21	43
3621.62	42
3622.03	42
3622.44	36
3622.84	35
3623.25	34
3623.66	32
3624.07	40
3624.48	37
3624.89	40
3625.3	41
3625.7	52
3626.11	40
3626.52	37
3626.93	41
3627.34	44
3627.75	41
3628.15	36
3628.56	37
3628.97	38
3629.38	44
3629.79	37
3630.19	36
3630.6	41
3631.01	36
3631.42	41
3631.83	38
3632.23	42
3632.64	40
3633.05	39
3633.46	49
3633.86	45
3634.27	44
3634.68	44
3635.09	35
3635.49	41
3635.9	34
3636.31	38
3636.72	40
3637.12	34
3637.53	38
3637.94	40
3638.34	49
3638.75	43
3639.16	47
3639.56	38
3639.97	42
3640.38	31
3640.79	37
3641.19	37
3641.6	49
3642.01	29
3642.41	38
3642.82	46
3643.23	45
3643.63	41
3644.04	40
3644.45	38
3644.85	46
3645.26	42
3645.66	38
3646.07	35
3646.48	45
3646.88	41
3647.29	34
3647.69	38
3648.1	37
3648.51	40
3648.91	39
3649.32	39
3649.73	36
3650.13	43
3650.54	38
3650.94	39
3651.35	37
3651.75	47
3652.16	38
3652.57	39
3652.97	37
3653.38	34
3653.78	40
3654.19	40
3654.59	44
3655	33
3655.4	31
3655.81	43
3656.21	36
3656.62	45
3657.02	41
3657.43	41
3657.83	47
3658.24	40
3658.64	40
3659.05	38
3659.45	38
3659.86	35
3660.26	49
3660.67	41
3661.07	43
3661.48	43
3661.88	39
3662.29	39
3662.69	36
3663.1	41
3663.5	45
3663.9	42
3664.31	37.5
3664.71	33
3665.12	43
3665.52	42
3665.93	40
3666.33	38
3666.73	36
3667.14	42
3667.54	39
3667.95	35
3668.35	37
3668.75	41
3669.16	35
3669.56	41
3669.97	40
3670.37	35
3670.77	46
3671.18	38
3671.58	38
3671.98	42
3672.39	38
3672.79	37
3673.19	34
3673.6	39
3674	42
3674.4	32
3674.81	41
3675.21	36
3675.61	43
3676.02	40
3676.42	42
3676.82	38
3677.23	35
3677.63	36
3678.03	43
3678.44	28
3678.84	43
3679.24	30
3679.64	40
3680.05	41
3680.45	37
3680.85	44
3681.25	45
3681.66	35
3682.06	47
3682.46	45
3682.86	43
3683.27	44
3683.67	42
3684.07	35
3684.47	37
3684.88	38
3685.28	36
3685.68	34
3686.08	37
3686.48	34
3686.89	43
3687.29	29
3687.69	32
3688.09	37
3688.49	36
3688.9	47
3689.3	40
3689.7	42
3690.1	39
3690.5	36
3690.9	37
3691.3	36
3691.71	48
3692.11	38
3692.51	31
3692.91	34
3693.31	42
3693.71	41
3694.11	36
3694.52	38
3694.92	32
3695.32	37
3695.72	35
3696.12	38
3696.52	42
3696.92	33
3697.32	41
3697.72	39
3698.13	43
3698.53	51
3698.93	44
3699.33	41
3699.73	40
3700.13	38
3700.53	38
3700.93	37
3701.33	39
3701.73	43
3702.13	47
3702.53	38
3702.93	37
3703.33	43
3703.73	36
3704.13	42
3704.53	33
3704.93	35
3705.33	44
3705.73	36
3706.13	48
3706.53	38
3706.93	41
3707.33	46
3707.73	36
3708.13	48
3708.53	31
3708.93	39
3709.33	23
3709.73	37
3710.13	40
3710.53	45
3710.93	42
3711.33	29
3711.73	41
3712.13	34
3712.53	40
3712.93	40
3713.33	30
3713.73	43
3714.12	34
3714.52	35
3714.92	34
3715.32	45
3715.72	34
3716.12	39
3716.52	40
3716.92	35
3717.32	47
3717.71	39
3718.11	38
3718.51	37
3718.91	38
3719.31	39
3719.71	39
3720.11	37
3720.51	31
3720.9	43
3721.3	47
3721.7	39
3722.1	39
3722.5	52
3722.89	35
3723.29	37
3723.69	35
3724.09	39
3724.49	44
3724.89	44
3725.28	41
3725.68	39
3726.08	38
3726.48	41
3726.88	35
3727.27	39
3727.67	42
3728.07	35
3728.47	46
3728.86	45
3729.26	35
3729.66	36
3730.06	37
3730.45	34
3730.85	33
3731.25	37
3731.65	35
3732.04	42
3732.44	40
3732.84	36
3733.23	40
3733.63	37
3734.03	40
3734.43	40
3734.82	40
3735.22	39
3735.62	36
3736.01	40
3736.41	39
3736.81	35
3737.2	39
3737.6	41
3738	43
3738.39	42
3738.79	32
3739.19	37
3739.58	37
3739.98	34
3740.38	43
3740.77	32
3741.17	48
3741.57	35
3741.96	33
3742.36	33
3742.75	38
3743.15	41
3743.55	39
3743.94	43
3744.34	40
3744.74	33
3745.13	36
3745.53	42
3745.92	38
3746.32	46
3746.71	32
3747.11	44
3747.51	36
3747.9	35
3748.3	41
3748.69	39
3749.09	36
3749.48	41
3749.88	42
3750.27	38
3750.67	39
3751.06	41
3751.46	35
3751.86	39
3752.25	40
3752.65	33
3753.04	45
3753.44	38
3753.83	42
3754.23	41
3754.62	37
3755.02	32
3755.41	36
3755.81	41
3756.2	41
3756.6	50
3756.99	36
3757.38	30
3757.78	38
3758.17	46
3758.57	40
3758.96	30
3759.36	32
3759.75	38
3760.15	35
3760.54	44
3760.93	37
3761.33	41
3761.72	45
3762.12	33
3762.51	41
3762.9	34
3763.3	38
3763.69	36
3764.09	31
3764.48	36
3764.88	39
3765.27	38
3765.66	39
3766.06	34
3766.45	37
3766.84	38
3767.24	38
3767.63	42
3768.02	37
3768.42	31
3768.81	40
3769.2	42
3769.6	32
3769.99	35
3770.39	36
3770.78	39
3771.17	39
3771.56	37
3771.96	37
3772.35	40.92
3772.74	37.805
3773.14	36.0158
3773.53	34.245
3773.92	40.9359
3774.31	42.8187
3774.71	40.3173
3775.1	41.5017
3775.49	33.404
3775.89	43.4038
3776.28	38.4205
3776.67	40.2691
3777.06	43.5043
3777.46	42.2856
3777.85	40.9965
3778.24	40.6622
3778.63	37.0718
3779.03	36.7738
3779.42	45.2219
3779.81	32.975
3780.2	39.0804
3780.6	39.9617
3780.99	38.8566
3781.38	38.7079
3781.77	34.094
3782.16	39.072
3782.56	42.6998
3782.95	34.6228
3783.34	36.6054
3783.73	37.705
3784.12	36.6799
3784.52	32.7824
3784.91	39.221
3785.3	37.9925
3785.69	37.9616
3786.08	38.7615
3786.47	35.6486
3786.87	37.8359
3787.26	35.0025
3787.65	38.2063
3788.04	38.5629
3788.43	35.9503
3788.82	40.9552
3789.21	39.8181
3789.61	35.445
3790	36.7827
3790.39	40.0623
3790.78	41.2964
3791.17	36.5043
3791.56	35.2016
3791.95	36.7569
3792.34	34.5449
3792.73	38.5665
3793.13	37.4349
3793.52	34.7734
3793.91	40.8752
3794.3	41.2656
3794.69	38.2683
3795.08	39.415
3795.47	36.6
3795.86	38.4415
3796.25	37.7188
3796.64	37.8185
3797.03	34.7928
3797.42	41.0352
3797.81	39.8136
3798.2	36.401
3798.59	34.9301
3798.98	36.685
3799.38	36.4981
3799.77	39.1505
3800.16	38.5058
3800.55	37.6834
3800.94	35.5999
3801.33	32.2327
3801.72	37.117
3802.11	36.6207
3802.5	35.2135
3802.89	34.2235
3803.28	38.5689
3803.67	33.6184
3804.06	41.0483
3804.45	39.1063
3804.83	35.2752
3805.22	34.1871
3805.61	35.8508
3806	38.0751
3806.39	31.4984
3806.78	35.7235
3807.17	37.7078
3807.56	36.6759
3807.95	34.1846
3808.34	33.526
3808.73	39.22
3809.12	40.2179
3809.51	41.9526
3809.9	40.6329
3810.29	38.1105
3810.68	41.6918
3811.07	35.0595
3811.45	37
3811.84	36
3812.23	44
3812.63	36
3813.02	31
3813.41	33
3813.8	33
3814.19	38
3814.58	41
3814.98	48
3815.37	35
3815.76	34
3816.15	34
3816.54	50
3816.93	41
3817.32	37
3817.71	39
3818.11	38
3818.5	38
3818.89	43
3819.28	38
3819.67	37
3820.06	39
3820.45	31
3820.84	41
3821.23	41
3821.63	38
3822.02	35
3822.41	35
3822.8	34
3823.19	36
3823.58	37
3823.97	27
3824.36	38
3824.75	34
3825.14	34
3825.53	38
3825.92	35
3826.31	43
3826.7	36
3827.09	41
3827.48	37
3827.87	35
3828.26	38
3828.66	41
3829.04	32
3829.44	45
3829.83	46
3830.22	41
3830.61	34
3830.99	27
3831.39	41
3831.78	43
3832.16	37
3832.55	34
3832.94	40
3833.33	36
3833.72	33
3834.11	35
3834.5	44
3834.89	37
3835.28	34.5
3835.67	32
3836.06	38
3836.45	38
3836.84	41
3837.23	37
3837.62	36
3838.01	37
3838.4	37
3838.79	36
3839.17	42
3839.56	39
3839.95	30
3840.34	35
3840.73	38
3841.12	41
3841.51	37
3841.9	38
3842.29	41
3842.67	33
3843.06	39
3843.45	37
3843.84	34
3844.23	36
3844.62	42
3845.01	37
3845.4	45
3845.78	42
3846.17	39
3846.56	37
3846.95	34
3847.34	45
3847.72	45
3848.11	38
3848.5	36
3848.89	37
3849.28	32
3849.67	35
3850.05	40
3850.44	39
3850.83	38
3851.22	42
3851.61	41
3851.99	43
3852.38	40
3852.77	36
3853.16	47
3853.54	39
3853.93	38
3854.32	30
3854.71	37
3855.09	36
3855.48	34
3855.87	40
3856.26	33
3856.64	38
3857.03	40
3857.42	42
3857.81	39
3858.19	35
3858.58	43
3858.97	39
3859.35	39
3859.74	39
3860.13	34
3860.51	37
3860.9	38
3861.29	40
3861.67	44
3862.06	37
3862.45	45
3862.84	38
3863.22	35
3863.61	34
3864	37
3864.38	37
3864.77	41
3865.16	35
3865.54	40
3865.93	45
3866.31	44
3866.7	40
3867.09	38
3867.47	36
3867.86	34
3868.25	36
3868.63	42
3869.02	35
3869.4	34
3869.79	42
3870.18	34
3870.56	32
3870.95	28
3871.33	40
3871.72	34
3872.1	35
3872.49	41
3872.88	38
3873.26	35
3873.65	39
3874.03	41
3874.42	41
3874.8	34
3875.19	33
3875.57	37
3875.96	49
3876.35	33
3876.73	42
3877.12	39
3877.5	38
3877.89	32
3878.27	33
3878.66	44
3879.04	31
3879.43	41
3879.81	39
3880.2	37
3880.58	35
3880.97	44
3881.35	41
3881.74	41
3882.12	35
3882.51	41
3882.89	35
3883.27	30
3883.66	32
3884.04	26
3884.43	40
3884.81	40
3885.2	36
3885.58	31
3885.97	30
3886.35	40
3886.73	46
3887.12	37
3887.5	35
3887.89	43
3888.27	44
3888.65	40
3889.04	40
3889.42	33
3889.81	39
3890.19	45
3890.57	43
3890.96	41
3891.34	39
3891.73	43
3892.11	39
3892.49	39
3892.88	41
3893.26	45
3893.64	45
3894.03	37
3894.41	40
3894.79	42
3895.18	35
3895.56	44
3895.94	41
3896.33	39
3896.71	43
3897.09	39
3897.48	44
3897.86	43
3898.24	40
3898.63	33
3899.01	47
3899.39	40
3899.78	38
3900.16	34
3900.54	41
3900.92	40
3901.31	43
3901.69	36
3902.07	40
3902.46	32
3902.84	45
3903.22	37
3903.6	42
3903.99	46
3904.37	37
3904.75	42
3905.13	45
3905.52	38
3905.9	31
3906.28	35
3906.66	38
3907.04	42
3907.43	33
3907.81	46
3908.19	41
3908.57	41
3908.96	40
3909.34	35
3909.72	40
3910.1	39
3910.48	41
3910.86	41
3911.25	44
3911.63	42
3912.01	31
3912.39	36
3912.77	38
3913.15	40
3913.54	45
3913.92	39
3914.3	33
3914.68	40
3915.06	35
3915.44	40
3915.82	38
3916.21	33
3916.59	35
3916.97	43
3917.35	34
3917.73	37
3918.11	39
3918.49	37
3918.87	36
3919.25	38
3919.64	37
3920.02	34
3920.4	38
3920.78	35
3921.16	37
3921.54	43
3921.92	42
3922.3	41
3922.68	42
3923.06	37
3923.44	31
3923.82	33
3924.2	36
3924.58	31
3924.96	41
3925.34	49
3925.72	43
3926.1	39
3926.49	36
3926.87	33
3927.25	41
3927.63	43
3928.01	38
3928.39	34
3928.77	35
3929.15	39
3929.53	44
3929.91	32
3930.29	42
3930.67	44
3931.05	34
3931.43	36
3931.8	38
3932.18	42
3932.56	45
3932.94	39
3933.32	40
3933.7	41
3934.08	38
3934.46	31
3934.84	42
3935.22	42
3935.6	45
3935.98	37
3936.36	42
3936.74	38
3937.12	44
3937.5	43
3937.87	35
3938.25	43
3938.63	39
3939.01	40
3939.39	41
3939.77	34
3940.15	36
3940.53	44
3940.91	37
3941.28	41
3941.66	39
3942.04	42
3942.42	32
3942.8	38
3943.18	42
3943.56	36
3943.93	41
3944.31	35
3944.69	39
3945.07	41
3945.45	45
3945.83	42
3946.2	45
3946.58	42
3946.96	31
3947.34	43
3947.72	32
3948.1	43
3948.47	42
3948.85	43
3949.23	42
3949.61	43
3949.98	38
3950.36	43
3950.74	32
3951.12	39
3951.5	39
3951.87	39
3952.25	44
3952.63	42
3953.01	39
3953.38	35
3953.76	33
3954.14	42
3954.52	28
3954.89	42
3955.27	39
3955.65	33
3956.03	41
3956.4	42
3956.78	36
3957.16	35
3957.53	40
3957.91	38
3958.29	38
3958.66	41
3959.04	39
3959.42	44
3959.8	40
3960.17	40
3960.55	47
3960.93	36
3961.3	35
3961.68	53
3962.06	38
3962.43	41
3962.81	34
3963.19	29
3963.56	45
3963.94	34
3964.31	41
3964.69	41
3965.07	37
3965.44	36
3965.82	41
3966.2	42
3966.57	45
3966.95	45
3967.32	42
3967.7	41
3968.08	43
3968.45	39
3968.83	40
3969.2	45
3969.58	43
3969.96	26
3970.33	33
3970.71	44
3971.08	37
3971.46	36
3971.83	47
3972.21	39
3972.59	43
3972.96	39
3973.34	38
3973.71	41
3974.09	43
3974.46	32
3974.84	36
3975.21	39
3975.59	39
3975.96	42
3976.34	41
3976.71	39
3977.09	44
3977.46	40
3977.84	30
3978.21	46
3978.59	46
3978.96	37
3979.34	44
3979.71	37
3980.09	38
3980.46	43
3980.84	44
3981.21	38
3981.59	33
3981.96	41
3982.34	35
3982.71	48
3983.09	40
3983.46	44
3983.83	41
3984.21	47
3984.58	39
3984.96	38
3985.33	37
3985.71	44
3986.08	38
3986.45	39
3986.83	35
3987.2	39
3987.58	42
3987.95	40
3988.32	41
3988.7	46
3989.07	27
3989.45	38
3989.82	37
3990.19	39
3990.57	41
3990.94	37
3991.31	39
3991.69	36
3992.06	36
3992.44	41
3992.81	36
3993.18	40
3993.56	41
3993.93	39
3994.3	43
3994.68	28
3995.05	35
3995.42	45
3995.8	39
3996.17	46
3996.54	41
3996.91	36
3997.29	30
3997.66	30
3998.03	35
3998.41	36
3998.78	42
3999.15	35
3999.53	39
3999.9	44
