100.791	5511
101.61	5393
102.429	5343
103.248	5389
104.067	5413
104.885	5370
105.703	5384
106.523	5307
107.341	5325
108.158	5289
108.976	5252
109.795	5340
110.612	5228
111.43	5355
112.248	5322
113.066	5150
113.883	5283
114.7	5143
115.518	5273
116.335	5247
117.151	5119
117.968	5162
118.784	5150
119.602	5122
120.418	5158
121.234	5047
122.05	5151
122.866	5006
123.682	5044
124.499	5099
125.315	5059
126.13	5009
126.946	5058
127.761	5107
128.576	5086
129.391	5096
130.206	5034
131.021	4972
131.836	4995
132.651	4983
133.467	5022
134.281	5073
135.096	4995
135.91	5039
136.724	5103
137.538	5113
138.352	5071
139.166	5011
139.98	5030
140.793	4985
141.607	4993
142.419	4961
143.233	4927
144.046	4994
144.859	4966
145.672	4983
146.485	4996
147.298	5054
148.111	4945
148.923	4981
149.736	5050
150.548	4975
151.36	5037
152.172	5041
152.984	5040
153.796	4969
154.608	5101
155.42	5004
156.23	5023
157.042	4994
157.853	4882
158.665	4987
159.475	4971
160.286	4911
161.097	4970
161.908	5001
162.718	4975
163.529	4912
164.339	4892
165.15	4932
165.959	4930
166.77	4968
167.58	4932
168.389	4828
169.199	4859
170.009	4894
170.818	4948
171.628	4894
172.437	4877
173.246	4840
174.055	4881
174.863	4907
175.673	4922
176.482	4919
177.29	4795
178.099	4785
178.906	4871
179.715	4834
180.523	4842
181.331	4800
182.139	4846
182.947	4748
183.755	4873
184.562	4859
185.37	4834
186.177	4765
186.984	4842
187.791	4750
188.598	4823
189.405	4794
190.211	4835
191.018	4811
191.825	4838
192.632	4760
193.438	4819
194.243	4788
195.05	4780
195.856	4792
196.662	4707
197.467	4728
198.273	4750
199.079	4786
199.884	4691
200.689	4684
201.495	4682
202.3	4766
203.104	4779
203.91	4645
204.714	4648
205.519	4623
206.323	4763
207.128	4676
207.932	4782
208.736	4685
209.54	4755
210.345	4639
211.148	4737
211.952	4686
212.755	4695
213.559	4616
214.363	4566
215.166	4624
215.969	4668
216.772	4612
217.575	4671
218.378	4646
219.181	4627
219.984	4608
220.786	4639
221.588	4683
222.391	4679
223.193	4629
223.995	4676
224.797	4647
225.598	4627
226.4	4568
227.202	4683
228.003	4586
228.805	4630.5
229.606	4675
230.407	4662
231.208	4695
232.009	4607
232.81	4545
233.611	4535
234.411	4598
235.212	4598
236.012	4640
236.813	4502
237.613	4553
238.413	4574
239.213	4574
240.013	4578
240.813	4554
241.613	4501
242.412	4572
243.211	4546
244.011	4557
244.81	4598
245.609	4560
246.408	4668
247.206	4637
248.005	4552
248.804	4709
249.603	4492
250.401	4526
251.199	4600
251.997	4680
252.796	4516
253.594	4596
254.391	4643
255.189	4646
255.987	4644
256.785	4549
257.582	4564
258.379	4592
259.177	4559
259.973	4553
260.77	4549
261.568	4516
262.364	4531
263.161	4524
263.958	4512
264.754	4569
265.55	4579
266.346	4521
267.142	4551
267.939	4454
268.734	4573
269.53	4562
270.325	4590
271.121	4594
271.916	4569
272.712	4564
273.507	4603
274.302	4635
275.097	4629
275.892	4612
276.687	4649
277.482	4660
278.276	4635
279.071	4609
279.865	4629
280.659	4647
281.453	4639
282.248	4578
283.041	4607
283.835	4617
284.629	4593
285.422	4529
286.216	4499
287.009	4502
287.802	4497
288.596	4568
289.388	4478
290.181	4467
290.974	4459
291.767	4481
292.559	4442
293.352	4557
294.144	4521
294.936	4487
295.728	4457
296.521	4471
297.313	4593
298.104	4516
298.896	4562
299.688	4429
300.479	4493
301.271	4450
302.062	4493
302.853	4515
303.644	4402
304.435	4517
305.226	4493
306.017	4559
306.807	4542
307.597	4465
308.389	4572
309.179	4415
309.969	4509
310.759	4439
311.549	4526
312.339	4496
313.128	4492
313.918	4514
314.707	4448
315.497	4606
316.286	4450
317.075	4559
317.864	4468
318.653	4537
319.442	4545
320.231	4547
321.019	4523
321.808	4514
322.596	4485
323.385	4507
324.173	4501
324.961	4480
325.749	4500
326.537	4559
327.325	4521
328.113	4493
328.901	4477
329.688	4528
330.475	4472
331.262	4444
332.049	4428
332.837	4491
333.624	4441
334.411	4412
335.197	4465
335.983	4352
336.77	4411
337.557	4489
338.343	4489
339.129	4402
339.915	4431
340.701	4429
341.487	4477
342.272	4499
343.058	4552
343.844	4519
344.629	4488
345.414	4500
346.2	4462
346.985	4553
347.769	4483
348.554	4467
349.34	4552
350.124	4565
350.908	4526
351.692	4553
352.477	4473
353.262	4504
354.045	4526
354.83	4461
355.613	4469
356.397	4496
357.181	4516
357.964	4513
358.748	4506
359.531	4521
360.315	4456
361.097	4417
361.881	4473
362.663	4438
363.447	4438
364.229	4438
365.012	4488
365.794	4453
366.577	4484
367.359	4506
368.141	4496
368.923	4419
369.705	4509
370.487	4491
371.268	4559
372.05	4543
372.832	4538
373.613	4628
374.394	4586
375.176	4682
375.956	4672
376.737	4674
377.519	4642
378.299	4681
379.079	4681
379.861	4612
380.641	4641
381.421	4584
382.202	4497
382.982	4511
383.762	4473
384.541	4404
385.321	4394
386.101	4335
386.881	4260
387.66	4255
388.439	4230
389.218	4235
389.998	4286
390.777	4288
391.556	4181
392.335	4213
393.113	4182
393.892	4243
394.67	4158
395.449	4137
396.228	4166
397.006	4199
397.784	4241
398.562	4090
399.34	4225
400.117	4019
400.895	4145
401.673	4191
402.45	4172
403.227	4218
404.005	4212
404.782	4210
405.559	4168
406.336	4158
407.112	4210
407.889	4166
408.666	4118
409.442	4100
410.219	4148
410.995	4072
411.771	4138
412.547	4170
413.323	4082
414.099	4148
414.875	4099
415.65	4158
416.426	4108
417.202	4211
417.976	4111
418.752	4159
419.527	4211
420.302	4104
421.077	4157
421.851	4127
422.626	4231
423.401	4217
424.176	4103
424.949	4249
425.724	4247
426.498	4171
427.273	4147
428.046	4287
428.82	4223
429.594	4215
430.367	4253
431.141	4124
431.915	4226
432.687	4268
433.461	4255
434.234	4242
435.007	4250
435.78	4172
436.552	4314
437.325	4238
438.098	4175
438.87	4102
439.643	4150
440.414	4149
441.187	4130
441.959	4066
442.731	4031
443.502	3980
444.274	3996
445.046	3909
445.818	3989
446.589	4080
447.36	4007
448.131	4100
448.903	4032
449.673	4087
450.445	3996
451.215	4055
451.985	4071
452.756	4064
453.527	4077
454.297	3998
455.067	4072
455.837	4015
456.608	3996
457.377	4082
458.147	4125
458.917	4042
459.686	4057
460.456	4014
461.226	3927
461.995	3953
462.764	3871
463.533	3922
464.302	3909
465.071	3888
465.839	3859
466.608	3777
467.377	3856
468.145	3847
468.914	3812
469.682	3762
470.45	3841
471.217	3763
471.986	3804
472.754	3815
473.521	3849
474.289	3832
475.056	3789
475.824	3844
476.591	3840
477.358	3779
478.126	3825
478.893	3820
479.66	3829
480.426	3779
481.193	3910
481.959	3807
482.726	3822
483.492	3813
484.258	3848
485.025	3854
485.791	3915
486.557	3820
487.322	3817
488.088	3833
488.854	3826
489.619	3810
490.385	3814
491.149	3742
491.915	3870
492.68	3825
493.445	3837
494.21	3771
494.975	3816
495.74	3807
496.504	3798
497.268	3754
498.033	3802
498.797	3817
499.561	3819
500.326	3809
501.089	3801
501.853	3857
502.617	3774
503.381	3862
504.144	3945
504.907	3840
505.671	3733
506.434	3872
507.197	3824
507.96	3700
508.723	3908
509.486	3842
510.248	3816
511.011	3848
511.774	3869
512.536	3786
513.298	3882
514.06	3691
514.822	3809
515.585	3781
516.346	3864
517.108	3707
517.869	3780
518.631	3793
519.392	3810
520.154	3753
520.916	3752
521.676	3734
522.438	3719
523.198	3718
523.96	3680
524.72	3605
525.481	3636
526.241	3633
527.002	3638
527.762	3624
528.522	3559
529.282	3675
530.042	3623
530.802	3556
531.562	3637
532.321	3611
533.081	3564
533.84	3595
534.6	3598
535.359	3626
536.118	3524
536.878	3508
537.636	3575
538.395	3566
539.154	3586
539.913	3528
540.671	3580
541.429	3556
542.188	3548
542.946	3499
543.704	3469
544.462	3471
545.221	3433
545.978	3556
546.736	3474
547.493	3433
548.251	3509
549.008	3500
549.766	3556
550.523	3440
551.28	3425
552.037	3501
552.794	3480
553.55	3476
554.307	3496
555.063	3419
555.821	3456
556.577	3413
557.333	3421
558.089	3394
558.846	3373
559.601	3404
560.357	3380
561.113	3359
561.869	3416
562.624	3383
563.38	3400
564.135	3403
564.89	3440
565.646	3426
566.401	3438
567.156	3377
567.911	3407
568.665	3330
569.419	3420
570.174	3468
570.928	3410
571.683	3406
572.437	3400
573.191	3436
573.946	3389
574.699	3333
575.453	3371
576.207	3345
576.96	3381
577.714	3354
578.467	3385
579.22	3319
579.974	3329
580.727	3313
581.479	3355
582.233	3272
582.986	3284
583.739	3338
584.49	3261
585.243	3323
585.996	3330
586.748	3382
587.5	3226
588.253	3279
589.004	3226
589.756	3331
590.507	3310
591.259	3261
592.011	3307
592.762	3169
593.514	3292
594.265	3371
595.016	3282
595.768	3271
596.518	3307
597.269	3314
598.02	3238
598.771	3272
599.521	3293
600.272	3274
601.022	3257
601.772	3234
602.522	3271
603.273	3242
604.022	3299
604.772	3213
605.522	3291
606.271	3265
607.021	3198
607.77	3211
608.519	3146
609.269	3164
610.018	3290
610.767	3253
611.516	3216
612.265	3245
613.013	3216
613.762	3193
614.51	3257
615.259	3220
616.008	3203
616.756	3157
617.503	3206
618.251	3247
619	3193
619.747	3111
620.495	3157
621.242	3241
621.99	3156
622.738	3172
623.485	3141
624.232	3111
624.979	3223
625.726	3090
626.473	3127
627.22	3156
627.967	3065
628.713	3179
629.46	3171
630.206	3155
630.952	3202
631.698	3111
632.444	3165
633.19	3191
633.936	3120
634.682	3152
635.427	3062
636.173	3173
636.919	3085
637.664	3135
638.409	3108
639.154	3167
639.899	3112
640.645	3089
641.389	3106
642.134	3128
642.879	3103
643.624	3073
644.368	3077
645.112	3074
645.856	3080
646.6	3120
647.345	3094
648.089	3003
648.833	3002
649.577	3018
650.32	3034
651.063	3097
651.807	3075
652.551	3054
653.293	2994
654.037	3019
654.78	2990
655.523	2911
656.265	3020
657.008	2956
657.751	3050
658.494	2992
659.236	2940
659.978	2987
660.721	2993
661.463	3005
662.205	3024
662.946	2901
663.688	3048
664.431	2997
665.172	2939
665.914	2961
666.655	2932
667.396	2999
668.138	2923
668.879	2960
669.62	2972
670.361	2933
671.102	2968
671.842	2945
672.583	2938
673.323	2927
674.064	2943
674.804	2952
675.545	2909
676.285	2971
677.025	2896
677.765	2974
678.504	2957
679.244	2860
679.984	2917
680.724	2877
681.463	2922
682.202	2849
682.942	2911
683.681	2926
684.419	2866
685.159	2921
685.898	2860
686.636	2896
687.375	2912
688.114	2850
688.852	2913
689.59	2931
690.329	2885
691.067	2907
691.805	2919
692.542	2823
693.281	2828
694.018	2875
694.756	2884
695.493	2797
696.231	2851
696.968	2835
697.706	2817
698.443	2834
699.18	2887
699.917	2835
700.654	2899
701.39	2895
702.127	2884
702.863	2812
703.6	2880
704.336	2844
705.072	2853
705.808	2810
706.544	2796
707.28	2908
708.016	2885
708.752	2853
709.488	2809
710.223	2833
710.959	2813
711.694	2831
712.429	2947
713.165	2863
713.9	2853
714.635	2863
715.37	2836
716.105	2793
716.839	2804
717.573	2850
718.308	2869
719.042	2825
719.777	2875
720.511	2769
721.245	2850
721.979	2750
722.713	2799
723.447	2855
724.181	2827
724.914	2796
725.647	2772
726.381	2778
727.114	2772
727.847	2823
728.58	2791
729.314	2761
730.047	2799
730.779	2716
731.512	2761
732.244	2734
732.977	2677
733.709	2747
734.441	2731
735.174	2740
735.906	2735
736.638	2735
737.37	2770
738.101	2709
738.833	2693
739.565	2755
740.296	2713
741.027	2693
741.759	2721
742.49	2660
743.221	2695
743.952	2723
744.683	2699
745.414	2694
746.145	2694
746.875	2702
747.606	2718
748.336	2676
749.067	2680
749.797	2676
750.527	2678
751.258	2702
751.987	2688
752.717	2692
753.447	2744
754.176	2707
754.906	2650
755.636	2718
756.365	2667
757.094	2693
757.823	2620
758.552	2647
759.281	2629
760.01	2692
760.739	2683
761.468	2647
762.196	2655
762.924	2635
763.652	2642
764.381	2672
765.109	2616
765.837	2622
766.565	2604
767.293	2638
768.021	2638
768.749	2628
769.477	2617
770.204	2572
770.931	2654
771.658	2614
772.386	2615
773.113	2611
773.84	2586
774.566	2650
775.293	2614
776.02	2611
776.747	2653
777.473	2593
778.199	2667
778.926	2652
779.652	2593
780.378	2619
781.104	2616
781.83	2569
782.556	2617
783.282	2587
784.008	2634
784.732	2626
785.458	2691
786.183	2574
786.909	2620
787.634	2627
788.359	2596
789.084	2591
789.809	2622
790.534	2639
791.258	2558
791.983	2596
792.707	2559
793.432	2598
794.156	2592
794.88	2569
795.604	2530
796.328	2537
797.052	2500
797.775	2524
798.499	2552
799.223	2576
799.946	2527
800.67	2536
801.393	2598
802.116	2514
802.84	2553
803.563	2468
804.285	2580
805.008	2580
805.731	2605
806.454	2571
807.176	2556
807.899	2579
808.621	2488
809.343	2460
810.066	2469.43
810.787	2474.11
811.51	2451.89
812.231	2488.65
812.952	2491.59
813.674	2480.95
814.396	2498.13
815.118	2525.59
815.839	2504.27
816.56	2510.85
817.281	2479.52
818.002	2490.55
818.724	2533.57
819.444	2444.51
820.164	2496.65
820.886	2526.18
821.606	2493.11
822.326	2505.19
823.047	2477.23
823.767	2508.39
824.487	2476.09
825.208	2466.9
825.928	2544.35
826.647	2472.39
827.367	2479.46
828.087	2439.18
828.807	2422.3
829.526	2430.61
830.245	2496.33
830.965	2464.79
831.685	2449.39
832.404	2436.61
833.122	2451.54
833.841	2466.64
834.56	2484.33
835.279	2404.64
835.997	2433.9
836.717	2480.67
837.435	2440.1
838.153	2505.18
838.871	2445.48
839.59	2462.89
840.308	2487.94
841.026	2450.8
841.743	2498.32
842.461	2450.07
843.179	2440.6
843.896	2471.2
844.614	2440.84
845.331	2429.59
846.049	2463.58
846.766	2434.7
847.483	2457.82
848.2	2475.86
848.917	2449.27
849.634	2444.47
850.35	2500.14
851.067	2428.11
851.784	2469.91
852.5	2444.13
853.217	2431.25
853.933	2468.16
854.649	2459.43
855.365	2443.48
856.081	2465.88
856.797	2500.11
857.513	2471.98
858.229	2423.67
858.944	2433.62
859.659	2470.29
860.375	2444.89
861.091	2449.92
861.805	2468.73
862.52	2464.65
863.236	2424.11
863.95	2465.33
864.665	2469.16
865.38	2451.24
866.094	2397.65
866.809	2445.56
867.524	2453.42
868.238	2459.24
868.952	2458.63
869.666	2416.42
870.38	2460.58
871.095	2415.51
871.808	2412.84
872.522	2369.64
873.235	2409.77
873.949	2475.27
874.662	2407.56
875.376	2459.04
876.089	2383.22
876.803	2436.24
877.515	2399.01
878.229	2383.59
878.941	2376.51
879.655	2369.8
880.367	2401.01
881.079	2418.25
881.166	2420
881.882	2390
882.599	2359
883.316	2400
884.032	2441
884.748	2436
885.464	2406
886.18	2480
886.897	2373
887.613	2417
888.328	2464
889.044	2472
889.76	2483
890.475	2479
891.19	2471
891.906	2476
892.622	2384
893.337	2423
894.052	2440
894.767	2484
895.481	2450
896.196	2471
896.911	2438
897.625	2462
898.34	2512
899.054	2450
899.768	2421
900.483	2464
901.197	2443
901.911	2474
902.625	2425
903.339	2397
904.052	2414
904.766	2365
905.48	2379
906.193	2417
906.906	2359
907.619	2386
908.332	2349
909.046	2396
909.759	2423
910.472	2392
911.185	2340
911.898	2356
912.609	2334
913.322	2320
914.035	2294
914.747	2354
915.46	2339
916.171	2334
916.883	2329
917.595	2298
918.307	2274
919.019	2286
919.731	2244
920.442	2299
921.154	2242
921.865	2330
922.576	2268
923.288	2299
923.999	2284
924.71	2286
925.421	2288
926.132	2279
926.842	2237
927.553	2302
928.263	2214
928.974	2239
929.685	2237
930.394	2192
931.105	2315
931.815	2202
932.525	2301
933.235	2294
933.944	2320
934.655	2205
935.364	2223
936.074	2240
936.783	2254
937.492	2224
938.201	2275
938.911	2150
939.619	2177
940.329	2297
941.037	2228
941.747	2252
942.455	2226
943.164	2211
943.872	2262
944.58	2247
945.289	2253
945.997	2290
946.706	2181
947.413	2231
948.121	2222
948.829	2243
949.537	2168
950.244	2236
950.952	2189
951.659	2243
952.367	2171
953.074	2183
953.781	2238
954.488	2173
955.196	2224
955.903	2244
956.609	2285
957.316	2224
958.023	2240
958.729	2238
959.436	2259
960.142	2239
960.849	2190
961.555	2229
962.261	2262
962.967	2228
963.672	2228
964.378	2255
965.084	2266
965.79	2218
966.495	2221
967.201	2301
967.906	2245
968.611	2234
969.316	2216
970.021	2257
970.726	2243
971.432	2228
972.137	2244
972.841	2213
973.546	2203
974.25	2221
974.955	2216
975.659	2201
976.363	2208
977.068	2208
977.772	2202
978.476	2176
979.179	2127
979.883	2157
980.586	2247
981.29	2163
981.993	2185
982.697	2135
983.4	2192
984.104	2218
984.807	2166
985.51	2172
986.213	2206
986.916	2188
987.618	2226
988.321	2207
989.024	2240
989.726	2206
990.429	2214
991.13	2193
991.833	2182
992.535	2247
993.237	2294
993.94	2182
994.641	2220
995.343	2212
996.045	2220
996.746	2168
997.447	2185
998.149	2205
998.85	2201
999.551	2205
1000.25	2203
1000.95	2156
1001.65	2190
1002.36	2175
1003.06	2223
1003.76	2134
1004.46	2157
1005.16	2134
1005.86	2158
1006.56	2157
1007.26	2156
1007.96	2186
1008.66	2108
1009.36	2105
1010.06	2141
1010.76	2087
1011.46	2083
1012.16	2144
1012.86	2118
1013.56	2158
1014.26	2140
1014.95	2171
1015.65	2124
1016.35	2156
1017.05	2214
1017.75	2170
1018.45	2103
1019.15	2120
1019.85	2128
1020.55	2200
1021.24	2148
1021.94	2178
1022.64	2190
1023.34	2160
1024.04	2166
1024.73	2105
1025.43	2150
1026.13	2182
1026.83	2167
1027.52	2122
1028.22	2136
1028.92	2076
1029.62	2155
1030.31	2123
1031.01	2201
1031.71	2155
1032.4	2221
1033.1	2148
1033.8	2167
1034.5	2125
1035.19	2162
1035.89	2173
1036.58	2204
1037.28	2144
1037.98	2192
1038.67	2177
1039.37	2206
1040.06	2120
1040.76	2153
1041.46	2154
1042.15	2152
1042.85	2112
1043.54	2195
1044.24	2190
1044.93	2172
1045.63	2145
1046.32	2171
1047.02	2194
1047.71	2200
1048.41	2199
1049.1	2201
1049.8	2103
1050.49	2250
1051.19	2144
1051.88	2202
1052.58	2172
1053.27	2197
1053.96	2179
1054.66	2193
1055.35	2244
1056.05	2171
1056.74	2212
1057.43	2217
1058.13	2244
1058.82	2241
1059.51	2196
1060.21	2188
1060.9	2274
1061.59	2234
1062.29	2252
1062.98	2212
1063.67	2159
1064.36	2215
1065.06	2204
1065.75	2226
1066.44	2200
1067.13	2206
1067.83	2232
1068.52	2220
1069.21	2218
1069.9	2240
1070.6	2236
1071.29	2285
1071.98	2187
1072.67	2221
1073.36	2158
1074.05	2249
1074.74	2302
1075.44	2308
1076.13	2293
1076.82	2366
1077.51	2349
1078.2	2417
1078.89	2364
1079.58	2520
1080.27	2517
1080.96	2449
1081.65	2566
1082.34	2589
1083.03	2654
1083.72	2662
1084.41	2693
1085.1	2783
1085.79	2779
1086.48	2728
1087.17	2729
1087.86	2726
1088.55	2722
1089.24	2683
1089.93	2663
1090.62	2673
1091.31	2656
1092	2699
1092.69	2724
1093.38	2644
1094.07	2689
1094.76	2663
1095.44	2661
1096.13	2626
1096.82	2588
1097.51	2572
1098.2	2523
1098.89	2526
1099.58	2546
1100.26	2528
1100.95	2493
1101.64	2385
1102.33	2426
1103.01	2455
1103.7	2408
1104.39	2398
1105.08	2407
1105.76	2376
1106.45	2428
1107.14	2413
1107.83	2427
1108.51	2439
1109.2	2387
1109.89	2412
1110.57	2437
1111.26	2520
1111.95	2498
1112.63	2441
1113.32	2435
1114	2483
1114.69	2481
1115.38	2550
1116.06	2541
1116.75	2470
1117.44	2516
1118.12	2521
1118.81	2500
1119.49	2520
1120.18	2498
1120.86	2450
1121.55	2469
1122.23	2436
1122.92	2547
1123.6	2391
1124.29	2449
1124.97	2458
1125.66	2418
1126.34	2282
1127.03	2356
1127.71	2345
1128.4	2341
1129.08	2225
1129.77	2218
1130.45	2185
1131.13	2242
1131.82	2242
1132.5	2196
1133.19	2217
1133.87	2201
1134.55	2132
1135.24	2148
1135.92	2174
1136.6	2112
1137.29	2198
1137.97	2145
1138.65	2116
1139.33	2161
1140.02	2112
1140.7	2101
1141.38	2116
1142.07	2147
1142.75	2082
1143.43	2153
1144.11	2120
1144.8	2108
1145.48	2151
1146.16	2113
1146.84	2149
1147.52	2095
1148.21	2176
1148.89	2155
1149.57	2166
1150.25	2188
1150.93	2139
1151.61	2125
1152.29	2087
1152.98	2069
1153.66	2080
1154.34	2021
1155.02	1983
1155.7	2062
1156.38	2048
1157.06	2087
1157.74	1973
1158.42	2027
1159.1	2026
1159.78	2006
1160.46	1967
1161.14	2002
1161.82	2007
1162.5	1999
1163.18	1994
1163.86	1961
1164.54	1919
1165.22	1970
1165.9	1987
1166.58	1912
1167.26	1918
1167.94	1915
1168.62	1957
1169.3	1913
1169.98	1832
1170.66	1920
1171.34	1931
1172.01	1858
1172.69	1871
1173.37	1904
1174.05	1838
1174.73	1893
1175.41	1901
1176.08	1815
1176.76	1838
1177.44	1903
1178.12	1891
1178.8	1890
1179.47	1905
1180.15	1874
1180.83	1813
1181.51	1855
1182.18	1854
1182.86	1892
1183.54	1845
1184.22	1858
1184.89	1818
1185.57	1848
1186.25	1828
1186.92	1797
1187.6	1843
1188.28	1826
1188.95	1818
1189.63	1797
1190.31	1880
1190.98	1834
1191.66	1807
1192.34	1840
1193.01	1881
1193.69	1837
1194.36	1823
1195.04	1852
1195.71	1819
1196.39	1821
1197.07	1753
1197.74	1844
1198.42	1798
1199.09	1772
1199.77	1819
1200.44	1809
1201.12	1801
1201.79	1855
1202.47	1769
1203.14	1825
1203.82	1790
1204.49	1833
1205.16	1814
1205.84	1801
1206.51	1753
1207.19	1824
1207.86	1835
1208.54	1755
1209.21	1844
1209.88	1759
1210.56	1798
1211.23	1773
1211.9	1787
1212.58	1804
1213.25	1796
1213.93	1796
1214.6	1794
1215.27	1723
1215.94	1784
1216.62	1793
1217.29	1805
1217.96	1763
1218.64	1767
1219.31	1796
1219.98	1770
1220.65	1749
1221.33	1786
1222	1830
1222.67	1733
1223.34	1789
1224.01	1769
1224.69	1805
1225.36	1763
1226.03	1836
1226.7	1812
1227.37	1779
1228.04	1773
1228.72	1779
1229.39	1790
1230.06	1718
1230.73	1759
1231.4	1796
1232.07	1744
1232.74	1795
1233.41	1786
1234.08	1810
1234.75	1760
1235.42	1785
1236.1	1741
1236.77	1793
1237.44	1813
1238.11	1823
1238.78	1805
1239.45	1793
1240.12	1785
1240.79	1820
1241.46	1793
1242.13	1803
1242.8	1835
1243.47	1805
1244.13	1767
1244.8	1760
1245.47	1754
1246.14	1806
1246.81	1779
1247.48	1771
1248.15	1779
1248.82	1778
1249.49	1796
1250.15	1791
1250.82	1809
1251.49	1803
1252.16	1776
1252.83	1787
1253.5	1822
1254.17	1742
1254.83	1818
1255.5	1757
1256.17	1759
1256.84	1770
1257.5	1784
1258.17	1785
1258.84	1792
1259.51	1782
1260.17	1774
1260.84	1807
1261.51	1765
1262.18	1788
1262.84	1743
1263.51	1693
1264.18	1738.5
1264.84	1784
1265.51	1798
1266.18	1799
1266.84	1851
1267.51	1800
1268.18	1799
1268.84	1789
1269.51	1786
1270.17	1786
1270.84	1811
1271.51	1786
1272.17	1760
1272.84	1780
1273.5	1746
1274.17	1779
1274.83	1758
1275.5	1797
1276.16	1810
1276.83	1742
1277.5	1749
1278.16	1771
1278.83	1766
1279.49	1741
1280.16	1766
1280.82	1774
1281.48	1778
1282.15	1794
1282.81	1743
1283.48	1771
1284.14	1837
1284.81	1810
1285.47	1790
1286.13	1807
1286.8	1780
1287.46	1751
1288.13	1791
1288.79	1797
1289.45	1799
1290.12	1771
1290.78	1807
1291.44	1778
1292.11	1799
1292.77	1787
1293.43	1786
1294.1	1759
1294.76	1798
1295.42	1825
1296.08	1768
1296.75	1786
1297.41	1791
1298.07	1787
1298.73	1773
1299.4	1759
1300.06	1763
1300.72	1793
1301.38	1765
1302.04	1764
1302.71	1740
1303.37	1739
1304.03	1844
1304.69	1786
1305.35	1798
1306.01	1772
1306.68	1829
1307.34	1742
1308	1736
1308.66	1808
1309.32	1766
1309.98	1769
1310.64	1753
1311.3	1776
1311.96	1816
1312.62	1811
1313.28	1762
1313.94	1826
1314.61	1775
1315.27	1851
1315.93	1810
1316.59	1797
1317.25	1779
1317.91	1744
1318.57	1816
1319.23	1810
1319.89	1843
1320.54	1764
1321.2	1792
1321.86	1774
1322.52	1760
1323.18	1785
1323.84	1770
1324.5	1778
1325.16	1798
1325.82	1824
1326.48	1730
1327.14	1801
1327.79	1792
1328.45	1782
1329.11	1845
1329.77	1843
1330.43	1824
1331.09	1821
1331.74	1823
1332.4	1783
1333.06	1812
1333.72	1769
1334.38	1774
1335.03	1828
1335.69	1768
1336.35	1844
1337.01	1799
1337.66	1831
1338.32	1836
1338.98	1784
1339.64	1835
1340.29	1780
1340.95	1815
1341.61	1824
1342.26	1824
1342.92	1778
1343.58	1832
1344.23	1802
1344.89	1782
1345.55	1820
1346.2	1809
1346.86	1791
1347.51	1787
1348.17	1848
1348.83	1799
1349.48	1746
1350.14	1786
1350.79	1747
1351.45	1745
1352.1	1742
1352.76	1733
1353.42	1750
1354.07	1743
1354.73	1757
1355.38	1764
1356.04	1770
1356.69	1725
1357.35	1764
1358	1794
1358.66	1748
1359.31	1698
1359.96	1747
1360.62	1721
1361.27	1720
1361.93	1788
1362.58	1751
1363.24	1772
1363.89	1825
1364.54	1767
1365.2	1745
1365.85	1714
1366.51	1734
1367.16	1770
1367.81	1806
1368.47	1859
1369.12	1792
1369.77	1814
1370.43	1831
1371.08	1813
1371.73	1785
1372.38	1773
1373.04	1856
1373.69	1861
1374.34	1855
1375	1822
1375.65	1890
1376.3	1897
1376.95	1883
1377.6	1895
1378.26	1880
1378.91	1861
1379.56	1898
1380.21	1904
1380.86	1824
1381.52	1803
1382.17	1899
1382.82	1851
1383.47	1821
1384.12	1857
1384.77	1902
1385.42	1822
1386.08	1768
1386.73	1845
1387.38	1747
1388.03	1745
1388.68	1759
1389.33	1751
1389.98	1778
1390.63	1745
1391.28	1693
1391.93	1745
1392.58	1765
1393.23	1723
1393.88	1680
1394.53	1693
1395.18	1702
1395.83	1693
1396.48	1668
1397.13	1625
1397.78	1717
1398.43	1702
1399.08	1617
1399.73	1621
1400.38	1718
1401.03	1700
1401.68	1677
1402.33	1598
1402.98	1711
1403.63	1660
1404.28	1622
1404.92	1638
1405.57	1649
1406.22	1665
1406.87	1662
1407.52	1643
1408.17	1644
1408.81	1664
1409.46	1597
1410.11	1660
1410.76	1640
1411.41	1585
1412.06	1630
1412.7	1651
1413.35	1652
1414	1637
1414.65	1605
1415.29	1675
1415.94	1643
1416.59	1669
1417.23	1628
1417.88	1641
1418.53	1677
1419.18	1626
1419.82	1658
1420.47	1634
1421.12	1755
1421.76	1642
1422.41	1687
1423.06	1643
1423.7	1680
1424.35	1665
1424.99	1662
1425.64	1670
1426.29	1658
1426.93	1639
1427.58	1651
1428.22	1667
1428.87	1681
1429.52	1636
1430.16	1682
1430.81	1660
1431.45	1620
1432.1	1629
1432.74	1669
1433.39	1625
1434.03	1671
1434.68	1636
1435.32	1627
1435.97	1606
1436.61	1624
1437.26	1653
1437.9	1612
1438.55	1584
1439.19	1607
1439.83	1612
1440.48	1624
1441.12	1570.45
1441.77	1524.2
1442.41	1580.5
1443.05	1551.35
1443.7	1609.32
1444.34	1585.27
1444.99	1556.74
1445.63	1598.79
1446.27	1565.36
1446.92	1542.32
1447.56	1565.9
1448.2	1520.25
1448.85	1550.04
1449.49	1551.87
1450.13	1540.19
1450.77	1536.72
1451.42	1532.27
1452.06	1581.11
1452.7	1549.9
1453.35	1547.55
1453.99	1550.39
1454.63	1558.65
1455.27	1563.94
1455.91	1581.11
1456.56	1606.42
1457.2	1587.55
1457.84	1588.45
1458.48	1584.31
1459.12	1608.96
1459.77	1593.19
1460.41	1600.59
1461.05	1649.15
1461.69	1654.59
1462.33	1648.86
1462.97	1608.25
1463.61	1661.14
1464.26	1679.78
1464.9	1687.3
1465.54	1662.26
1466.18	1682.8
1466.82	1652.92
1467.46	1671.7
1468.1	1705.87
1468.74	1673.12
1469.38	1692.58
1470.02	1698.17
1470.66	1676.65
1471.3	1692.34
1471.94	1663.3
1472.58	1689.07
1473.22	1658.96
1473.86	1673.17
1474.5	1665.01
1475.14	1616.36
1475.78	1653.26
1476.42	1622.55
1477.06	1618.17
1477.7	1597.53
1478.34	1610.09
1478.98	1630.29
1479.62	1613.26
1480.26	1573.51
1480.9	1582.09
1481.54	1550.58
1482.18	1546.78
1482.81	1540.15
1483.45	1534.82
1484.09	1484.81
1484.73	1533.37
1485.37	1516.04
1486.01	1482.39
1486.65	1531.15
1487.28	1509.17
1487.92	1488.97
1488.56	1483.3
1489.2	1494.35
1489.84	1454.59
1490.47	1473.28
1491.11	1431.55
1491.75	1455.65
1492.39	1464.04
1493.03	1442.38
1493.66	1470.1
1494.3	1484.06
1494.94	1469.37
1495.57	1441.77
1496.21	1469.95
1496.85	1460.29
1497.49	1461.8
1498.12	1454.59
1498.76	1425.59
1499.4	1467.62
1500.03	1495.21
1500.67	1488.42
1501.31	1465.07
1501.94	1489.86
1502.58	1477.42
1503.21	1508
1503.85	1501.56
1504.49	1511.3
1505.12	1506.12
1505.28	1503
1505.92	1544
1506.55	1543
1507.19	1567
1507.83	1577
1508.47	1581
1509.11	1567
1509.75	1555
1510.39	1578
1511.03	1558
1511.67	1559
1512.31	1545
1512.95	1534
1513.59	1524
1514.22	1578
1514.86	1541
1515.5	1556
1516.14	1560
1516.78	1514
1517.42	1521
1518.05	1515
1518.69	1453
1519.33	1482
1519.97	1513
1520.61	1519
1521.24	1476
1521.88	1433
1522.52	1434
1523.16	1441
1523.79	1380
1524.43	1426
1525.07	1457
1525.71	1417
1526.34	1439
1526.98	1427
1527.62	1366
1528.26	1417
1528.89	1386
1529.53	1370
1530.17	1417
1530.8	1389
1531.44	1398
1532.07	1375
1532.71	1405
1533.35	1380
1533.98	1438
1534.62	1404
1535.26	1383
1535.89	1391.5
1536.53	1400
1537.16	1359
1537.8	1411
1538.44	1437
1539.07	1322
1539.71	1378
1540.34	1413
1540.98	1354
1541.61	1423
1542.25	1406
1542.88	1377
1543.52	1383.5
1544.15	1390
1544.79	1403
1545.42	1429
1546.06	1436
1546.69	1438
1547.33	1401
1547.96	1416
1548.6	1463
1549.23	1487
1549.86	1483
1550.5	1470
1551.13	1489
1551.77	1426
1552.4	1451
1553.03	1454
1553.67	1436
1554.3	1461
1554.93	1451
1555.57	1488
1556.2	1479
1556.84	1471
1557.47	1462
1558.1	1482
1558.73	1458
1559.37	1469
1560	1415
1560.63	1413
1561.27	1391
1561.9	1370
1562.53	1378
1563.16	1350
1563.8	1367
1564.43	1394
1565.06	1373
1565.69	1371
1566.33	1372
1566.96	1318
1567.59	1369
1568.22	1357
1568.85	1346
1569.49	1357
1570.12	1323
1570.75	1322
1571.38	1321
1572.01	1349
1572.64	1347
1573.28	1313
1573.91	1303
1574.54	1279
1575.17	1327
1575.8	1323
1576.43	1321
1577.06	1308
1577.69	1305
1578.32	1322
1578.95	1286
1579.58	1326
1580.21	1273
1580.84	1336
1581.47	1305
1582.11	1291
1582.73	1338
1583.37	1354
1584	1288
1584.63	1335
1585.26	1364
1585.88	1326
1586.51	1357
1587.14	1342
1587.77	1354
1588.4	1361
1589.03	1381
1589.66	1370
1590.29	1364
1590.92	1365
1591.55	1356
1592.18	1411
1592.81	1388
1593.44	1369
1594.06	1435
1594.69	1408
1595.32	1451
1595.95	1455
1596.58	1448
1597.21	1445
1597.83	1445
1598.46	1442
1599.09	1462
1599.72	1477
1600.35	1418
1600.98	1444
1601.6	1416
1602.23	1442
1602.86	1407
1603.49	1423
1604.11	1370
1604.74	1328
1605.37	1371
1606	1376
1606.62	1345
1607.25	1297
1607.88	1293
1608.5	1340
1609.13	1333
1609.76	1338
1610.38	1340
1611.01	1250
1611.64	1280
1612.26	1229
1612.89	1298
1613.52	1281
1614.14	1280
1614.77	1275
1615.39	1290
1616.02	1268
1616.65	1290
1617.27	1281
1617.9	1267
1618.52	1256
1619.15	1269
1619.77	1239
1620.4	1264
1621.02	1258
1621.65	1272
1622.28	1222
1622.9	1272
1623.53	1299
1624.15	1312
1624.78	1244
1625.4	1287
1626.03	1260
1626.65	1224
1627.27	1265
1627.9	1246
1628.52	1265
1629.15	1284
1629.77	1261
1630.4	1261
1631.02	1263
1631.64	1292
1632.27	1312
1632.89	1257
1633.52	1299
1634.14	1255
1634.76	1244
1635.39	1288
1636.01	1267
1636.63	1306
1637.26	1302
1637.88	1295
1638.5	1270
1639.13	1332
1639.75	1302
1640.37	1294
1641	1277
1641.62	1238
1642.24	1232
1642.86	1263
1643.49	1290
1644.11	1223
1644.73	1297
1645.35	1235
1645.98	1252
1646.6	1247
1647.22	1217
1647.84	1263
1648.46	1250
1649.09	1210
1649.71	1237
1650.33	1187
1650.95	1198
1651.57	1184
1652.19	1204
1652.82	1174
1653.44	1220
1654.06	1209
1654.68	1179
1655.3	1180
1655.92	1146
1656.54	1144
1657.16	1176
1657.78	1188
1658.4	1159
1659.03	1160
1659.65	1130
1660.27	1142
1660.89	1162
1661.51	1150
1662.13	1139
1662.75	1151
1663.37	1195
1663.99	1120
1664.61	1125
1665.23	1124
1665.85	1103
1666.47	1103
1667.09	1137
1667.71	1146
1668.33	1153
1668.95	1129
1669.56	1115
1670.18	1135
1670.8	1151
1671.42	1108
1672.04	1159
1672.66	1160
1673.28	1142
1673.9	1108
1674.52	1140
1675.13	1176
1675.75	1149
1676.37	1117
1676.99	1133
1677.61	1176
1678.23	1159
1678.84	1148
1679.46	1126
1680.08	1162
1680.7	1190
1681.32	1143
1681.93	1148
1682.55	1174
1683.17	1180
1683.79	1164
1684.41	1138
1685.02	1177
1685.64	1178
1686.26	1157
1686.87	1191
1687.49	1152
1688.11	1202
1688.73	1172
1689.34	1121
1689.96	1114
1690.58	1129
1691.19	1123
1691.81	1128
1692.43	1131
1693.04	1112
1693.66	1133
1694.27	1141
1694.89	1085
1695.51	1108
1696.12	1123
1696.74	1134
1697.35	1083
1697.97	1127
1698.59	1128
1699.2	1084
1699.82	1074
1700.43	1099
1701.05	1041
1701.66	1077
1702.28	1117
1702.89	1049
1703.51	1047
1704.12	1095
1704.74	1085
1705.35	1072
1705.97	1113
1706.58	1065
1707.2	1089
1707.81	1031
1708.43	1055
1709.04	1028
1709.66	1066
1710.27	1050
1710.88	1059
1711.5	1081
1712.11	1038
1712.73	1046
1713.34	1073
1713.95	1035
1714.57	1037
1715.18	1077
1715.8	1068
1716.41	1053
1717.02	1059
1717.64	1072
1718.25	1026
1718.86	1022
1719.48	1104
1720.09	1052
1720.7	1086
1721.31	1114
1721.93	1076
1722.54	1043
1723.15	1067
1723.77	1052
1724.38	1069
1724.99	1066
1725.6	1066
1726.22	1093
1726.83	1082
1727.44	1096
1728.05	1080
1728.66	1051
1729.28	1070
1729.89	1088
1730.5	1047
1731.11	1073
1731.72	1072
1732.33	1039
1732.95	1035
1733.56	1050
1734.17	1033
1734.78	1042
1735.39	980
1736	1030
1736.61	1030
1737.22	1023
1737.83	1044
1738.44	1017
1739.06	1007
1739.67	1067
1740.28	1009
1740.89	1030
1741.5	1029
1742.11	997
1742.72	993
1743.33	1006
1743.94	1000
1744.55	1034
1745.16	967
1745.77	1034
1746.38	977
1746.99	975
1747.6	1026
1748.21	962
1748.82	1007
1749.43	958
1750.04	940
1750.65	995
1751.25	979
1751.86	987
1752.47	1014
1753.08	955
1753.69	975
1754.3	1002
1754.91	995
1755.52	979
1756.13	999
1756.73	964
1757.34	1002
1757.95	953
1758.56	948
1759.17	974
1759.78	972
1760.38	990
1760.99	946
1761.6	959
1762.21	1002
1762.81	952
1763.42	1007
1764.03	988
1764.64	969
1765.24	955
1765.85	1010
1766.46	998
1767.07	993
1767.67	974
1768.28	968
1768.89	1000
1769.5	998
1770.1	945
1770.71	973
1771.32	938
1771.92	950
1772.53	972
1773.14	958
1773.74	970
1774.35	958
1774.95	978
1775.56	961
1776.17	906
1776.77	931
1777.38	940
1777.99	935
1778.59	935
1779.2	911
1779.8	944
1780.41	905
1781.01	903
1781.62	880
1782.22	930
1782.83	904
1783.43	933
1784.04	886
1784.65	936
1785.25	950
1785.85	903
1786.46	884
1787.06	896
1787.67	889
1788.27	921
1788.88	925
1789.48	914
1790.09	898
1790.69	893
1791.3	922
1791.9	925
1792.5	924
1793.11	864
1793.71	910
1794.32	917
1794.92	899
1795.52	867
1796.13	885
1796.73	872
1797.33	904
1797.94	916
1798.54	902
1799.14	894
1799.75	852
1800.35	835
1800.95	904
1801.56	869
1802.16	886
1802.76	881
1803.37	893
1803.97	903
1804.57	915
1805.17	897
1805.78	908
1806.38	870
1806.98	885
1807.58	903
1808.18	923
1808.79	893
1809.39	877
1809.99	880
1810.59	882
1811.19	897
1811.8	871
1812.4	883
1813	860
1813.6	887
1814.2	886
1814.8	868
1815.41	906
1816.01	892
1816.61	864
1817.21	870
1817.81	853
1818.41	915
1819.01	921
1819.61	912
1820.21	886
1820.81	905
1821.41	891
1822.01	862
1822.61	888
1823.22	900
1823.82	872
1824.42	850
1825.02	855
1825.62	904
1826.22	866
1826.82	846
1827.42	896
1828.02	863
1828.61	899
1829.21	840
1829.81	829
1830.41	865
1831.01	821
1831.61	860
1832.21	825
1832.81	879
1833.41	820
1834.01	879
1834.61	835
1835.21	859
1835.81	823
1836.4	852
1837	828
1837.6	858
1838.2	821
1838.8	811
1839.4	812
1839.99	842
1840.59	826
1841.19	853
1841.79	820
1842.39	849
1842.98	854
1843.58	812
1844.18	850
1844.78	839
1845.38	862
1845.97	821
1846.57	832
1847.17	812
1847.76	792
1848.36	821
1848.96	838
1849.56	844
1850.15	831
1850.75	823
1851.35	831
1851.94	844
1852.54	816
1853.14	822
1853.73	836
1854.33	3358
1854.93	849
1855.52	842
1856.12	839
1856.72	837
1857.31	839
1857.91	790
1858.5	823
1859.1	811
1859.7	818
1860.29	792
1860.89	783
1861.48	835
1862.08	794
1862.67	853
1863.27	805
1863.86	819
1864.46	798
1865.05	830
1865.65	838
1866.25	845
1866.84	823
1867.43	784
1868.03	818
1868.62	803
1869.22	845
1869.81	778
1870.41	818
1871	804
1871.6	798
1872.19	807
1872.79	788
1873.38	762
1873.97	801
1874.57	807
1875.16	803
1875.76	824
1876.35	803
1876.94	797
1877.54	765
1878.13	779
1878.72	793
1879.32	729
1879.91	776
1880.5	758
1881.1	780
1881.69	785
1882.28	771
1882.88	775
1883.47	794
1884.06	759
1884.66	784
1885.25	743
1885.84	760
1886.43	761
1887.03	759
1887.62	792
1888.21	784
1888.8	761
1889.4	757
1889.99	769
1890.58	806
1891.17	767
1891.76	748
1892.35	759
1892.95	755
1893.54	770
1894.13	723
1894.72	743
1895.31	752
1895.9	725
1896.5	766
1897.09	779
1897.68	767
1898.27	786
1898.86	754
1899.45	737
1900.04	747
1900.63	767
1901.22	747
1901.81	739
1902.4	745
1903	732
1903.59	736
1904.18	766
1904.77	719
1905.36	774
1905.95	774
1906.54	737
1907.13	744
1907.72	721
1908.31	725
1908.9	745
1909.49	696
1910.08	735
1910.67	748
1911.26	733
1911.84	751
1912.43	720
1913.02	728
1913.61	716
1914.2	688
1914.79	686
1915.38	721
1915.97	743
1916.56	735
1917.15	713
1917.73	739
1918.32	727
1918.91	718
1919.5	714
1920.09	708
1920.68	714
1921.27	694
1921.85	725
1922.44	704
1923.03	711
1923.62	736
1924.21	709
1924.79	768
1925.38	699
1925.97	706
1926.56	696
1927.14	659
1927.73	738
1928.32	716
1928.91	687
1929.49	718
1930.08	712
1930.67	682
1931.26	717
1931.84	747
1932.43	714
1933.02	729
1933.6	730
1934.19	725
1934.78	701
1935.36	681
1935.95	679
1936.54	676
1937.12	719
1937.71	728
1938.29	707
1938.88	695
1939.47	715
1940.05	671
1940.64	702
1941.22	716
1941.81	691
1942.4	706
1942.98	663
1943.57	693
1944.15	671
1944.74	672
1945.32	695
1945.91	702
1946.49	720
1947.08	704
1947.66	711
1948.25	697
1948.83	675
1949.42	703
1950	701
1950.59	648
1951.17	681
1951.76	685
1952.34	681
1952.93	686
1953.51	661
1954.1	646
1954.68	676
1955.26	690
1955.85	699
1956.43	692
1957.02	635
1957.6	634
1958.18	653
1958.77	665
1959.35	652
1959.93	657
1960.52	659
1961.1	655
1961.68	651
1962.27	654
1962.85	672
1963.43	631
1964.02	673
1964.6	670
1965.18	644
1965.77	647
1966.35	685
1966.93	668
1967.51	667
1968.1	590
1968.68	620
1969.26	652
1969.84	666
1970.43	641
1971.01	634
1971.59	633
1972.17	656
1972.75	659
1973.34	653
1973.92	633
1974.5	640
1975.08	616
1975.66	668
1976.24	619
1976.83	616
1977.41	636
1977.99	648
1978.57	620
1979.15	634
1979.73	642
1980.31	670
1980.89	650
1981.48	600
1982.06	617
1982.64	632
1983.22	606
1983.8	607
1984.38	613
1984.96	617
1985.54	658
1986.12	639
1986.7	612
1987.28	604
1987.86	594
1988.44	626
1989.02	615
1989.6	627
1990.18	617
1990.76	612
1991.34	607
1991.92	639
1992.5	620
1993.08	647
1993.66	587
1994.24	611
1994.82	616
1995.4	567
1995.98	610
1996.56	590
1997.13	596
1997.71	621
1998.29	627
1998.87	594
1999.45	589
2000.03	601
2000.61	601
2001.19	576
2001.76	619
2002.34	622
2002.92	599
2003.5	616
2004.08	592
2004.66	564
2005.23	587
2005.81	583
2006.39	608.05
2006.97	575.397
2007.54	571.318
2008.12	598.128
2008.7	586.773
2009.28	573.781
2009.85	572.948
2010.43	574.536
2011.01	613.329
2011.59	585.374
2012.16	565.898
2012.74	589.742
2013.32	601.193
2013.9	581.556
2014.47	589.941
2015.05	585.882
2015.63	591.818
2016.2	583.734
2016.78	605.115
2017.36	584.944
2017.93	579.642
2018.51	593.174
2019.08	594.054
2019.66	583.476
2020.24	576.21
2020.81	585.515
2021.39	597.71
2021.97	561.464
2022.54	596.849
2023.12	564.086
2023.69	569.001
2024.27	570.699
2024.84	603.19
2025.42	576.562
2026	577.377
2026.57	559.488
2027.15	578.564
2027.72	566.275
2028.3	585.964
2028.87	590.731
2029.45	571.226
2030.02	580.029
2030.6	572.014
2031.17	580.266
2031.75	576.194
2032.32	572.211
2032.9	557.456
2033.47	553.729
2034.05	549.984
2034.62	567.592
2035.19	546.838
2035.77	547.016
2036.34	557.313
2036.92	561.914
2037.49	563.462
2038.06	584.882
2038.64	575.808
2039.21	587.647
2039.79	572.946
2040.36	580.767
2040.93	585.86
2041.51	595.474
2042.08	574.588
2042.65	576.301
2043.23	575.758
2043.8	551.985
2044.38	559.663
2044.95	558.239
2045.52	555.444
2046.09	559.032
2046.67	559.557
2047.24	577.286
2047.81	580.158
2048.39	569.646
2048.96	555.82
2049.53	540.786
2050.1	558.853
2050.68	567.821
2051.25	562.199
2051.82	573.513
2052.39	559.744
2052.97	570.486
2053.54	570.413
2054.11	574.083
2054.68	595.709
2055.25	578.558
2055.83	547.331
2056.4	543.06
2056.97	564.404
2057.54	580.838
2058.11	552.64
2058.68	539.443
2059.26	545.133
2059.83	555.366
2060.4	561.437
2060.97	551.711
2061.54	560.176
2062.11	575.452
2062.68	582.282
2063.25	575.7
2063.72	576
2064.3	541
2064.87	537
2065.45	558
2066.02	527
2066.6	526
2067.17	553
2067.74	567
2068.32	574
2068.89	523
2069.47	573
2070.04	563
2070.61	560
2071.19	539
2071.76	519
2072.33	550
2072.91	539
2073.48	567
2074.05	539
2074.63	529
2075.2	538
2075.77	537
2076.35	517
2076.92	546
2077.49	525
2078.07	554
2078.64	541
2079.21	570
2079.78	529
2080.36	521
2080.93	562
2081.5	533
2082.07	538
2082.65	543
2083.22	548
2083.79	547
2084.36	546
2084.93	522
2085.51	554
2086.08	531
2086.65	535
2087.22	520
2087.79	521
2088.37	535
2088.94	510
2089.51	526
2090.08	528
2090.65	533
2091.22	528
2091.79	520
2092.36	512
2092.94	516
2093.51	534
2094.08	496
2094.65	513
2095.22	507
2095.79	511
2096.36	539
2096.93	540
2097.5	505
2098.07	489
2098.64	494.5
2099.21	500
2099.78	534
2100.35	521
2100.92	518
2101.49	513
2102.06	511
2102.63	488
2103.2	498
2103.77	511
2104.34	508
2104.91	515
2105.48	491
2106.05	519
2106.62	500
2107.19	510
2107.76	524
2108.33	486
2108.9	490
2109.47	518
2110.04	500
2110.6	527
2111.17	499
2111.74	516
2112.31	495
2112.88	495
2113.45	502
2114.02	499
2114.58	499
2115.15	501
2115.72	497
2116.29	534
2116.86	480
2117.43	514
2117.99	495
2118.56	465
2119.13	491
2119.7	492
2120.27	516
2120.83	479
2121.4	478
2121.97	489
2122.54	493
2123.1	505
2123.67	485
2124.24	470
2124.81	482
2125.37	489
2125.94	487
2126.51	518
2127.07	502
2127.64	477
2128.21	484
2128.77	497
2129.34	472
2129.91	470
2130.47	470
2131.04	476
2131.61	472
2132.17	481
2132.74	458
2133.31	471
2133.87	470
2134.44	484
2135.01	483
2135.57	460
2136.14	500
2136.7	475
2137.27	477
2137.83	467
2138.4	500
2138.97	476
2139.53	491
2140.1	493
2140.66	479
2141.23	489
2141.79	475
2142.36	478
2142.92	468
2143.49	461
2144.05	466
2144.62	462
2145.18	446
2145.75	457
2146.31	458
2146.88	496
2147.44	483
2148.01	476
2148.57	465
2149.13	441
2149.7	469
2150.26	488
2150.83	447
2151.39	469
2151.95	464
2152.52	467
2153.08	460
2153.65	453
2154.21	492
2154.77	472
2155.34	457
2155.9	481
2156.46	454
2157.03	482
2157.59	451
2158.15	469
2158.72	451
2159.28	462
2159.84	488
2160.41	472
2160.97	467
2161.53	461
2162.1	472
2162.66	442
2163.22	468
2163.78	462
2164.35	436
2164.91	453
2165.47	466
2166.03	430
2166.6	433
2167.16	436
2167.72	455
2168.28	439
2168.84	463
2169.41	437
2169.97	449
2170.53	468
2171.09	450
2171.65	444
2172.21	426
2172.78	467
2173.34	475
2173.9	431
2174.46	454
2175.02	442
2175.58	413
2176.14	427
2176.71	464
2177.27	469
2177.83	439
2178.39	444
2178.95	428
2179.51	454
2180.07	421
2180.63	446
2181.19	466
2181.75	439
2182.31	432
2182.87	442
2183.43	429
2183.99	446
2184.55	430
2185.11	411
2185.67	417
2186.23	411
2186.79	395
2187.35	443
2187.91	439
2188.47	427
2189.03	441
2189.59	432
2190.15	433
2190.71	433
2191.27	436
2191.83	403
2192.39	439
2192.95	447
2193.51	427
2194.07	411
2194.62	441
2195.18	405
2195.74	418
2196.3	404
2196.86	421
2197.42	426
2197.98	404
2198.54	438
2199.09	414
2199.65	424
2200.21	420
2200.77	433
2201.33	425
2201.88	417
2202.44	428
2203	423
2203.56	405
2204.12	399
2204.67	405
2205.23	393
2205.79	396
2206.35	424
2206.9	427
2207.46	384
2208.02	403
2208.58	390
2209.13	429
2209.69	400
2210.25	403
2210.81	397
2211.36	407
2211.92	395
2212.48	395
2213.03	397
2213.59	418
2214.15	406
2214.7	391
2215.26	402
2215.81	401
2216.37	410
2216.93	400
2217.48	394
2218.04	406
2218.6	432
2219.15	409
2219.71	407
2220.26	397
2220.82	390
2221.38	410
2221.93	406
2222.49	414
2223.04	404
2223.6	410
2224.15	413
2224.71	401
2225.26	396
2225.82	391
2226.38	428
2226.93	402
2227.49	387
2228.04	375
2228.59	392
2229.15	411
2229.7	375
2230.26	396
2230.81	393
2231.37	386
2231.92	395
2232.48	390
2233.03	387
2233.59	394
2234.14	368
2234.69	381
2235.25	359
2235.8	373
2236.36	408
2236.91	396
2237.46	378
2238.02	362
2238.57	367
2239.13	376
2239.68	396
2240.23	372
2240.79	392
2241.34	383
2241.89	389
2242.45	406
2243	355
2243.55	379
2244.11	412
2244.66	417
2245.21	395
2245.76	380
2246.32	358
2246.87	376
2247.42	374
2247.98	388
2248.53	380
2249.08	376
2249.63	376
2250.19	363
2250.74	386
2251.29	376
2251.84	371
2252.39	359
2252.95	374
2253.5	376
2254.05	370
2254.6	372
2255.15	365
2255.71	355
2256.26	388
2256.81	369
2257.36	382
2257.91	368
2258.46	380
2259.01	368
2259.57	382
2260.12	380
2260.67	370
2261.22	353
2261.77	379
2262.32	367
2262.87	385
2263.42	340
2263.97	378
2264.52	349
2265.07	371
2265.62	383
2266.18	358
2266.73	371
2267.28	362
2267.83	346
2268.38	378
2268.93	367
2269.48	365
2270.03	352
2270.58	358
2271.13	363
2271.68	331
2272.23	363
2272.78	351
2273.33	357
2273.87	382
2274.42	346
2274.97	378
2275.52	337
2276.07	327
2276.62	365
2277.17	352
2277.72	377
2278.27	362
2278.82	335
2279.37	363
2279.92	363
2280.46	338
2281.01	370
2281.56	329
2282.11	355
2282.66	338
2283.21	346
2283.76	349
2284.3	347
2284.85	349
2285.4	334
2285.95	365
2286.5	343
2287.04	348
2287.59	346
2288.14	358
2288.69	359
2289.24	350
2289.78	322
2290.33	346
2290.88	320
2291.43	378
2291.97	365
2292.52	340
2293.07	375
2293.62	349
2294.16	341
2294.71	345
2295.26	354
2295.8	352
2296.35	335
2296.9	366
2297.44	364
2297.99	340
2298.54	328
2299.08	341
2299.63	334
2300.18	330
2300.72	350
2301.27	335
2301.82	343
2302.36	342
2302.91	343
2303.45	328
2304	337
2304.55	356
2305.09	352
2305.64	333
2306.18	318
2306.73	337
2307.28	311
2307.82	353
2308.37	317
2308.91	346
2309.46	340
2310	353
2310.55	327
2311.09	320
2311.64	311
2312.18	311
2312.73	352
2313.27	307
2313.82	335
2314.36	319
2314.91	312
2315.45	308
2316	328
2316.54	333
2317.09	312
2317.63	298
2318.17	313
2318.72	326
2319.26	331
2319.81	332
2320.35	298
2320.89	329
2321.44	309
2321.98	344
2322.53	335
2323.07	324
2323.61	319
2324.16	332
2324.7	327
2325.24	312
2325.79	326
2326.33	318
2326.87	338
2327.42	341
2327.96	337
2328.5	329
2329.05	318
2329.59	332
2330.13	333
2330.68	312
2331.22	334
2331.76	332
2332.3	321
2332.85	326
2333.39	326
2333.93	323
2334.47	309
2335.02	313
2335.56	305
2336.1	308
2336.64	323
2337.19	318
2337.73	314
2338.27	331
2338.81	295
2339.35	336
2339.89	288
2340.44	339
2340.98	301
2341.52	315
2342.06	297
2342.6	311
2343.14	303
2343.69	284
2344.23	313
2344.77	296
2345.31	309
2345.85	322
2346.39	328
2346.93	309
2347.47	319
2348.01	301
2348.55	306
2349.09	298
2349.64	296
2350.18	306
2350.72	292
2351.26	317
2351.8	332
2352.34	310
2352.88	304
2353.42	309
2353.96	310
2354.5	291
2355.04	294
2355.58	309
2356.12	323
2356.66	294
2357.2	300
2357.74	306
2358.28	304
2358.82	295
2359.36	307
2359.9	283
2360.43	315
2360.97	282
2361.51	300
2362.05	286
2362.59	301
2363.13	299
2363.67	293
2364.21	304
2364.75	296
2365.29	291
2365.82	275
2366.36	299
2366.9	291
2367.44	308
2367.98	298
2368.52	276
2369.06	289
2369.59	274
2370.13	296
2370.67	285
2371.21	293
2371.75	289
2372.28	285
2372.82	294
2373.36	286
2373.9	287
2374.44	290
2374.97	271
2375.51	297
2376.05	309
2376.59	283
2377.12	295
2377.66	289
2378.2	294
2378.73	304
2379.27	291
2379.81	279
2380.35	273
2380.88	295
2381.42	275
2381.96	289
2382.49	271
2383.03	285
2383.57	296
2384.1	292
2384.64	309
2385.18	288
2385.71	299
2386.25	279
2386.78	268
2387.32	281
2387.86	291
2388.39	279
2388.93	285
2389.47	276
2390	278
2390.54	281
2391.07	269
2391.61	296
2392.14	280
2392.68	292
2393.22	286
2393.75	257
2394.29	271
2394.82	295
2395.36	273
2395.89	291
2396.43	289
2396.96	288
2397.5	282
2398.03	272
2398.57	278
2399.1	292
2399.64	277
2400.17	262
2400.71	263
2401.24	281
2401.77	267
2402.31	283
2402.84	256
2403.38	282
2403.91	268
2404.45	268
2404.98	285
2405.51	285
2406.05	287
2406.58	259
2407.12	280
2407.65	274
2408.18	256
2408.72	280
2409.25	275
2409.78	269
2410.32	266
2410.85	261
2411.38	266
2411.92	262
2412.45	277
2412.98	267
2413.52	270
2414.05	260
2414.58	273
2415.12	276
2415.65	279
2416.18	258
2416.71	271
2417.25	268
2417.78	264
2418.31	289
2418.84	265
2419.38	275
2419.91	256
2420.44	280
2420.97	268
2421.51	279
2422.04	275
2422.57	271
2423.1	250
2423.63	253
2424.17	258
2424.7	255
2425.23	265
2425.76	259
2426.29	253
2426.82	247
2427.36	279
2427.89	288
2428.42	255
2428.95	267
2429.48	263
2430.01	246
2430.54	263
2431.07	293
2431.61	265
2432.14	253
2432.67	248
2433.2	251
2433.73	266
2434.26	260
2434.79	266
2435.32	269
2435.85	267
2436.38	265
2436.91	247
2437.44	253
2437.97	275
2438.5	264
2439.03	264
2439.56	259
2440.09	259
2440.62	272
2441.15	261
2441.68	247
2442.21	254
2442.74	261
2443.27	255
2443.8	250
2444.33	244
2444.86	276
2445.39	251
2445.92	270
2446.45	271
2446.98	287
2447.51	252
2448.04	281
2448.56	242
2449.09	270
2449.62	272
2450.15	255
2450.68	239
2451.21	260
2451.74	247
2452.27	270
2452.79	282
2453.32	283
2453.85	255
2454.38	259
2454.91	261
2455.44	255
2455.96	282
2456.49	257
2457.02	287
2457.55	266
2458.08	251
2458.6	254
2459.13	259
2459.66	270
2460.19	265
2460.71	255
2461.24	255
2461.77	263
2462.3	270
2462.82	280
2463.35	278
2463.88	266
2464.41	255
2464.93	285
2465.46	273
2465.99	244
2466.51	266
2467.04	258
2467.57	265
2468.09	254
2468.62	255
2469.15	254
2469.67	274
2470.2	279
2470.73	251
2471.25	284
2471.78	265
2472.31	255
2472.83	273
2473.36	268
2473.88	251
2474.41	272
2474.94	254
2475.46	269
2475.99	255
2476.51	257
2477.04	266
2477.56	248
2478.09	268
2478.62	260
2479.14	258
2479.67	251
2480.19	284
2480.72	260
2481.24	259
2481.77	261
2482.29	245
2482.82	259
2483.34	243
2483.87	248
2484.39	267
2484.92	274
2485.44	257
2485.97	271
2486.49	254
2487.01	244
2487.54	239
2488.06	241
2488.59	257
2489.11	233
2489.64	245
2490.16	255
2490.68	253
2491.21	250
2491.73	238
2492.26	241
2492.78	229
2493.3	255
2493.83	253
2494.35	244
2494.87	258
2495.4	272
2495.92	249
2496.45	245
2496.97	234
2497.49	233
2498.01	241
2498.54	236
2499.06	232
2499.58	248
2500.11	239
2500.63	244
2501.15	239
2501.68	236
2502.2	244
2502.72	243
2503.24	238
2503.77	231
2504.29	241
2504.81	248
2505.33	229
2505.86	237
2506.38	249
2506.9	248
2507.42	249
2507.94	228
2508.47	263
2508.99	254
2509.51	227
2510.03	259
2510.55	226
2511.08	250
2511.6	223
2512.12	240
2512.64	227
2513.16	237
2513.68	236
2514.21	235.074
2514.73	220.056
2515.25	237.469
2515.77	226.303
2516.29	225.583
2516.81	227.541
2517.33	239.897
2517.85	227.766
2518.37	219.075
2518.89	225.768
2519.41	232.2
2519.94	227.177
2520.46	226.627
2520.98	207.289
2521.5	227.75
2522.02	209.923
2522.54	236.827
2523.06	192.425
2523.58	218.227
2524.1	206.15
2524.62	211.824
2525.14	208.745
2525.66	203.803
2526.18	223.641
2526.7	223.642
2527.22	214.846
2527.74	217.932
2528.26	228.363
2528.78	215.564
2529.3	212.93
2529.82	202.516
2530.34	225.809
2530.86	225.759
2531.37	217.947
2531.89	218.871
2532.41	212.365
2532.93	222.659
2533.45	215.775
2533.97	208.885
2534.49	224.051
2535.01	210.194
2535.53	210.13
2536.05	218.653
2536.56	209.273
2537.08	220.002
2537.6	218.303
2538.12	210.798
2538.64	207.394
2539.16	209.14
2539.68	218.471
2540.19	212.885
2540.71	228.931
2541.23	215.613
2541.75	214.293
2542.27	212.786
2542.78	222.593
2543.3	214.193
2543.82	222.892
2544.34	217.133
2544.86	224.095
2545.37	218.213
2545.89	213.013
2546.41	224.349
2546.93	227.388
2547.44	214.904
2547.96	210.862
2548.48	220.328
2549	218.586
2549.51	214.784
2550.03	214.255
2550.55	224.717
2551.06	226.787
2551.58	213.26
2552.1	222.938
2552.62	230.136
2553.13	228.585
2553.65	228.828
2554.17	227.766
2554.68	220.839
2555.2	216.972
2555.71	228.946
2556.23	222.959
2556.75	215.652
2557.26	217.636
2557.78	222.151
2558.3	229.388
2558.81	233.76
2559.33	234.852
2559.84	234.081
2560.36	223.828
2560.88	223.13
2561.39	230.836
2561.91	231.98
2562.42	215.083
2562.94	224.275
2563.46	226.934
2563.97	218.724
2564.49	221.312
2565	218.464
2565.52	225.478
2566.03	221.897
2566.55	207.514
2566.87	207
2567.39	204
2567.91	215
2568.42	211
2568.94	220
2569.46	233
2569.98	202
2570.5	203
2571.02	211
2571.53	218
2572.05	195
2572.57	211
2573.09	207
2573.6	192
2574.12	187
2574.64	202
2575.16	224
2575.68	195
2576.19	208
2576.71	216
2577.23	200
2577.75	198
2578.26	199
2578.78	214
2579.3	210
2579.81	210
2580.33	201
2580.85	208
2581.37	217
2581.88	204
2582.4	195
2582.92	214
2583.43	207
2583.95	200
2584.47	209
2584.98	204
2585.5	201
2586.02	228
2586.53	210
2587.05	210
2587.56	205
2588.08	225
2588.6	203
2589.11	192
2589.63	220
2590.14	201
2590.66	219
2591.18	212
2591.69	205
2592.21	219
2592.72	205
2593.24	219
2593.75	208
2594.27	226
2594.78	214
2595.3	211
2595.82	220
2596.33	199
2596.85	210
2597.36	212.5
2597.88	215
2598.39	217
2598.91	219
2599.42	235
2599.94	205
2600.45	225
2600.97	224
2601.48	233
2601.99	227
2602.51	216
2603.02	206
2603.54	192
2604.05	205
2604.57	212
2605.08	236
2605.59	224
2606.11	225
2606.62	211
2607.14	197
2607.65	207
2608.16	206
2608.68	198
2609.19	187
2609.71	207
2610.22	200
2610.73	203
2611.25	216
2611.76	215
2612.27	194
2612.79	201
2613.3	197
2613.81	215
2614.33	182
2614.84	192
2615.35	185
2615.87	204
2616.38	197
2616.89	192
2617.4	204
2617.92	185
2618.43	199
2618.94	199
2619.46	197
2619.97	197
2620.48	181
2620.99	185
2621.5	199
2622.02	198
2622.53	193
2623.04	192
2623.55	195
2624.07	191
2624.58	202
2625.09	206
2625.6	208
2626.11	172
2626.63	194
2627.14	201
2627.65	191
2628.16	195
2628.67	188
2629.18	198
2629.69	199
2630.21	204
2630.72	209
2631.23	211
2631.74	203
2632.25	205
2632.76	207
2633.27	192
2633.78	212
2634.3	214
2634.81	213
2635.32	195
2635.83	209
2636.34	215
2636.85	224
2637.36	222
2637.87	202
2638.38	208
2638.89	213
2639.4	216
2639.91	205
2640.42	229
2640.93	231
2641.44	213
2641.95	229
2642.46	212
2642.97	227
2643.48	208
2643.99	222
2644.5	199
2645.01	225
2645.52	223
2646.03	231
2646.54	206
2647.05	202
2647.56	223
2648.07	221
2648.58	227
2649.09	210
2649.59	198
2650.1	205
2650.61	197
2651.12	213
2651.63	217
2652.14	200
2652.65	226
2653.16	186
2653.67	204
2654.17	200
2654.68	178
2655.19	186
2655.7	188
2656.21	174
2656.72	186
2657.22	190
2657.73	187
2658.24	207
2658.75	199
2659.26	190
2659.77	187
2660.27	190
2660.78	197
2661.29	187
2661.8	184
2662.3	161
2662.81	190
2663.32	185
2663.83	191
2664.34	171
2664.84	180
2665.35	188
2665.86	196
2666.36	175
2666.87	190
2667.38	187
2667.89	178
2668.39	172
2668.9	181
2669.41	193
2669.91	187
2670.42	186
2670.93	188
2671.43	179
2671.94	207
2672.45	183
2672.95	207
2673.46	187
2673.97	193
2674.47	188
2674.98	210
2675.48	202
2675.99	191
2676.5	201
2677	192
2677.51	188
2678.01	211
2678.52	192
2679.03	210
2679.53	199
2680.04	208
2680.54	211
2681.05	217
2681.55	214
2682.06	243
2682.57	228
2683.07	215
2683.58	221
2684.08	234
2684.59	249
2685.09	207
2685.6	233
2686.1	227
2686.61	249
2687.11	223
2687.62	207
2688.12	230
2688.63	243
2689.13	239
2689.63	224
2690.14	245
2690.64	220
2691.15	201
2691.65	230
2692.16	247
2692.66	220
2693.17	223
2693.67	225
2694.17	200
2694.68	210
2695.18	208
2695.69	211
2696.19	211
2696.69	201
2697.2	222
2697.7	221
2698.2	223
2698.71	209
2699.21	212
2699.71	219
2700.22	215
2700.72	208
2701.22	212
2701.73	196
2702.23	199
2702.73	206
2703.24	207
2703.74	207
2704.24	192
2704.75	210
2705.25	196
2705.75	199
2706.25	196
2706.76	214
2707.26	194
2707.76	209
2708.26	196
2708.77	194
2709.27	194
2709.77	195
2710.27	199
2710.78	189
2711.28	204
2711.78	191
2712.28	197
2712.78	206
2713.29	207
2713.79	213
2714.29	211
2714.79	205
2715.29	204
2715.79	215
2716.3	216
2716.8	225
2717.3	212
2717.8	227
2718.3	234
2718.8	209
2719.3	224
2719.81	234
2720.31	247
2720.81	237
2721.31	233
2721.81	241
2722.31	238
2722.81	247
2723.31	264
2723.81	260
2724.31	266
2724.81	258
2725.31	273
2725.82	262
2726.32	275
2726.82	277
2727.32	259
2727.82	268
2728.32	261
2728.82	267
2729.32	292
2729.82	247
2730.32	256
2730.82	253
2731.32	265
2731.82	273
2732.32	262
2732.82	222
2733.32	273
2733.82	241
2734.31	256
2734.81	233
2735.31	235
2735.81	252
2736.31	240
2736.81	232
2737.31	223
2737.81	226
2738.31	231
2738.81	223
2739.31	220
2739.81	223
2740.3	226
2740.8	220
2741.3	216
2741.8	217
2742.3	214
2742.8	205
2743.3	209
2743.79	208
2744.29	216
2744.79	206
2745.29	211
2745.79	206
2746.29	202
2746.78	197
2747.28	205
2747.78	186
2748.28	180
2748.78	184
2749.27	184
2749.77	190
2750.27	203
2750.77	214
2751.26	206
2751.76	190
2752.26	205
2752.76	197
2753.25	206
2753.75	193
2754.25	176
2754.75	199
2755.24	191
2755.74	195
2756.24	208
2756.73	191
2757.23	204
2757.73	220
2758.22	208
2758.72	215
2759.22	203
2759.72	221
2760.21	219
2760.71	224
2761.2	238
2761.7	243
2762.2	228
2762.69	242
2763.19	239
2763.69	239
2764.18	235
2764.68	251
2765.17	258
2765.67	261
2766.17	263
2766.66	301
2767.16	284
2767.65	271
2768.15	286
2768.65	274
2769.14	303
2769.64	304
2770.13	288
2770.63	296
2771.12	313
2771.62	305
2772.11	299
2772.61	300
2773.1	307
2773.6	299
2774.09	292
2774.59	306
2775.08	299
2775.58	295
2776.07	303
2776.57	293
2777.06	311
2777.56	277
2778.05	287
2778.55	285
2779.04	270
2779.53	254
2780.03	246
2780.52	259
2781.02	255
2781.51	253
2782.01	222
2782.5	235
2782.99	240
2783.49	230
2783.98	229
2784.47	229
2784.97	237
2785.46	207
2785.96	219
2786.45	220
2786.94	219
2787.44	213
2787.93	194
2788.42	212
2788.92	185
2789.41	200
2789.9	200
2790.4	209
2790.89	198
2791.38	206
2791.88	199
2792.37	199
2792.86	198
2793.35	192
2793.85	184
2794.34	206
2794.83	195
2795.33	198
2795.82	201
2796.31	185
2796.8	193
2797.3	215
2797.79	208
2798.28	208
2798.77	208
2799.26	212
2799.76	202
2800.25	214
2800.74	220
2801.23	220
2801.72	215
2802.22	218
2802.71	203
2803.2	243
2803.69	244
2804.18	221
2804.67	236
2805.17	226
2805.66	236
2806.15	255
2806.64	252
2807.13	251
2807.62	287
2808.11	263
2808.6	281
2809.1	263
2809.59	304
2810.08	301
2810.57	296
2811.06	303
2811.55	290
2812.04	309
2812.53	312
2813.02	284
2813.51	314
2814	313
2814.49	292
2814.98	337
2815.47	329
2815.96	303
2816.45	306
2816.94	329
2817.44	326
2817.93	319
2818.42	317
2818.91	318
2819.39	296
2819.88	299
2820.37	328
2820.86	307
2821.35	292
2821.84	285
2822.33	298
2822.82	281
2823.31	306
2823.8	271
2824.29	256
2824.78	274
2825.27	262
2825.76	260
2826.25	249
2826.74	254
2827.23	258
2827.71	241
2828.2	241
2828.69	238
2829.18	228
2829.67	232
2830.16	222
2830.65	215
2831.14	236
2831.62	206
2832.11	218
2832.6	220
2833.09	236
2833.58	218
2834.07	231
2834.55	214
2835.04	214
2835.53	218
2836.02	226
2836.51	218
2836.99	209
2837.48	216
2837.97	212
2838.46	219
2838.95	231
2839.43	219
2839.92	218
2840.41	231
2840.9	221
2841.38	223
2841.87	252
2842.36	229
2842.84	249
2843.33	238
2843.82	232
2844.31	236.5
2844.79	241
2845.28	244
2845.77	260
2846.25	225
2846.74	262
2847.23	250
2847.71	258
2848.2	284
2848.69	275
2849.17	278
2849.66	276
2850.15	305
2850.63	296
2851.12	295
2851.61	319
2852.09	304
2852.58	319
2853.06	331
2853.55	336
2854.04	332
2854.52	334
2855.01	339
2855.49	377
2855.98	351
2856.46	364
2856.95	361
2857.44	378
2857.92	345
2858.41	367
2858.89	401
2859.38	360
2859.86	373
2860.35	366
2860.83	361
2861.32	373
2861.8	367
2862.29	358
2862.77	377
2863.26	359
2863.74	363
2864.23	361
2864.71	359
2865.2	382
2865.68	353
2866.17	347
2866.65	359
2867.14	357
2867.62	341
2868.1	314
2868.59	355
2869.07	319
2869.56	319.5
2870.04	320
2870.53	325
2871.01	323
2871.49	329
2871.98	313
2872.46	305
2872.95	314
2873.43	297
2873.91	287
2874.4	308
2874.88	305
2875.36	312
2875.85	307
2876.33	283
2876.81	295
2877.3	308
2877.78	301
2878.26	325
2878.75	317
2879.23	311
2879.71	317
2880.2	307
2880.68	312
2881.16	303
2881.65	303
2882.13	314
2882.61	299
2883.09	318
2883.58	332
2884.06	318
2884.54	321
2885.02	359
2885.51	337
2885.99	301
2886.47	332
2886.95	366
2887.44	347
2887.92	353
2888.4	348
2888.88	356
2889.36	383
2889.85	380
2890.33	374
2890.81	377
2891.29	361
2891.77	393
2892.26	381
2892.74	419
2893.22	385
2893.7	389
2894.18	400
2894.66	405
2895.14	388
2895.63	430
2896.11	418
2896.59	439
2897.07	424
2897.55	410
2898.03	420
2898.51	435
2898.99	424
2899.47	440
2899.95	435
2900.44	436
2900.92	440
2901.4	431
2901.88	415
2902.36	427
2902.84	421
2903.32	431
2903.8	423
2904.28	419
2904.76	408
2905.24	395
2905.72	394
2906.2	384
2906.68	399
2907.16	383
2907.64	397
2908.12	376
2908.6	348
2909.08	374
2909.56	368
2910.04	357
2910.52	348
2911	355
2911.48	386
2911.96	2214
2912.44	1702
2912.92	2153
2913.39	614
2913.87	335
2914.35	324
2914.83	326
2915.31	317
2915.79	314
2916.27	341
2916.75	295
2917.23	280
2917.71	286
2918.19	323
2918.66	279
2919.14	304
2919.62	294
2920.1	287
2920.58	281
2921.06	271
2921.53	271
2922.01	294
2922.49	287
2922.97	276
2923.45	280
2923.93	275
2924.4	279
2924.88	277
2925.36	285
2925.84	271
2926.32	263
2926.79	275
2927.27	269
2927.75	271
2928.23	277
2928.7	264
2929.18	278
2929.66	272
2930.14	276
2930.61	278
2931.09	280
2931.57	288
2932.05	302
2932.52	294
2933	287
2933.48	314
2933.95	312
2934.43	310
2934.91	309
2935.38	295
2935.86	317
2936.34	326
2936.81	329
2937.29	328
2937.77	327
2938.24	316
2938.72	321
2939.2	345
2939.67	315
2940.15	348
2940.63	319
2941.1	339
2941.58	352
2942.05	344
2942.53	328
2943.01	337
2943.48	346
2943.96	353
2944.43	318
2944.91	326
2945.39	342
2945.86	327
2946.34	319
2946.81	318
2947.29	313
2947.76	309
2948.24	310
2948.71	323
2949.19	283
2949.66	292
2950.14	298
2950.61	294
2951.09	299
2951.56	300
2952.04	288
2952.51	268
2952.99	286
2953.46	257
2953.94	264
2954.41	302
2954.89	271
2955.36	247
2955.84	271
2956.31	255
2956.79	250
2957.26	268
2957.73	233
2958.21	241
2958.68	230
2959.16	239
2959.63	247
2960.11	243
2960.58	216
2961.05	241
2961.53	241
2962	246
2962.48	234
2962.95	207
2963.42	221
2963.9	231
2964.37	203
2964.84	234
2965.32	205
2965.79	238
2966.26	223
2966.74	217
2967.21	230
2967.68	223
2968.16	236
2968.63	202
2969.1	233
2969.58	222
2970.05	229
2970.52	223
2970.99	229
2971.47	209
2971.94	227
2972.41	224
2972.88	221
2973.36	220
2973.83	238.886
2974.3	226.734
2974.77	246.39
2975.25	232.375
2975.72	241.006
2976.19	234.169
2976.66	232.906
2977.14	237.978
2977.61	234.401
2978.08	226.988
2978.55	246.067
2979.02	239.557
2979.5	247.285
2979.97	255.434
2980.44	230.554
2980.91	239.277
2981.38	231.924
2981.85	236.132
2982.33	241.851
2982.8	232.847
2983.27	244.516
2983.74	240.666
2984.21	242.891
2984.68	235.397
2985.15	237.805
2985.63	258.208
2986.1	250.656
2986.57	239.465
2987.04	224.206
2987.51	225.482
2987.98	242.853
2988.45	228.491
2988.92	230.991
2989.39	244.309
2989.86	231.384
2990.33	234.447
2990.81	214.189
2991.28	215.586
2991.75	207.699
2992.22	208
2992.69	222.874
2993.16	207.719
2993.63	216.554
2994.1	204.202
2994.57	204.782
2995.04	199.352
2995.51	200.179
2995.98	196.225
2996.45	194.665
2996.92	186.31
2997.39	200.038
2997.86	196.717
2998.33	202.56
2998.8	187.109
2999.27	182.505
2999.74	183.116
3000.21	189.018
3000.68	179.261
3001.15	179.612
3001.61	175.157
3002.08	180.943
3002.55	182.347
3003.02	176.398
3003.49	182.014
3003.96	181.711
3004.43	178.233
3004.9	173.594
3005.37	175.162
3005.84	173.721
3006.31	171.365
3006.77	185.577
3007.24	179.915
3007.71	179.655
3008.18	176.071
3008.65	165.329
3009.12	175.109
3009.59	170.692
3010.05	176.392
3010.52	176.708
3010.99	180.114
3011.46	175.387
3011.93	175.49
3012.4	179.088
3012.86	177.766
3013.33	183.736
3013.8	187.189
3014.27	180.137
3014.74	180.251
3015.2	184.485
3015.67	190.371
3016.14	192.828
3016.61	186.131
3017.07	192.263
3017.54	203.847
3018.01	204.288
3018.48	189.196
3018.95	187.348
3019.41	190.653
3019.88	200.623
3020.35	201.612
3020.81	194.123
3021.05	199
3021.52	207
3021.99	200
3022.46	210
3022.93	211
3023.4	207
3023.87	192
3024.34	189
3024.81	204
3025.28	206
3025.75	199
3026.22	190
3026.69	198
3027.16	189
3027.63	187
3028.1	195
3028.57	194
3029.04	219
3029.51	195
3029.98	178
3030.44	193
3030.91	195
3031.38	180
3031.85	175
3032.32	190
3032.79	180
3033.26	180
3033.73	172
3034.2	168
3034.67	189
3035.14	174
3035.6	168
3036.07	168
3036.54	158
3037.01	169
3037.48	151
3037.95	171
3038.42	163
3038.89	153
3039.35	146
3039.82	161
3040.29	150
3040.76	151
3041.23	138
3041.7	148
3042.16	151
3042.63	128
3043.1	137
3043.57	144
3044.04	151
3044.5	157
3044.97	144
3045.44	136
3045.91	149
3046.37	135
3046.84	135
3047.31	129
3047.78	152
3048.24	133
3048.71	152
3049.18	149
3049.65	146
3050.11	136
3050.58	130
3051.05	136
3051.52	146
3051.98	144
3052.45	143
3052.92	142
3053.38	138
3053.85	136
3054.32	148
3054.78	156
3055.25	130
3055.72	142
3056.18	150
3056.65	139
3057.12	150
3057.58	138
3058.05	146
3058.52	152
3058.98	151
3059.45	165
3059.91	152
3060.38	163
3060.85	169
3061.31	167
3061.78	160
3062.25	166
3062.71	154
3063.18	162
3063.64	162
3064.11	174
3064.57	178
3065.04	193
3065.5	187
3065.97	181
3066.44	162
3066.9	166
3067.37	199
3067.83	189
3068.3	190
3068.76	181
3069.23	162
3069.69	170
3070.16	173
3070.62	183
3071.09	179
3071.55	186
3072.02	174
3072.48	180
3072.95	190
3073.41	168
3073.88	168
3074.34	173
3074.8	179
3075.27	163
3075.73	183
3076.2	166
3076.66	173
3077.13	163
3077.59	174
3078.06	157
3078.52	165
3078.98	154
3079.45	161
3079.91	150
3080.38	156
3080.84	168
3081.3	152
3081.77	153
3082.23	151
3082.69	144
3083.16	142
3083.62	151
3084.09	160
3084.55	151
3085.01	152
3085.48	147
3085.94	162
3086.4	158
3086.87	146
3087.33	141
3087.79	134
3088.26	136
3088.72	139
3089.18	143
3089.64	136
3090.11	140
3090.57	146
3091.03	143
3091.5	128
3091.96	142
3092.42	131
3092.88	142
3093.35	137
3093.81	144
3094.27	151
3094.73	141
3095.19	133
3095.66	143
3096.12	129
3096.58	133
3097.04	125
3097.51	140
3097.97	144
3098.43	147
3098.89	142
3099.35	153
3099.82	140
3100.28	148
3100.74	165
3101.2	150
3101.66	145
3102.12	152
3102.59	150
3103.05	153
3103.51	157
3103.97	149
3104.43	164
3104.89	157
3105.35	169
3105.81	152
3106.28	158
3106.74	168
3107.2	154
3107.66	155
3108.12	161
3108.58	169
3109.04	161
3109.5	162
3109.96	153
3110.42	148
3110.88	145
3111.34	147
3111.8	167
3112.26	149
3112.73	167
3113.19	154
3113.65	161
3114.11	153
3114.57	143
3115.03	140
3115.49	149
3115.95	142
3116.41	141
3116.87	140
3117.33	136
3117.79	141
3118.25	155
3118.71	131
3119.17	125
3119.63	125
3120.09	129
3120.55	140
3121	125
3121.46	121
3121.92	116
3122.38	126
3122.84	136
3123.3	112
3123.76	115
3124.22	131
3124.68	118
3125.14	126
3125.6	114
3126.06	113
3126.51	118
3126.97	114
3127.43	107
3127.89	116
3128.35	125
3128.81	107
3129.27	123
3129.73	108
3130.18	108
3130.64	108
3131.1	111
3131.56	103
3132.02	113
3132.48	106
3132.93	109
3133.39	103
3133.85	104
3134.31	106
3134.77	113
3135.22	99
3135.68	111
3136.14	98
3136.6	106
3137.06	117
3137.51	115
3137.97	107
3138.43	107
3138.89	109
3139.34	114
3139.8	112
3140.26	121
3140.72	97
3141.17	122
3141.63	112
3142.09	115
3142.54	99
3143	115
3143.46	118
3143.91	116
3144.37	106
3144.83	117
3145.29	122
3145.74	113
3146.2	126
3146.66	110
3147.11	139
3147.57	130
3148.03	132
3148.48	131
3148.94	120
3149.39	131
3149.85	114
3150.31	143
3150.76	142
3151.22	142
3151.68	131
3152.13	147
3152.59	118
3153.04	134
3153.5	131
3153.96	154
3154.41	200
3154.87	2552
3155.32	1440
3155.78	169
3156.23	147
3156.69	135
3157.15	168
3157.6	139
3158.06	136
3158.51	150
3158.97	135
3159.42	142
3159.88	139
3160.33	142
3160.79	133
3161.24	144
3161.7	141
3162.15	132
3162.61	138
3163.06	140
3163.52	143
3163.97	117
3164.43	129
3164.88	136
3165.34	125
3165.79	127
3166.25	139
3166.7	134
3167.16	119
3167.61	125
3168.06	134
3168.52	120
3168.97	123
3169.43	108
3169.88	113
3170.34	102
3170.79	113
3171.24	106
3171.7	110
3172.15	111
3172.6	119
3173.06	97
3173.51	125
3173.97	113
3174.42	118
3174.87	105
3175.33	107
3175.78	108
3176.23	109
3176.69	111
3177.14	107
3177.59	110
3178.05	104
3178.5	98
3178.95	101
3179.41	86
3179.86	111
3180.31	98
3180.77	114
3181.22	105
3181.67	107
3182.12	106
3182.58	90
3183.03	92
3183.48	119
3183.93	98
3184.39	96
3184.84	104
3185.29	105
3185.75	112
3186.2	118
3186.65	113
3187.1	116
3187.55	114
3188.01	106
3188.46	120
3188.91	111
3189.36	116
3189.81	95
3190.27	103
3190.72	111
3191.17	121
3191.62	101
3192.07	107
3192.53	100
3192.98	117
3193.43	115
3193.88	103
3194.33	117
3194.78	124
3195.23	109
3195.69	104
3196.14	112
3196.59	133
3197.04	124
3197.49	120
3197.94	122
3198.39	116
3198.84	120
3199.3	135
3199.75	112
3200.2	130
3200.65	118
3201.1	129
3201.55	137
3202	119
3202.45	119
3202.9	122
3203.35	113
3203.8	115
3204.25	117
3204.7	123
3205.15	118
3205.6	132
3206.05	126
3206.5	123
3206.95	123
3207.4	129
3207.85	131
3208.3	115
3208.75	129
3209.2	122
3209.65	133
3210.1	132
3210.55	130
3211	111
3211.45	122
3211.9	116
3212.35	122
3212.8	120
3213.25	121
3213.7	122
3214.15	113
3214.6	127
3215.05	108
3215.5	110
3215.95	104
3216.4	106
3216.84	115
3217.29	108
3217.74	113
3218.19	109
3218.64	118
3219.09	118
3219.54	126
3219.99	118
3220.43	109
3220.88	102
3221.33	121
3221.78	112
3222.23	130
3222.68	104
3223.13	120
3223.57	107
3224.02	117
3224.47	113
3224.92	104
3225.37	108
3225.81	109
3226.26	110
3226.71	112
3227.16	110
3227.61	117
3228.05	111
3228.5	102
3228.95	120
3229.4	115
3229.84	115
3230.29	105
3230.74	109
3231.19	110
3231.64	109
3232.08	102
3232.53	110
3232.98	126
3233.42	112
3233.87	108
3234.32	119
3234.76	108
3235.21	103
3235.66	118
3236.11	115
3236.55	109
3237	121
3237.45	109
3237.89	113
3238.34	120
3238.79	111
3239.23	112
3239.68	120
3240.13	120
3240.57	104
3241.02	128
3241.47	106
3241.91	111
3242.36	106
3242.81	111
3243.25	112
3243.7	123
3244.14	123
3244.59	116
3245.03	104
3245.48	109
3245.93	115
3246.37	106
3246.82	109
3247.26	110
3247.71	114
3248.16	106
3248.6	107
3249.05	102
3249.49	110
3249.94	115
3250.38	106
3250.83	117
3251.27	115
3251.72	105
3252.16	108
3252.61	101
3253.05	104
3253.5	112
3253.94	113
3254.39	102
3254.83	108
3255.28	105
3255.72	102
3256.17	90
3256.61	88
3257.06	106
3257.5	99
3257.95	98
3258.39	110
3258.84	91
3259.28	117
3259.72	105
3260.17	91
3260.61	95
3261.06	103
3261.5	111
3261.95	104
3262.39	99
3262.83	114
3263.28	106
3263.72	114
3264.17	100
3264.61	102
3265.05	107
3265.5	97
3265.94	107
3266.38	103
3266.83	109
3267.27	110
3267.72	114
3268.16	98
3268.6	100
3269.05	105
3269.49	111
3269.93	110
3270.38	123
3270.82	100
3271.26	113
3271.71	111
3272.15	108
3272.59	113
3273.03	103
3273.48	111.5
3273.92	120
3274.36	107
3274.81	108
3275.25	118
3275.69	109
3276.13	119
3276.58	111
3277.02	108
3277.46	118
3277.9	106
3278.34	111
3278.79	117
3279.23	104
3279.67	99
3280.11	119
3280.56	118
3281	118
3281.44	111
3281.88	116
3282.32	122
3282.77	100
3283.21	112
3283.65	112
3284.09	103
3284.53	117
3284.98	102
3285.42	114
3285.86	118
3286.3	102
3286.74	102
3287.18	104
3287.62	121
3288.06	107
3288.51	114
3288.95	107
3289.39	96
3289.83	113
3290.27	123
3290.71	115
3291.15	103
3291.59	96
3292.03	105
3292.48	115
3292.92	106
3293.36	94
3293.8	99
3294.24	95
3294.68	108
3295.12	99
3295.56	102
3296	96
3296.44	100
3296.88	104
3297.32	95
3297.76	92
3298.2	94
3298.64	98
3299.08	100
3299.52	91
3299.96	84
3300.4	91
3300.84	103
3301.28	95
3301.72	91
3302.16	86
3302.6	91
3303.04	103
3303.48	87
3303.92	89
3304.36	90
3304.8	92
3305.24	96
3305.68	84
3306.12	85
3306.56	91
3307	100
3307.44	75
3307.87	94
3308.31	89
3308.75	94
3309.19	102
3309.63	103
3310.07	91
3310.51	103
3310.95	105
3311.39	95
3311.82	77
3312.26	113
3312.7	93
3313.14	104
3313.58	105
3314.02	96
3314.46	106
3314.89	91
3315.33	106
3315.77	91
3316.21	99
3316.65	103
3317.09	100
3317.52	94
3317.96	111
3318.4	99
3318.84	101
3319.28	109
3319.71	104
3320.15	107
3320.59	115
3321.03	109
3321.46	101
3321.9	102
3322.34	113
3322.78	116
3323.22	111
3323.65	110
3324.09	112
3324.53	110
3324.96	107
3325.4	119
3325.84	109
3326.28	113
3326.71	126
3327.15	116
3327.59	110
3328.02	111
3328.46	122
3328.9	118
3329.33	116
3329.77	106
3330.21	106
3330.65	113
3331.08	118
3331.52	103
3331.95	120
3332.39	116
3332.83	105
3333.26	103
3333.7	107
3334.14	106
3334.57	105
3335.01	107
3335.44	100
3335.88	111
3336.32	111
3336.75	100
3337.19	112
3337.63	105
3338.06	100
3338.5	110
3338.93	101
3339.37	109
3339.8	99
3340.24	101
3340.68	101
3341.11	89
3341.55	92
3341.98	97
3342.42	96
3342.85	86
3343.29	97
3343.72	101
3344.16	102
3344.59	98
3345.03	89
3345.46	90
3345.9	89
3346.33	96
3346.77	84
3347.2	100
3347.64	101
3348.07	94
3348.51	88
3348.94	94
3349.38	93
3349.81	95
3350.25	100
3350.68	107
3351.12	88
3351.55	93
3351.99	87
3352.42	101
3352.85	98
3353.29	94
3353.72	100
3354.16	94
3354.59	111
3355.02	89
3355.46	91
3355.89	111
3356.33	101
3356.76	99
3357.19	94
3357.63	92
3358.06	110
3358.49	96
3358.93	100
3359.36	111
3359.8	93
3360.23	102
3360.66	90
3361.1	95
3361.53	104
3361.96	94
3362.4	98
3362.83	108
3363.26	98
3363.7	104
3364.13	94
3364.56	112
3364.99	109
3365.43	114
3365.86	104
3366.29	111
3366.73	115
3367.16	95
3367.59	113
3368.02	124
3368.46	117
3368.89	111
3369.32	106
3369.75	100
3370.19	103
3370.62	112
3371.05	97
3371.48	100
3371.92	98
3372.35	106
3372.78	106
3373.21	106
3373.64	109
3374.08	114
3374.51	118
3374.94	105
3375.37	114
3375.8	106
3376.24	114
3376.67	108
3377.1	95
3377.53	103
3377.96	100
3378.39	116
3378.82	98
3379.26	108
3379.69	104
3380.12	109
3380.55	110
3380.98	111
3381.41	99
3381.84	106
3382.28	111
3382.71	107
3383.14	106
3383.57	100
3384	114
3384.43	99
3384.86	101
3385.29	97
3385.72	99
3386.15	98
3386.58	91
3387.02	100
3387.45	100
3387.88	102
3388.31	96
3388.74	101
3389.17	102
3389.6	98
3390.03	106
3390.46	110
3390.89	94.9951
3391.32	99.7526
3391.75	99.8705
3392.18	101.097
3392.61	98.4637
3393.04	95.3219
3393.47	112.156
3393.9	103.204
3394.33	103.023
3394.76	98.0929
3395.19	93.2419
3395.62	99.6929
3396.05	97.9596
3396.48	98.5406
3396.91	104.078
3397.34	104.247
3397.76	86.6121
3398.19	97.8814
3398.62	103.966
3399.05	100.922
3399.48	107.423
3399.91	106.834
3400.34	101.376
3400.77	93.8887
3401.2	95.4567
3401.63	101.465
3402.06	104.251
3402.49	91.7712
3402.91	109.612
3403.34	115.938
3403.77	102.794
3404.2	94.7708
3404.63	96.9245
3405.06	98.183
3405.49	100.348
3405.92	105.391
3406.34	103.533
3406.77	110.103
3407.2	105.514
3407.63	105.596
3408.06	100.763
3408.49	105.059
3408.91	102.443
3409.34	115.301
3409.77	110.256
3410.2	101.64
3410.63	96.1273
3411.05	104.707
3411.48	104.715
3411.91	113.484
3412.34	104.446
3412.77	104.278
3413.19	103.18
3413.62	97.3283
3414.05	101.107
3414.48	109.512
3414.9	107.565
3415.33	97.3889
3415.76	107.488
3416.19	103.543
3416.61	100.378
3417.04	101.686
3417.47	102.12
3417.9	103.987
3418.32	106.567
3418.75	102.609
3419.18	95.0695
3419.61	97.8084
3420.03	102.642
3420.46	102.041
3420.89	99.9524
3421.31	96.3468
3421.74	98.4937
3422.17	94.6781
3422.59	104.069
3423.02	95.2415
3423.45	96.4
3423.87	101.267
3424.3	94.8766
3424.73	94.3038
3425.15	96.5897
3425.58	89.446
3426.01	103.022
3426.43	102.784
3426.86	105.369
3427.28	102.647
3427.71	101.086
3428.14	94.9244
3428.56	110.659
3428.99	99.2473
3429.42	92.3969
3429.84	94.4979
3430.27	95.652
3430.69	95.2609
3431.12	95.9042
3431.54	108.361
3431.97	96.8584
3432.4	95.2031
3432.82	100.257
3433.25	102.269
3433.67	108.37
3434.1	97.3039
3434.52	110
3434.95	99
3435.37	103
3435.8	101
3436.23	92
3436.66	102
3437.09	97
3437.51	83
3437.94	107
3438.37	102
3438.8	98
3439.23	109
3439.66	97
3440.08	103
3440.51	101
3440.94	93
3441.37	103
3441.79	99
3442.22	99
3442.65	108
3443.08	111
3443.51	111
3443.93	98
3444.36	109
3444.79	97
3445.22	104
3445.64	102
3446.07	101
3446.5	101
3446.92	106
3447.35	107
3447.78	110
3448.21	99
3448.63	109
3449.06	101
3449.49	97
3449.91	101
3450.34	99
3450.77	103
3451.19	109
3451.62	87
3452.05	119
3452.47	100
3452.9	98
3453.33	93
3453.75	106
3454.18	105
3454.61	103.5
3455.03	102
3455.46	98
3455.89	102
3456.31	98
3456.74	105
3457.16	100
3457.59	101
3458.02	105
3458.44	107
3458.87	92
3459.29	101
3459.72	100
3460.15	99
3460.57	92
3461	102
3461.42	102
3461.85	89
3462.27	100
3462.7	94
3463.13	106
3463.55	101
3463.98	91
3464.4	104
3464.83	91
3465.25	107
3465.68	103
3466.1	101
3466.53	93
3466.95	91
3467.38	99
3467.8	109
3468.23	105
3468.65	100
3469.08	103
3469.5	108
3469.93	108
3470.35	101
3470.78	103
3471.2	107
3471.63	106
3472.05	101
3472.48	99
3472.9	101
3473.32	95
3473.75	101
3474.17	101
3474.6	106
3475.02	90
3475.45	105
3475.87	106
3476.29	108
3476.72	113
3477.14	111
3477.57	95
3477.99	101
3478.41	109
3478.84	99
3479.26	105
3479.69	94
3480.11	103
3480.53	103
3480.96	109
3481.38	99
3481.8	108
3482.23	103
3482.65	100
3483.07	106
3483.5	105
3483.92	104
3484.34	108
3484.77	103
3485.19	98
3485.61	100
3486.04	100
3486.46	110
3486.88	106
3487.31	112
3487.73	118
3488.15	102
3488.57	114
3489	112
3489.42	101
3489.84	96
3490.27	102
3490.69	112
3491.11	99
3491.53	102
3491.96	93
3492.38	117
3492.8	104
3493.22	113
3493.64	104
3494.07	98
3494.49	106
3494.91	99
3495.33	105
3495.76	100
3496.18	100
3496.6	91
3497.02	106
3497.44	87
3497.86	92
3498.29	108
3498.71	99
3499.13	94
3499.55	116
3499.97	108
3500.4	86
3500.82	100
3501.24	103
3501.66	89
3502.08	103
3502.5	109
3502.92	94
3503.34	85
3503.77	104
3504.19	95
3504.61	106
3505.03	94
3505.45	104
3505.87	96
3506.29	110
3506.71	105
3507.14	94
3507.56	94
3507.98	90
3508.4	105
3508.82	94
3509.24	98
3509.66	97
3510.08	93
3510.5	98
3510.92	110
3511.34	106
3511.76	91
3512.18	95
3512.6	98
3513.02	99
3513.44	95
3513.86	100
3514.28	103
3514.7	105
3515.12	103
3515.54	111
3515.96	106
3516.38	105
3516.8	113
3517.22	107
3517.64	102
3518.06	95
3518.48	99
3518.9	108
3519.32	112
3519.74	107
3520.16	101
3520.58	100
3521	122
3521.42	122
3521.84	108
3522.26	108
3522.68	100
3523.09	115
3523.51	121
3523.93	104
3524.35	109
3524.77	118
3525.19	116
3525.61	106
3526.03	115
3526.45	109
3526.87	132
3527.28	118
3527.7	113
3528.12	106
3528.54	122
3528.96	110
3529.38	117
3529.8	96
3530.21	118
3530.63	115
3531.05	110
3531.47	118
3531.89	110
3532.31	112
3532.72	114
3533.14	113
3533.56	108
3533.98	118
3534.4	111
3534.81	102
3535.23	111
3535.65	113
3536.07	106
3536.49	107
3536.9	114
3537.32	104
3537.74	108
3538.16	99
3538.57	103
3538.99	97
3539.41	101
3539.83	100
3540.24	106
3540.66	107
3541.08	106
3541.5	123
3541.91	103
3542.33	101
3542.75	90
3543.16	98
3543.58	99
3544	100
3544.42	102
3544.83	97
3545.25	92
3545.67	91
3546.08	102
3546.5	91
3546.92	92
3547.33	105
3547.75	108
3548.17	93
3548.58	101
3549	90
3549.41	101
3549.83	101
3550.25	91
3550.66	94
3551.08	90
3551.5	102
3551.91	102
3552.33	91
3552.74	101
3553.16	85
3553.58	95
3553.99	94
3554.41	105
3554.82	102
3555.24	106
3555.66	87
3556.07	117
3556.49	101
3556.9	103
3557.32	106
3557.73	100
3558.15	95
3558.57	114
3558.98	108
3559.4	96
3559.81	109
3560.23	113
3560.64	99
3561.06	103
3561.47	104
3561.89	116
3562.3	114
3562.72	112
3563.13	122
3563.55	123
3563.96	108
3564.38	123
3564.79	125
3565.21	122
3565.62	117
3566.04	127
3566.45	126
3566.86	123
3567.28	127
3567.69	114
3568.11	119
3568.52	113
3568.94	125
3569.35	116
3569.77	110
3570.18	110
3570.59	119
3571.01	122
3571.42	136
3571.84	121
3572.25	127
3572.66	110
3573.08	125
3573.49	127
3573.91	113
3574.32	122
3574.73	117
3575.15	127
3575.56	117
3575.97	111
3576.39	110
3576.8	123
3577.22	112
3577.63	114
3578.04	116
3578.46	114
3578.87	112
3579.28	103
3579.7	108
3580.11	103
3580.52	101
3580.93	108
3581.35	114
3581.76	101
3582.17	111
3582.59	106
3583	117
3583.41	85
3583.83	93
3584.24	97
3584.65	102
3585.06	95
3585.48	85
3585.89	89
3586.3	101
3586.71	96
3587.13	93
3587.54	98
3587.95	98
3588.36	85
3588.78	91
3589.19	88
3589.6	88
3590.01	99
3590.42	94
3590.84	89
3591.25	99
3591.66	94
3592.07	95
3592.48	97
3592.9	93
3593.31	86
3593.72	92
3594.13	86
3594.54	88
3594.95	96
3595.37	1016
3595.78	94
3596.19	98
3596.6	90
3597.01	89
3597.42	93
3597.84	104
3598.25	88
3598.66	89
3599.07	90
3599.48	96
3599.89	98
3600.3	102
3600.71	87
3601.12	90
3601.53	93
3601.95	103
3602.36	98
3602.77	108
3603.18	99
3603.59	100
3604	108
3604.41	105
3604.82	109
3605.23	109
3605.64	101
3606.05	112
3606.46	113
3606.87	129
3607.28	108
3607.69	116
3608.1	127
3608.51	113
3608.93	102
3609.33	114
3609.74	120
3610.15	121
3610.56	129
3610.97	108
3611.38	128
3611.79	125
3612.2	118
3612.61	122
3613.02	138
3613.43	122
3613.84	118
3614.25	140
3614.66	126
3615.07	135
3615.48	126
3615.89	134
3616.3	133
3616.71	120
3617.12	113
3617.53	133
3617.94	124
3618.35	139
3618.76	122
3619.16	127
3619.57	121
3619.98	130
3620.39	131
3620.8	134
3621.21	139
3621.62	109
3622.03	118
3622.44	112
3622.84	116
3623.25	118
3623.66	121
3624.07	108
3624.48	130
3624.89	117
3625.3	113
3625.7	118
3626.11	117
3626.52	110
3626.93	116
3627.34	116
3627.75	105
3628.15	110
3628.56	112
3628.97	116
3629.38	108
3629.79	107
3630.19	97
3630.6	114
3631.01	94
3631.42	103
3631.83	91
3632.23	97
3632.64	92
3633.05	103
3633.46	94
3633.86	106
3634.27	102
3634.68	98
3635.09	99
3635.49	101
3635.9	84
3636.31	96
3636.72	95
3637.12	102
3637.53	88
3637.94	100
3638.34	90
3638.75	95
3639.16	102
3639.56	103
3639.97	107
3640.38	92
3640.79	102
3641.19	96
3641.6	115
3642.01	94
3642.41	110
3642.82	104
3643.23	104
3643.63	102
3644.04	98
3644.45	109
3644.85	110
3645.26	110
3645.66	116
3646.07	104
3646.48	116
3646.88	97
3647.29	122
3647.69	113
3648.1	115
3648.51	124
3648.91	115
3649.32	110
3649.73	116
3650.13	125
3650.54	115
3650.94	128
3651.35	133
3651.75	125
3652.16	116
3652.57	132
3652.97	141
3653.38	134
3653.78	135
3654.19	135
3654.59	129
3655	130
3655.4	139
3655.81	121
3656.21	134
3656.62	127
3657.02	126
3657.43	145
3657.83	129
3658.24	121
3658.64	128
3659.05	134
3659.45	141
3659.86	121
3660.26	139
3660.67	138
3661.07	142
3661.48	132
3661.88	132
3662.29	113
3662.69	122
3663.1	139
3663.5	146
3663.9	114
3664.31	120
3664.71	126
3665.12	116
3665.52	127
3665.93	115
3666.33	129
3666.73	116
3667.14	122
3667.54	123
3667.95	131
3668.35	120
3668.75	113
3669.16	112
3669.56	114
3669.97	109
3670.37	135
3670.77	112
3671.18	109
3671.58	101
3671.98	124
3672.39	103
3672.79	111
3673.19	99
3673.6	119
3674	103
3674.4	104
3674.81	108
3675.21	101
3675.61	98
3676.02	103
3676.42	117
3676.82	105
3677.23	102
3677.63	112
3678.03	110
3678.44	119
3678.84	120
3679.24	103
3679.64	119
3680.05	113
3680.45	110
3680.85	107
3681.25	114
3681.66	110
3682.06	103
3682.46	117
3682.86	113
3683.27	111
3683.67	118
3684.07	114
3684.47	105
3684.88	119
3685.28	124.5
3685.68	130
3686.08	115
3686.48	120
3686.89	116
3687.29	130
3687.69	125
3688.09	115
3688.49	118
3688.9	116
3689.3	125
3689.7	137
3690.1	127
3690.5	131
3690.9	130
3691.3	134
3691.71	133
3692.11	128
3692.51	130
3692.91	127
3693.31	137
3693.71	133
3694.11	131
3694.52	140
3694.92	146
3695.32	134
3695.72	131
3696.12	126
3696.52	135
3696.92	139
3697.32	143
3697.72	125
3698.13	142
3698.53	138
3698.93	145
3699.33	135
3699.73	145
3700.13	148
3700.53	133
3700.93	139
3701.33	134
3701.73	130
3702.13	131
3702.53	143
3702.93	139
3703.33	132
3703.73	121
3704.13	113
3704.53	118
3704.93	108
3705.33	121
3705.73	116
3706.13	113
3706.53	120
3706.93	102
3707.33	114
3707.73	99
3708.13	125
3708.53	106
3708.93	109
3709.33	106
3709.73	95
3710.13	101
3710.53	103
3710.93	98
3711.33	99
3711.73	104
3712.13	99
3712.53	105
3712.93	95
3713.33	97
3713.73	95
3714.12	98
3714.52	107
3714.92	91
3715.32	99
3715.72	90
3716.12	91
3716.52	96
3716.92	87
3717.32	90
3717.71	82
3718.11	94
3718.51	105
3718.91	98
3719.31	89
3719.71	91
3720.11	90
3720.51	99
3720.9	94
3721.3	98
3721.7	94
3722.1	98
3722.5	90
3722.89	95
3723.29	92
3723.69	86
3724.09	102
3724.49	94
3724.89	96
3725.28	97
3725.68	104
3726.08	102
3726.48	102
3726.88	99
3727.27	105
3727.67	105
3728.07	103
3728.47	107
3728.86	98
3729.26	109
3729.66	104
3730.06	103
3730.45	104
3730.85	109
3731.25	120
3731.65	131
3732.04	114
3732.44	114
3732.84	125
3733.23	120
3733.63	120
3734.03	124
3734.43	126
3734.82	125
3735.22	118
3735.62	136
3736.01	136
3736.41	120
3736.81	125
3737.2	135
3737.6	132
3738	130
3738.39	129
3738.79	126
3739.19	143
3739.58	127
3739.98	126
3740.38	130
3740.77	125
3741.17	129
3741.57	144
3741.96	135
3742.36	141
3742.75	139
3743.15	133
3743.55	143
3743.94	138
3744.34	140
3744.74	123
3745.13	133
3745.53	122
3745.92	132
3746.32	126
3746.71	133
3747.11	121
3747.51	136
3747.9	117
3748.3	129
3748.69	119
3749.09	123
3749.48	119
3749.88	135
3750.27	104
3750.67	139
3751.06	119
3751.46	119
3751.86	128
3752.25	125
3752.65	121
3753.04	140
3753.44	121
3753.83	121
3754.23	120
3754.62	105
3755.02	109
3755.41	124
3755.81	123
3756.2	103
3756.6	115
3756.99	104
3757.38	114
3757.78	103
3758.17	115
3758.57	123
3758.96	104
3759.36	120
3759.75	114
3760.15	115
3760.54	121
3760.93	114
3761.33	124
3761.72	114
3762.12	117
3762.51	116
3762.9	118
3763.3	121
3763.69	117
3764.09	108
3764.48	121
3764.88	113
3765.27	125
3765.66	111
3766.06	120
3766.45	128
3766.84	124
3767.24	139
3767.63	123
3768.02	116
3768.42	129
3768.81	120
3769.2	122
3769.6	127
3769.99	127
3770.39	126
3770.78	134
3771.17	144
3771.56	152
3771.96	136
3772.35	150.01
3772.74	135.013
3773.14	146.163
3773.53	138.504
3773.92	137.7
3774.31	136.354
3774.71	139.86
3775.1	133.666
3775.49	140.414
3775.89	145.501
3776.28	159.372
3776.67	141.424
3777.06	151.75
3777.46	158.141
3777.85	148.258
3778.24	150.84
3778.63	156.217
3779.03	142.617
3779.42	154.832
3779.81	142.473
3780.2	144.054
3780.6	142.48
3780.99	140.944
3781.38	144.139
3781.77	150.237
3782.16	138.844
3782.56	147.733
3782.95	151.576
3783.34	143.627
3783.73	137.073
3784.12	133.945
3784.52	125.76
3784.91	137.772
3785.3	135.171
3785.69	137.313
3786.08	134.306
3786.47	128.324
3786.87	118.453
3787.26	119.431
3787.65	121.102
3788.04	124.558
3788.43	113.766
3788.82	116.976
3789.21	124.265
3789.61	115.833
3790	109.792
3790.39	109.997
3790.78	106.826
3791.17	109.865
3791.56	104.529
3791.95	104.06
3792.34	106.917
3792.73	101.846
3793.13	99.8783
3793.52	99.102
3793.91	90.9506
3794.3	102.124
3794.69	93.8633
3795.08	99.6052
3795.47	104.305
3795.86	95.6529
3796.25	96.3287
3796.64	92.5927
3797.03	91.1659
3797.42	93.378
3797.81	91.5384
3798.2	87.7443
3798.59	94.5076
3798.98	93.9054
3799.38	87.7164
3799.77	89.7517
3800.16	90.5171
3800.55	100.317
3800.94	97.3852
3801.33	100.77
3801.72	90.398
3802.11	93.8315
3802.5	93.325
3802.89	95.9141
3803.28	95.0363
3803.67	93.9143
3804.06	91.6787
3804.45	102.525
3804.83	95.175
3805.22	96.9011
3805.61	98.9221
3806	99.2473
3806.39	109.821
3806.78	92.5092
3807.17	96.7302
3807.56	100.821
3807.95	100.75
3808.34	112.067
3808.73	108.35
3809.12	108.231
3809.51	108.647
3809.9	114.65
3810.29	115.121
3810.68	122.664
3811.07	119.91
3811.45	119
3811.84	125
3812.23	119
3812.63	117
3813.02	111
3813.41	130
3813.8	128
3814.19	137
3814.58	125
3814.98	126
3815.37	140
3815.76	131
3816.15	114
3816.54	123
3816.93	144
3817.32	130
3817.71	127
3818.11	132
3818.5	144
3818.89	125
3819.28	147
3819.67	142
3820.06	138
3820.45	133
3820.84	152
3821.23	147
3821.63	136
3822.02	151
3822.41	149
3822.8	152
3823.19	126
3823.58	135
3823.97	132
3824.36	136
3824.75	150
3825.14	138
3825.53	137
3825.92	146
3826.31	127
3826.7	135
3827.09	126
3827.48	130
3827.87	135
3828.26	136
3828.66	141
3829.04	116
3829.44	118
3829.83	125
3830.22	134
3830.61	123.5
3830.99	113
3831.39	118
3831.78	102
3832.16	115
3832.55	104
3832.94	112
3833.33	107
3833.72	117
3834.11	101
3834.5	104
3834.89	105
3835.28	101
3835.67	97
3836.06	103
3836.45	100
3836.84	103
3837.23	95
3837.62	95
3838.01	102
3838.4	90
3838.79	102
3839.17	91
3839.56	104
3839.95	97
3840.34	99
3840.73	110
3841.12	97
3841.51	103
3841.9	107
3842.29	93
3842.67	95
3843.06	108
3843.45	105
3843.84	110
3844.23	93
3844.62	90
3845.01	106
3845.4	108
3845.78	104
3846.17	97
3846.56	110
3846.95	113
3847.34	93
3847.72	101
3848.11	103
3848.5	125
3848.89	130
3849.28	114
3849.67	108
3850.05	110
3850.44	122
3850.83	127
3851.22	110
3851.61	127
3851.99	115
3852.38	131
3852.77	123
3853.16	124
3853.54	131
3853.93	138
3854.32	132
3854.71	147
3855.09	136
3855.48	157
3855.87	124
3856.26	153
3856.64	151
3857.03	144
3857.42	133
3857.81	130
3858.19	135
3858.58	144
3858.97	143
3859.35	140
3859.74	147
3860.13	155
3860.51	145
3860.9	151
3861.29	148
3861.67	165
3862.06	162
3862.45	145
3862.84	153
3863.22	144
3863.61	154
3864	151
3864.38	151
3864.77	154
3865.16	140
3865.54	149
3865.93	142
3866.31	147
3866.7	148
3867.09	131
3867.47	118
3867.86	135
3868.25	139
3868.63	132
3869.02	143
3869.4	123
3869.79	122
3870.18	133
3870.56	134
3870.95	112
3871.33	137
3871.72	121
3872.1	118
3872.49	119
3872.88	121
3873.26	118
3873.65	111
3874.03	105
3874.42	111
3874.8	112
3875.19	107
3875.57	101
3875.96	109
3876.35	108
3876.73	107
3877.12	102
3877.5	88
3877.89	93
3878.27	95
3878.66	107
3879.04	114
3879.43	88
3879.81	84
3880.2	98
3880.58	102
3880.97	99
3881.35	100
3881.74	97
3882.12	91
3882.51	93
3882.89	101
3883.27	98
3883.66	98
3884.04	108
3884.43	98
3884.81	93
3885.2	93
3885.58	88
3885.97	93
3886.35	98
3886.73	108
3887.12	114
3887.5	95
3887.89	88
3888.27	117
3888.65	107
3889.04	104
3889.42	107
3889.81	102
3890.19	117
3890.57	125
3890.96	122
3891.34	120
3891.73	106
3892.11	118
3892.49	107
3892.88	113
3893.26	118
3893.64	120
3894.03	114
3894.41	124
3894.79	123
3895.18	114
3895.56	131
3895.94	115
3896.33	131
3896.71	128
3897.09	131
3897.48	118
3897.86	126
3898.24	138
3898.63	134
3899.01	133
3899.39	135
3899.78	148
3900.16	149
3900.54	134
3900.92	138
3901.31	137
3901.69	139
3902.07	128
3902.46	131
3902.84	166
3903.22	140
3903.6	140
3903.99	133
3904.37	156
3904.75	131
3905.13	138
3905.52	137
3905.9	148
3906.28	141
3906.66	156
3907.04	135
3907.43	146
3907.81	149
3908.19	134
3908.57	137
3908.96	128
3909.34	135
3909.72	138
3910.1	136
3910.48	131
3910.86	135
3911.25	136
3911.63	117
3912.01	116
3912.39	125
3912.77	128
3913.15	124
3913.54	115
3913.92	113
3914.3	113
3914.68	116
3915.06	111
3915.44	113
3915.82	115
3916.21	105
3916.59	109
3916.97	101
3917.35	114
3917.73	113
3918.11	120
3918.49	100
3918.87	102
3919.25	106
3919.64	94
3920.02	93
3920.4	95
3920.78	94
3921.16	92
3921.54	90
3921.92	120
3922.3	85
3922.68	93
3923.06	84
3923.44	95
3923.82	93
3924.2	89
3924.58	100
3924.96	83
3925.34	98
3925.72	93
3926.1	98
3926.49	114
3926.87	93
3927.25	96
3927.63	78
3928.01	96
3928.39	94
3928.77	96
3929.15	105
3929.53	91
3929.91	104
3930.29	105
3930.67	109
3931.05	105
3931.43	105
3931.8	117
3932.18	113
3932.56	101
3932.94	109
3933.32	98
3933.7	96
3934.08	109
3934.46	113
3934.84	114
3935.22	114
3935.6	114
3935.98	109
3936.36	117
3936.74	113
3937.12	113
3937.5	115
3937.87	114
3938.25	127
3938.63	106
3939.01	122
3939.39	117
3939.77	135
3940.15	112
3940.53	116
3940.91	118
3941.28	113
3941.66	132
3942.04	102
3942.42	124
3942.8	124
3943.18	118
3943.56	114
3943.93	128
3944.31	118
3944.69	123
3945.07	116
3945.45	124
3945.83	124
3946.2	128
3946.58	114
3946.96	113
3947.34	115
3947.72	124
3948.1	127
3948.47	121
3948.85	130
3949.23	119
3949.61	108
3949.98	114
3950.36	123
3950.74	125
3951.12	111
3951.5	122
3951.87	106
3952.25	125
3952.63	100
3953.01	120
3953.38	115
3953.76	113
3954.14	120
3954.52	117
3954.89	120
3955.27	108
3955.65	113
3956.03	103
3956.4	113
3956.78	115
3957.16	103
3957.53	108
3957.91	105
3958.29	106
3958.66	109
3959.04	105
3959.42	119
3959.8	121
3960.17	111
3960.55	109
3960.93	104
3961.3	107
3961.68	111
3962.06	103
3962.43	112
3962.81	110
3963.19	120
3963.56	107
3963.94	106
3964.31	104
3964.69	104
3965.07	104
3965.44	101
3965.82	104
3966.2	109
3966.57	114
3966.95	105
3967.32	105
3967.7	107
3968.08	127
3968.45	115
3968.83	118
3969.2	120
3969.58	114
3969.96	109
3970.33	126
3970.71	118
3971.08	131
3971.46	124
3971.83	125
3972.21	144
3972.59	122
3972.96	135
3973.34	135
3973.71	140
3974.09	135
3974.46	144
3974.84	152
3975.21	143
3975.59	134
3975.96	155
3976.34	142
3976.71	143
3977.09	148
3977.46	153
3977.84	146
3978.21	162
3978.59	142
3978.96	150
3979.34	164
3979.71	137
3980.09	142
3980.46	143
3980.84	143
3981.21	134
3981.59	136
3981.96	138
3982.34	135
3982.71	149
3983.09	151
3983.46	133
3983.83	137
3984.21	123
3984.58	128
3984.96	145
3985.33	133
3985.71	131
3986.08	131
3986.45	113
3986.83	116
3987.2	122
3987.58	117
3987.95	119
3988.32	116
3988.7	124
3989.07	107
3989.45	123
3989.82	105
3990.19	118
3990.57	111
3990.94	101
3991.31	100
3991.69	91
3992.06	99
3992.44	105
3992.81	107
3993.18	93
3993.56	92
3993.93	106
3994.3	97
3994.68	90
3995.05	76
3995.42	81
3995.8	98
3996.17	82
3996.54	85
3996.91	96
3997.29	83
3997.66	86
3998.03	92
3998.41	77
3998.78	76
3999.15	75
3999.53	84
3999.9	73
