100.791	10496
101.61	10657
102.429	10457
103.248	10447
104.067	10349
104.885	10174
105.703	9964
106.523	9819
107.341	9764
108.158	9717
108.976	9514
109.795	9386
110.612	9330
111.43	9289
112.248	9065
113.066	9122
113.883	8962
114.7	8842
115.518	8897
116.335	8782
117.151	8648
117.968	8556
118.784	8494
119.602	8415
120.418	8358
121.234	8264
122.05	8316
122.866	8088
123.682	8055
124.499	8042
125.315	7999
126.13	7935
126.946	7936
127.761	7782
128.576	7816
129.391	7829
130.206	7686
131.021	7650
131.836	7698
132.651	7661
133.467	7516
134.281	7351
135.096	7360
135.91	7375
136.724	7379
137.538	7290
138.352	7256
139.166	7131
139.98	7074
140.793	7131
141.607	7090
142.419	6856
143.233	7022
144.046	7045
144.859	7010
145.672	6958
146.485	6855
147.298	6938
148.111	6796
148.923	6765
149.736	6688
150.548	6697
151.36	6601
152.172	6635
152.984	6634
153.796	6540
154.608	6541
155.42	6486
156.23	6389
157.042	6540
157.853	6466
158.665	6404
159.475	6347
160.286	6279
161.097	6331
161.908	6277
162.718	6285
163.529	6173
164.339	6235
165.15	6053
165.959	6031
166.77	6103
167.58	6085
168.389	5978
169.199	5830
170.009	5909
170.818	5950
171.628	5896
172.437	5813
173.246	5691
174.055	5687
174.863	5670
175.673	5654
176.482	5617
177.29	5548
178.099	5510
178.906	5432
179.715	5413
180.523	5327
181.331	5457
182.139	5338
182.947	5346
183.755	5224
184.562	5233
185.37	5164
186.177	5116
186.984	5025
187.791	5101
188.598	4971
189.405	5029
190.211	4927
191.018	4825
191.825	4847
192.632	4872
193.438	4667
194.243	4788
195.05	4631
195.856	4596
196.662	4573
197.467	4671
198.273	4542
199.079	4538
199.884	4393
200.689	4524
201.495	4372
202.3	4307
203.104	4332
203.91	4315
204.714	4214
205.519	4193
206.323	4184
207.128	4114
207.932	4126
208.736	4007
209.54	3999
210.345	4041
211.148	3977
211.952	3901
212.755	3882
213.559	3880
214.363	3821
215.166	3782
215.969	3725
216.772	3623
217.575	3701
218.378	3574
219.181	3596
219.984	3618
220.786	3485
221.588	3521
222.391	3403
223.193	3451
223.995	3419
224.797	3414
225.598	3366
226.4	3330
227.202	3198
228.003	3299
228.805	3265
229.606	3231
230.407	3302
231.208	3141
232.009	3137
232.81	3152
233.611	3075
234.411	3037
235.212	3049
236.012	3026
236.813	3049
237.613	3056
238.413	2980
239.213	2885
240.013	2939
240.813	2943
241.613	2942
242.412	2831
243.211	2795
244.011	2799
244.81	2836
245.609	2769
246.408	2880
247.206	2797
248.005	2798
248.804	2699
249.603	2694
250.401	2710
251.199	2694
251.997	2715
252.796	2641
253.594	2703
254.391	2643
255.189	2603
255.987	2567
256.785	2627
257.582	2552
258.379	2517
259.177	2501
259.973	2527
260.77	2494
261.568	2532
262.364	2462
263.161	2348
263.958	2366
264.754	2432
265.55	2392
266.346	2375
267.142	2388
267.939	2499
268.734	4420
269.53	2621
270.325	2248
271.121	2248
271.916	2239
272.712	2226
273.507	2221
274.302	2214
275.097	2185
275.892	2182
276.687	2126
277.482	2203
278.276	2134
279.071	2100
279.865	2029
280.659	2109
281.453	2109
282.248	2048
283.041	2052
283.835	1956
284.629	2002
285.422	1954
286.216	1969
287.009	1950
287.802	1910
288.596	1932
289.388	1896
290.181	1941
290.974	1897
291.767	1867
292.559	1891
293.352	1852
294.144	1828
294.936	1894
295.728	1869
296.521	1845
297.313	1813
298.104	1863
298.896	1782
299.688	1831
300.479	1744
301.271	1768
302.062	1736
302.853	1685
303.644	1745
304.435	1722
305.226	1700
306.017	1700
306.807	1722
307.597	1682
308.389	1687
309.179	1657
309.969	1653
310.759	1702
311.549	1693
312.339	1637
313.128	1618
313.918	1655
314.707	1626
315.497	1620
316.286	1563
317.075	1652
317.864	1599
318.653	1579
319.442	1590
320.231	1642
321.019	1569
321.808	1599
322.596	1524
323.385	1590
324.173	1547
324.961	1574
325.749	1535
326.537	1555
327.325	1574
328.113	1574
328.901	1517
329.688	1617
330.475	1518
331.262	1601
332.049	1541
332.837	1588
333.624	1533
334.411	1501
335.197	1521
335.983	1536
336.77	1519
337.557	1492
338.343	1487
339.129	1511
339.915	1466
340.701	1504
341.487	1476
342.272	1543
343.058	1589
343.844	1454
344.629	1498
345.414	1528
346.2	1511
346.985	1484
347.769	1476
348.554	1509
349.34	1566
350.124	1501
350.908	1472
351.692	1446
352.477	1528
353.262	1471
354.045	1494
354.83	1520
355.613	1486
356.397	1472
357.181	1489
357.964	1485
358.748	1492
359.531	1457
360.315	1521
361.097	1473
361.881	1494
362.663	1500
363.447	1489
364.229	1514
365.012	1495
365.794	1458
366.577	1493
367.359	1476
368.141	1528
368.923	1500
369.705	1497
370.487	1530
371.268	1482
372.05	1512
372.832	1507
373.613	1537
374.394	1498
375.176	1477
375.956	1493
376.737	1515
377.519	1539
378.299	1482
379.079	1463
379.861	1470
380.641	1499
381.421	1492
382.202	1511
382.982	1549
383.762	1529
384.541	1483
385.321	1535
386.101	1546
386.881	1503
387.66	1538
388.439	1503
389.218	1550
389.998	1538
390.777	1538
391.556	1522
392.335	1544
393.113	1625
393.892	1585
394.67	1575
395.449	1578
396.228	1573
397.006	1597
397.784	1612
398.562	1604
399.34	1586
400.117	1631
400.895	1669
401.673	1638
402.45	1623
403.227	1650
404.005	1632
404.782	1674
405.559	1627
406.336	1682
407.112	1692
407.889	1739
408.666	1751
409.442	1701
410.219	1736
410.995	1768
411.771	1738
412.547	1843
413.323	1864
414.099	1915
414.875	1861
415.65	1986
416.426	1966
417.202	1974
417.976	2078
418.752	2052
419.527	2156
420.302	2143
421.077	2193
421.851	2258
422.626	2350
423.401	2321
424.176	2435
424.949	2491
425.724	2503
426.498	2571
427.273	2640
428.046	2687
428.82	2742
429.594	2773
430.367	2823
431.141	2779
431.915	2844
432.687	2811
433.461	2870
434.234	2869
435.007	2859
435.78	2763
436.552	2751
437.325	2646
438.098	2666
438.87	2557
439.643	2591
440.414	2435
441.187	2475
441.959	2379
442.731	2339
443.502	2333
444.274	2247
445.046	2196
445.818	2139
446.589	2088
447.36	2072
448.131	2050
448.903	2027
449.673	1907
450.445	1903
451.215	1854
451.985	1868
452.756	1853
453.527	1775
454.297	1766
455.067	1744
455.837	1659
456.608	1663
457.377	1670
458.147	1678
458.917	1616
459.686	1614
460.456	1592
461.226	1602
461.995	1508
462.764	1561
463.533	1475
464.302	1560
465.071	1528
465.839	1510
466.608	1515
467.377	1520
468.145	1515
468.914	1437
469.682	1437
470.45	1441
471.217	1459
471.986	1468
472.754	1397
473.521	1431
474.289	1417
475.056	1369
475.824	1400
476.591	1422
477.358	1394
478.126	1407
478.893	1360
479.66	1369
480.426	1387
481.193	1336
481.959	1354
482.726	1385
483.492	1356
484.258	1339
485.025	1359
485.791	1334
486.557	1332
487.322	1311
488.088	1315
488.854	1319
489.619	1263
490.385	1323
491.149	1309
491.915	1286
492.68	1277
493.445	1271
494.21	1272
494.975	1304
495.74	1268
496.504	1266
497.268	1291
498.033	1268
498.797	1277
499.561	1296
500.326	1239
501.089	1253
501.853	1267
502.617	1258
503.381	1236
504.144	1273
504.907	1239
505.671	1235
506.434	1241
507.197	1201
507.96	1279
508.723	1200
509.486	1230
510.248	1208
511.011	1196
511.774	1196
512.536	1250
513.298	1248
514.06	1254
514.822	1244
515.585	1190
516.346	1187
517.108	1236
517.869	1220
518.631	1226
519.392	1222
520.154	1242
520.916	1162
521.676	1200
522.438	1177
523.198	1206
523.96	1200
524.72	1203
525.481	1196
526.241	1159
527.002	1188
527.762	1202
528.522	1230
529.282	1184
530.042	1200
530.802	1163
531.562	1182
532.321	1146
533.081	1192
533.84	1146
534.6	1200
535.359	1168
536.118	1157
536.878	1133
537.636	1173
538.395	1184
539.154	1132
539.913	1138
540.671	1122
541.429	1150
542.188	1136
542.946	1131
543.704	1124
544.462	1129
545.221	1132
545.978	1125
546.736	1152
547.493	1145
548.251	1160
549.008	1084
549.766	1107
550.523	1128
551.28	1108
552.037	1134
552.794	1135
553.55	1090
554.307	1073
555.063	1101
555.821	1099
556.577	1094
557.333	1068
558.089	1127
558.846	1138
559.601	1110
560.357	1094
561.113	1144
561.869	1099
562.624	1086
563.38	1127
564.135	1134
564.89	1071
565.646	1074
566.401	1090
567.156	1083
567.911	1072
568.665	1104
569.419	1056
570.174	1098
570.928	1066
571.683	1101
572.437	1034
573.191	1051
573.946	1073
574.699	1084
575.453	1078
576.207	1124
576.96	1850
577.714	3021
578.467	2003
579.22	3523
579.974	2910
580.727	1060
581.479	1013
582.233	1033
582.986	1040
583.739	1021
584.49	1026
585.243	1021
585.996	993
586.748	1047
587.5	1039
588.253	1021
589.004	1017
589.756	1028
590.507	1015
591.259	1005
592.011	1037
592.762	1034
593.514	1021
594.265	1063
595.016	1049
595.768	1035
596.518	1054
597.269	1026
598.02	1023
598.771	1051
599.521	1036
600.272	1018
601.022	1054
601.772	1028
602.522	1037
603.273	1026
604.022	1033
604.772	992
605.522	989
606.271	987
607.021	1010
607.77	1060
608.519	1040
609.269	999
610.018	1032
610.767	1026
611.516	1020
612.265	1007
613.013	969
613.762	995
614.51	1031
615.259	1021
616.008	1041
616.756	944
617.503	997
618.251	988
619	1006
619.747	997
620.495	991
621.242	953
621.99	1012
622.738	996
623.485	994
624.232	1005
624.979	936
625.726	965
626.473	997
627.22	985
627.967	990
628.713	995
629.46	992
630.206	993
630.952	1037
631.698	996
632.444	1017
633.19	972
633.936	985
634.682	1010
635.427	1009
636.173	977
636.919	1015
637.664	968
638.409	985
639.154	975
639.899	941
640.645	990
641.389	1008
642.134	977
642.879	972
643.624	927
644.368	948
645.112	958
645.856	969
646.6	999
647.345	944
648.089	923
648.833	908
649.577	930.5
650.32	953
651.063	975
651.807	938
652.551	932
653.293	978
654.037	948
654.78	949
655.523	959
656.265	937
657.008	908
657.751	946
658.494	922
659.236	912
659.978	969
660.721	921
661.463	928
662.205	934
662.946	915
663.688	932
664.431	956
665.172	925
665.914	907
666.655	918
667.396	910
668.138	908
668.879	938
669.62	936
670.361	927
671.102	919
671.842	916
672.583	942
673.323	897
674.064	905
674.804	924
675.545	920
676.285	921
677.025	908
677.765	928
678.504	902
679.244	909
679.984	892
680.724	906
681.463	911
682.202	913
682.942	905
683.681	907
684.419	949
685.159	925
685.898	939
686.636	883
687.375	877
688.114	907
688.852	915
689.59	876
690.329	927
691.067	896
691.805	911
692.542	894
693.281	918
694.018	907
694.756	912
695.493	905
696.231	906
696.968	907
697.706	916
698.443	904
699.18	876
699.917	897
700.654	908
701.39	849
702.127	868
702.863	880
703.6	909
704.336	873
705.072	900
705.808	907
706.544	937
707.28	919
708.016	899
708.752	899
709.488	937
710.223	909
710.959	923
711.694	900
712.429	911
713.165	916
713.9	871
714.635	887
715.37	895
716.105	898
716.839	908
717.573	902
718.308	893
719.042	919
719.777	872
720.511	955
721.245	909
721.979	874
722.713	896
723.447	905
724.181	903
724.914	902
725.647	922
726.381	886
727.114	874
727.847	910
728.58	913
729.314	876
730.047	898
730.779	886
731.512	859
732.244	874
732.977	864
733.709	907
734.441	862
735.174	914
735.906	852
736.638	902
737.37	887
738.101	885
738.833	866
739.565	870
740.296	880
741.027	877
741.759	872
742.49	915
743.221	857
743.952	909
744.683	890
745.414	844
746.145	853
746.875	909
747.606	906
748.336	870
749.067	852
749.797	901
750.527	890
751.258	873
751.987	894
752.717	879
753.447	896
754.176	861
754.906	911
755.636	873
756.365	908
757.094	894
757.823	881
758.552	888
759.281	895
760.01	881
760.739	849
761.468	899
762.196	839
762.924	868
763.652	862
764.381	857
765.109	872
765.837	906
766.565	877
767.293	887
768.021	872
768.749	863
769.477	893
770.204	885
770.931	910
771.658	885
772.386	869
773.113	928
773.84	884
774.566	925
775.293	895
776.02	883
776.747	895
777.473	910
778.199	871
778.926	929
779.652	872
780.378	913
781.104	896
781.83	861
782.556	907
783.282	911
784.008	916
784.732	879
785.458	878
786.183	928
786.909	872
787.634	924
788.359	936
789.084	893
789.809	924
790.534	888
791.258	949
791.983	889
792.707	917
793.432	936
794.156	900
794.88	981
795.604	930
796.328	888
797.052	914
797.775	897
798.499	894
799.223	939
799.946	957
800.67	920
801.393	972
802.116	955
802.84	920
803.563	945
804.285	985
805.008	965
805.731	968
806.454	926
807.176	959
807.899	972
808.621	949
809.343	967
810.066	956.433
810.787	961.082
811.51	914.139
812.231	950.887
812.952	914.796
813.674	915.044
814.396	963.408
815.118	924.058
815.839	957.836
816.56	963.877
817.281	944.533
818.002	955.237
818.724	918.93
819.444	970.459
820.164	986.909
820.886	967.882
821.606	992.468
822.326	968.04
823.047	965.84
823.767	968.284
824.487	937.774
825.208	996.109
825.928	978.223
826.647	951.283
827.367	983.579
828.087	950.16
828.807	1006.64
829.526	973.242
830.245	970.323
830.965	991.288
831.685	1000.22
832.404	1010.89
833.122	991.062
833.841	1037.84
834.56	1048.21
835.279	1017.18
835.997	1035.12
836.717	1044.59
837.435	1083.7
838.153	1086.44
838.871	1068.5
839.59	1070.84
840.308	1080.52
841.026	1105.56
841.743	1080.71
842.461	1133.1
843.179	1141.47
843.896	1145.13
844.614	1153.09
845.331	1133.74
846.049	1175.97
846.766	1217.92
847.483	1242.19
848.2	1239.7
848.917	1286.23
849.634	1278.59
850.35	1282.56
851.067	1327.51
851.784	1369.46
852.5	1356.14
853.217	1430.86
853.933	1601.13
854.649	1946.49
855.365	1556.31
856.081	1578.8
856.797	1640.11
857.513	1742.85
858.229	1818.84
858.944	1843.65
859.659	1953.71
860.375	2074.8
861.091	2167.29
861.805	2314.06
862.52	2414.32
863.236	2622.33
863.95	2892.22
864.665	3059.97
865.38	3434.45
866.094	3761.86
866.809	4179.95
867.524	4484.69
868.238	4944.72
868.952	5512.34
869.666	6118.21
870.38	6918.65
871.095	7471
871.808	8297.53
872.522	9069.41
873.235	9731.48
873.949	10375.3
874.662	10897.4
875.376	11377.5
876.089	11575.4
876.803	11689.7
877.515	11729.5
878.229	11479.2
878.941	11125.2
879.655	10591.4
880.367	9885.81
881.079	9410.47
881.166	9359
881.882	8423
882.599	7778
883.316	6964
884.032	6416
884.748	5700
885.464	5210
886.18	4760
886.897	4250
887.613	3818
888.328	3501
889.044	3202
889.76	2923
890.475	2561
891.19	2476
891.906	2313
892.622	2176
893.337	2001
894.052	1870
894.767	1794
895.481	1749
896.196	1645
896.911	1578
897.625	1490
898.34	1413
899.054	1422
899.768	1367
900.483	1364
901.197	1289
901.911	1235
902.625	1213
903.339	1231
904.052	1181
904.766	1145
905.48	1113
906.193	1076
906.906	1085
907.619	1060
908.332	1052
909.046	1012
909.759	1025
910.472	994
911.185	972
911.898	970
912.609	944
913.322	952
914.035	919
914.747	912
915.46	957
916.171	929.5
916.883	902
917.595	887
918.307	882
919.019	860
919.731	868
920.442	856
921.154	860
921.865	816
922.576	839
923.288	844
923.999	841
924.71	848
925.421	855
926.132	859
926.842	811
927.553	798
928.263	798
928.974	810
929.685	760
930.394	740
931.105	734
931.815	774
932.525	776
933.235	776
933.944	806
934.655	783
935.364	777
936.074	784
936.783	776
937.492	765
938.201	731
938.911	746
939.619	746
940.329	745
941.037	750
941.747	751
942.455	751
943.164	771
943.872	707
944.58	753
945.289	691
945.997	724
946.706	731
947.413	737
948.121	730
948.829	741
949.537	724
950.244	732
950.952	743
951.659	723
952.367	729
953.074	710
953.781	706
954.488	724
955.196	702
955.903	704
956.609	722
957.316	715
958.023	761
958.729	703
959.436	694
960.142	723
960.849	720
961.555	717
962.261	692
962.967	730
963.672	726
964.378	675
965.084	722
965.79	707
966.495	719
967.201	716
967.906	708
968.611	734
969.316	683
970.021	684
970.726	704
971.432	698
972.137	721
972.841	722
973.546	705
974.25	710
974.955	681
975.659	711
976.363	701
977.068	733
977.772	721
978.476	713
979.179	688
979.883	730
980.586	728
981.29	715
981.993	713
982.697	698
983.4	726
984.104	684
984.807	709
985.51	723
986.213	709
986.916	723
987.618	725
988.321	720
989.024	714
989.726	701
990.429	727
991.13	759
991.833	727
992.535	753
993.237	748
993.94	737
994.641	750
995.343	759
996.045	725
996.746	753
997.447	779
998.149	749
998.85	766
999.551	739
1000.25	753
1000.95	788
1001.65	787
1002.36	755
1003.06	797
1003.76	800
1004.46	816
1005.16	804
1005.86	792
1006.56	837
1007.26	799
1007.96	834
1008.66	805
1009.36	833
1010.06	832
1010.76	886
1011.46	903
1012.16	898
1012.86	886
1013.56	903
1014.26	921
1014.95	873
1015.65	924
1016.35	928
1017.05	949
1017.75	989
1018.45	986
1019.15	993
1019.85	998
1020.55	1012
1021.24	1030
1021.94	1078
1022.64	1058
1023.34	1073
1024.04	1112
1024.73	1126
1025.43	1158
1026.13	1204
1026.83	1182
1027.52	1271
1028.22	1278
1028.92	1323
1029.62	1362
1030.31	1462
1031.01	1515
1031.71	1595
1032.4	1657
1033.1	1760
1033.8	1868
1034.5	1969
1035.19	2046
1035.89	2175
1036.58	2294
1037.28	2393
1037.98	2542
1038.67	2682
1039.37	2824
1040.06	2939
1040.76	3003
1041.46	3068
1042.15	3193
1042.85	3247
1043.54	3285
1044.24	3295
1044.93	3294
1045.63	3294
1046.32	3252
1047.02	3132
1047.71	3085
1048.41	3017
1049.1	2858
1049.8	2842
1050.49	2726
1051.19	2589
1051.88	2460
1052.58	2330
1053.27	2245
1053.96	2240
1054.66	2104
1055.35	1996
1056.05	1948
1056.74	1928
1057.43	1842
1058.13	1799
1058.82	1772
1059.51	1789
1060.21	1750
1060.9	1731
1061.59	1703
1062.29	1773
1062.98	1718
1063.67	1734
1064.36	1751
1065.06	1749
1065.75	1789
1066.44	1777
1067.13	1801
1067.83	1874
1068.52	1910
1069.21	1960
1069.9	1967
1070.6	2024
1071.29	2085
1071.98	2148
1072.67	2208
1073.36	2279
1074.05	2335
1074.74	2388
1075.44	2483
1076.13	2551
1076.82	2659
1077.51	2730
1078.2	2811
1078.89	2870
1079.58	2928
1080.27	3063
1080.96	3073
1081.65	3183
1082.34	3224
1083.03	3242
1083.72	3301
1084.41	3334
1085.1	3298
1085.79	3198
1086.48	3204
1087.17	3175
1087.86	3187
1088.55	3117
1089.24	2988
1089.93	2826
1090.62	2816
1091.31	2702
1092	2541
1092.69	2507
1093.38	2285
1094.07	2268
1094.76	2134
1095.44	2038
1096.13	1936
1096.82	1860
1097.51	1775
1098.2	1665
1098.89	1674
1099.58	1564
1100.26	1576
1100.95	1487
1101.64	1470
1102.33	1438
1103.01	1406
1103.7	1386
1104.39	1316
1105.08	1353
1105.76	1261
1106.45	1226
1107.14	1266
1107.83	1205
1108.51	1173
1109.2	1182
1109.89	1226
1110.57	1213
1111.26	1211
1111.95	1200
1112.63	1190
1113.32	1199
1114	1183
1114.69	1162
1115.38	1157
1116.06	1199
1116.75	1186
1117.44	1143
1118.12	1174
1118.81	1150
1119.49	1149
1120.18	1146
1120.86	1157
1121.55	1110
1122.23	1136
1122.92	1123
1123.6	1085
1124.29	1054
1124.97	1099
1125.66	1051
1126.34	1050
1127.03	1044
1127.71	1050
1128.4	1046
1129.08	981
1129.77	980
1130.45	943
1131.13	968
1131.82	942
1132.5	954
1133.19	917
1133.87	862
1134.55	870
1135.24	805
1135.92	850
1136.6	834
1137.29	831
1137.97	820
1138.65	860
1139.33	804
1140.02	805
1140.7	816
1141.38	792
1142.07	787
1142.75	762
1143.43	762
1144.11	766
1144.8	747
1145.48	776
1146.16	742
1146.84	750
1147.52	725
1148.21	713
1148.89	715
1149.57	725
1150.25	730
1150.93	718
1151.61	732
1152.29	749
1152.98	698
1153.66	694
1154.34	683
1155.02	697
1155.7	677
1156.38	676
1157.06	698
1157.74	667
1158.42	666
1159.1	653
1159.78	677
1160.46	671
1161.14	659
1161.82	655
1162.5	642
1163.18	636
1163.86	665
1164.54	655
1165.22	652
1165.9	634
1166.58	624
1167.26	651
1167.94	611
1168.62	610
1169.3	599
1169.98	590
1170.66	583
1171.34	621
1172.01	617
1172.69	617
1173.37	611
1174.05	602
1174.73	595
1175.41	595
1176.08	602
1176.76	599
1177.44	599
1178.12	581
1178.8	582
1179.47	593
1180.15	564
1180.83	580
1181.51	598
1182.18	603
1182.86	587
1183.54	608
1184.22	605
1184.89	574
1185.57	593
1186.25	584
1186.92	604
1187.6	583
1188.28	556
1188.95	613
1189.63	595
1190.31	561
1190.98	596
1191.66	568
1192.34	568
1193.01	585
1193.69	566
1194.36	575
1195.04	562
1195.71	605
1196.39	571
1197.07	577
1197.74	581
1198.42	556
1199.09	582
1199.77	570
1200.44	589
1201.12	566
1201.79	598
1202.47	566
1203.14	582
1203.82	599
1204.49	594
1205.16	566
1205.84	608
1206.51	566
1207.19	599
1207.86	596
1208.54	585
1209.21	606
1209.88	580
1210.56	594
1211.23	579
1211.9	580
1212.58	600
1213.25	589
1213.93	576
1214.6	566
1215.27	578
1215.94	580
1216.62	602
1217.29	621
1217.96	612
1218.64	591
1219.31	562
1219.98	617
1220.65	599
1221.33	611
1222	591
1222.67	587
1223.34	586
1224.01	599
1224.69	608
1225.36	609
1226.03	631
1226.7	607
1227.37	611
1228.04	609
1228.72	636
1229.39	624
1230.06	623
1230.73	634
1231.4	646
1232.07	636
1232.74	641
1233.41	662
1234.08	649
1234.75	618
1235.42	651
1236.1	652
1236.77	665
1237.44	661
1238.11	659
1238.78	658
1239.45	709
1240.12	668
1240.79	651
1241.46	660
1242.13	671
1242.8	686
1243.47	731
1244.13	688
1244.8	701
1245.47	686
1246.14	689
1246.81	741
1247.48	739
1248.15	731
1248.82	754
1249.49	718
1250.15	731
1250.82	759
1251.49	738
1252.16	781
1252.83	728
1253.5	772
1254.17	764
1254.83	767
1255.5	843
1256.17	799
1256.84	883
1257.5	853
1258.17	845
1258.84	900
1259.51	905
1260.17	941
1260.84	924
1261.51	949
1262.18	992
1262.84	980
1263.51	1034
1264.18	1049
1264.84	1064
1265.51	1130
1266.18	1218
1266.84	1217
1267.51	1203
1268.18	1268
1268.84	1336
1269.51	1343
1270.17	1415
1270.84	1460
1271.51	1499
1272.17	1553
1272.84	1522
1273.5	1613
1274.17	1629
1274.83	1672
1275.5	1588
1276.16	1531
1276.83	1583
1277.5	1599
1278.16	1542
1278.83	1522
1279.49	1552
1280.16	1512
1280.82	1438
1281.48	1408
1282.15	1357
1282.81	1324
1283.48	1280
1284.14	1226
1284.81	1175
1285.47	1175
1286.13	1111
1286.8	1080
1287.46	1044
1288.13	1073
1288.79	1002
1289.45	988
1290.12	946
1290.78	986
1291.44	932
1292.11	890
1292.77	923
1293.43	901
1294.1	855
1294.76	836
1295.42	889
1296.08	905
1296.75	838
1297.41	815
1298.07	836
1298.73	826
1299.4	816
1300.06	771
1300.72	797
1301.38	764
1302.04	765
1302.71	773
1303.37	773
1304.03	811
1304.69	766
1305.35	801
1306.01	754
1306.68	741
1307.34	765
1308	729
1308.66	779
1309.32	715
1309.98	719
1310.64	760
1311.3	741
1311.96	721
1312.62	765
1313.28	746
1313.94	759
1314.61	734
1315.27	741
1315.93	745
1316.59	726
1317.25	753
1317.91	760
1318.57	745
1319.23	727
1319.89	741
1320.54	742
1321.2	770
1321.86	759
1322.52	741
1323.18	719
1323.84	706
1324.5	725
1325.16	723
1325.82	745
1326.48	694
1327.14	714
1327.79	695
1328.45	714
1329.11	693
1329.77	729
1330.43	704
1331.09	752
1331.74	734
1332.4	700
1333.06	735
1333.72	740
1334.38	726
1335.03	703
1335.69	716
1336.35	703
1337.01	723
1337.66	696
1338.32	730
1338.98	717
1339.64	718
1340.29	762
1340.95	736
1341.61	729
1342.26	726
1342.92	715
1343.58	748
1344.23	750
1344.89	717
1345.55	724
1346.2	715
1346.86	730
1347.51	727
1348.17	713
1348.83	751
1349.48	737
1350.14	754
1350.79	734
1351.45	734
1352.1	723
1352.76	764
1353.42	748
1354.07	739
1354.73	777
1355.38	750
1356.04	748
1356.69	739
1357.35	767
1358	762
1358.66	733
1359.31	765
1359.96	749
1360.62	772
1361.27	745
1361.93	784
1362.58	776
1363.24	765
1363.89	775
1364.54	792
1365.2	769
1365.85	718
1366.51	747
1367.16	799
1367.81	787
1368.47	830
1369.12	806
1369.77	761
1370.43	826
1371.08	820
1371.73	821
1372.38	816
1373.04	851
1373.69	860
1374.34	866
1375	898
1375.65	898
1376.3	912
1376.95	906
1377.6	934
1378.26	941
1378.91	926
1379.56	963
1380.21	1001
1380.86	966
1381.52	922
1382.17	997
1382.82	993
1383.47	942
1384.12	977
1384.77	982
1385.42	1010
1386.08	990
1386.73	952
1387.38	999
1388.03	1013
1388.68	956
1389.33	962
1389.98	928
1390.63	964
1391.28	958
1391.93	954
1392.58	984
1393.23	964
1393.88	924
1394.53	914
1395.18	956
1395.83	946
1396.48	962
1397.13	955
1397.78	1007
1398.43	971
1399.08	976
1399.73	1031
1400.38	1010
1401.03	981
1401.68	1035
1402.33	1023
1402.98	1065
1403.63	1078
1404.28	1053
1404.92	1035
1405.57	1038
1406.22	1012
1406.87	1050
1407.52	1099
1408.17	1073
1408.81	1080
1409.46	1059
1410.11	1123
1410.76	1090
1411.41	1095
1412.06	1137
1412.7	1084
1413.35	1136
1414	1200
1414.65	1211
1415.29	1146
1415.94	1184
1416.59	1191
1417.23	1221
1417.88	1211
1418.53	1236
1419.18	1273
1419.82	1242
1420.47	1217
1421.12	1274
1421.76	1270
1422.41	1300
1423.06	1322
1423.7	1243
1424.35	1325
1424.99	1273
1425.64	1321
1426.29	1326
1426.93	1359
1427.58	1377
1428.22	1392
1428.87	1400
1429.52	1400
1430.16	1335
1430.81	1365
1431.45	1442
1432.1	1440
1432.74	1463
1433.39	1485
1434.03	1531
1434.68	1557
1435.32	1542
1435.97	1541
1436.61	1626
1437.26	1645
1437.9	1675
1438.55	1735
1439.19	1768
1439.83	1843
1440.48	1888
1441.12	1975.53
1441.77	2079.18
1442.41	2165.68
1443.05	2202.57
1443.7	2354.45
1444.34	2406.26
1444.99	2525.13
1445.63	2743.69
1446.27	2854.41
1446.92	3090.04
1447.56	3147.68
1448.2	3343.13
1448.85	3506.04
1449.49	3605.1
1450.13	3776.12
1450.77	3789.13
1451.42	3893.14
1452.06	3956.24
1452.7	3942.15
1453.35	3941.81
1453.99	3874
1454.63	3762.62
1455.27	3658.31
1455.91	3524.11
1456.56	3314.55
1457.2	3225.31
1457.84	3099.42
1458.48	2905.17
1459.12	2717.93
1459.77	2539.07
1460.41	2478.53
1461.05	2295.92
1461.69	2183.73
1462.33	2089.03
1462.97	1965.75
1463.61	1894.09
1464.26	1840.45
1464.9	1720.32
1465.54	1724.61
1466.18	1669.62
1466.82	1586.72
1467.46	1585.3
1468.1	1535.3
1468.74	1548.58
1469.38	1487.53
1470.02	1435.18
1470.66	1511
1471.3	1451.42
1471.94	1455.02
1472.58	1473.16
1473.22	1439.19
1473.86	1465.84
1474.5	1478.07
1475.14	1527.36
1475.78	1472.71
1476.42	1557.82
1477.06	1572.73
1477.7	1589.43
1478.34	1574.51
1478.98	1607.11
1479.62	1646.23
1480.26	1607.28
1480.9	1640.91
1481.54	1637.88
1482.18	1624.89
1482.81	1574.2
1483.45	1638.07
1484.09	1568.86
1484.73	1524.11
1485.37	1527.8
1486.01	1475.43
1486.65	1472.79
1487.28	1450.42
1487.92	1389.78
1488.56	1331.86
1489.2	1310.07
1489.84	1266.42
1490.47	1211.25
1491.11	1209.53
1491.75	1140.74
1492.39	1115.12
1493.03	1126.74
1493.66	1083.16
1494.3	1042.94
1494.94	1028.88
1495.57	997.324
1496.21	1000.46
1496.85	979.09
1497.49	975.806
1498.12	941.725
1498.76	922.61
1499.4	909.876
1500.03	900.718
1500.67	932.087
1501.31	920.433
1501.94	918.734
1502.58	871.765
1503.21	872.817
1503.85	880.697
1504.49	880.398
1505.12	894.892
1505.28	900
1505.92	902
1506.55	856
1507.19	868
1507.83	794
1508.47	848
1509.11	862
1509.75	786
1510.39	778
1511.03	809
1511.67	787
1512.31	777
1512.95	792
1513.59	796
1514.22	778
1514.86	794
1515.5	781
1516.14	779
1516.78	757
1517.42	734
1518.05	745
1518.69	775
1519.33	747
1519.97	724
1520.61	730
1521.24	709
1521.88	733
1522.52	697
1523.16	709
1523.79	687
1524.43	712
1525.07	694
1525.71	708
1526.34	694
1526.98	681
1527.62	681
1528.26	690
1528.89	655
1529.53	674
1530.17	670
1530.8	669
1531.44	698
1532.07	631
1532.71	662
1533.35	685
1533.98	654
1534.62	645
1535.26	683
1535.89	665.5
1536.53	648
1537.16	612
1537.8	641
1538.44	624
1539.07	644
1539.71	630
1540.34	602
1540.98	603
1541.61	652
1542.25	612
1542.88	621
1543.52	628.5
1544.15	636
1544.79	602
1545.42	620
1546.06	605
1546.69	612
1547.33	597
1547.96	623
1548.6	619
1549.23	630
1549.86	601
1550.5	634
1551.13	613
1551.77	602
1552.4	615
1553.03	582
1553.67	606
1554.3	595
1554.93	577
1555.57	589
1556.2	548
1556.84	603
1557.47	579
1558.1	580
1558.73	586
1559.37	578
1560	575
1560.63	565
1561.27	576
1561.9	562
1562.53	559
1563.16	566
1563.8	553
1564.43	528
1565.06	541
1565.69	541
1566.33	547
1566.96	565
1567.59	561
1568.22	559
1568.85	568
1569.49	532
1570.12	539
1570.75	594
1571.38	557
1572.01	534
1572.64	526
1573.28	539
1573.91	539
1574.54	544
1575.17	539
1575.8	520
1576.43	537
1577.06	551
1577.69	521
1578.32	517
1578.95	514
1579.58	505
1580.21	533
1580.84	538
1581.47	556
1582.11	566
1582.73	530
1583.37	519
1584	518
1584.63	531
1585.26	548
1585.88	537
1586.51	552
1587.14	539
1587.77	543
1588.4	521
1589.03	545
1589.66	544
1590.29	516
1590.92	546
1591.55	555
1592.18	543
1592.81	517
1593.44	555
1594.06	528
1594.69	525
1595.32	562
1595.95	543
1596.58	529
1597.21	531
1597.83	575
1598.46	550
1599.09	531
1599.72	522
1600.35	534
1600.98	547
1601.6	544
1602.23	566
1602.86	564
1603.49	575
1604.11	540
1604.74	562
1605.37	549
1606	543
1606.62	549
1607.25	565
1607.88	544
1608.5	576
1609.13	553
1609.76	546
1610.38	581
1611.01	512
1611.64	569
1612.26	565
1612.89	567
1613.52	543
1614.14	546
1614.77	546
1615.39	577
1616.02	555
1616.65	574
1617.27	584
1617.9	574
1618.52	599
1619.15	606
1619.77	592
1620.4	583
1621.02	584
1621.65	569
1622.28	569
1622.9	586
1623.53	541
1624.15	580
1624.78	564
1625.4	558
1626.03	546
1626.65	566
1627.27	587
1627.9	542
1628.52	587
1629.15	548
1629.77	550
1630.4	564
1631.02	567
1631.64	560
1632.27	573
1632.89	612
1633.52	563
1634.14	548
1634.76	550
1635.39	554
1636.01	551
1636.63	530
1637.26	583
1637.88	597
1638.5	556
1639.13	589
1639.75	558
1640.37	558
1641	536
1641.62	536
1642.24	529
1642.86	566
1643.49	507
1644.11	542
1644.73	522
1645.35	526
1645.98	525
1646.6	530
1647.22	525
1647.84	521
1648.46	535
1649.09	536
1649.71	535
1650.33	511
1650.95	529
1651.57	547
1652.19	511
1652.82	555
1653.44	510
1654.06	530
1654.68	502
1655.3	501
1655.92	512
1656.54	522
1657.16	491
1657.78	532
1658.4	496
1659.03	535
1659.65	522
1660.27	509
1660.89	520
1661.51	478
1662.13	502
1662.75	513
1663.37	503
1663.99	505
1664.61	489
1665.23	474
1665.85	511
1666.47	495
1667.09	496
1667.71	491
1668.33	533
1668.95	491
1669.56	490
1670.18	485
1670.8	474
1671.42	490
1672.04	490
1672.66	511
1673.28	484
1673.9	509
1674.52	480
1675.13	469
1675.75	472
1676.37	522
1676.99	492
1677.61	476
1678.23	468
1678.84	484
1679.46	459
1680.08	472
1680.7	468
1681.32	474
1681.93	468
1682.55	482
1683.17	467
1683.79	478
1684.41	490
1685.02	460
1685.64	476
1686.26	478
1686.87	468
1687.49	440
1688.11	463
1688.73	453
1689.34	444
1689.96	445
1690.58	464
1691.19	440
1691.81	459
1692.43	445
1693.04	429
1693.66	471
1694.27	462
1694.89	439
1695.51	427
1696.12	424
1696.74	450
1697.35	430
1697.97	433
1698.59	428
1699.2	440
1699.82	415
1700.43	415
1701.05	406
1701.66	423
1702.28	408
1702.89	428
1703.51	395
1704.12	415
1704.74	420
1705.35	410
1705.97	452
1706.58	407
1707.2	398
1707.81	411
1708.43	402
1709.04	391
1709.66	402
1710.27	393
1710.88	391
1711.5	385
1712.11	377
1712.73	375
1713.34	373
1713.95	399
1714.57	393
1715.18	388
1715.8	357
1716.41	351
1717.02	370
1717.64	360
1718.25	383
1718.86	374
1719.48	383
1720.09	371
1720.7	386
1721.31	386
1721.93	372
1722.54	377
1723.15	381
1723.77	375
1724.38	362
1724.99	366
1725.6	375
1726.22	392
1726.83	367
1727.44	370
1728.05	383
1728.66	370
1729.28	376
1729.89	363
1730.5	355
1731.11	358
1731.72	369
1732.33	362
1732.95	359
1733.56	370
1734.17	364
1734.78	353
1735.39	347
1736	334
1736.61	350
1737.22	365
1737.83	330
1738.44	367
1739.06	342
1739.67	343
1740.28	361
1740.89	336
1741.5	338
1742.11	326
1742.72	341
1743.33	305
1743.94	320
1744.55	322
1745.16	331
1745.77	346
1746.38	320
1746.99	324
1747.6	323
1748.21	307
1748.82	333
1749.43	317
1750.04	317
1750.65	319
1751.25	318
1751.86	331
1752.47	318
1753.08	322
1753.69	314
1754.3	717
1754.91	3556
1755.52	629
1756.13	307
1756.73	302
1757.34	301
1757.95	322
1758.56	346
1759.17	334
1759.78	319
1760.38	306
1760.99	325
1761.6	311
1762.21	320
1762.81	308
1763.42	322
1764.03	298
1764.64	305
1765.24	327
1765.85	297
1766.46	305
1767.07	316
1767.67	297
1768.28	272
1768.89	282
1769.5	278
1770.1	293
1770.71	301
1771.32	288
1771.92	304
1772.53	275
1773.14	313
1773.74	293
1774.35	305
1774.95	296
1775.56	317
1776.17	285
1776.77	288
1777.38	280
1777.99	296
1778.59	277
1779.2	291
1779.8	281
1780.41	281
1781.01	297
1781.62	297
1782.22	276
1782.83	274
1783.43	284
1784.04	259
1784.65	294
1785.25	259
1785.85	259
1786.46	285
1787.06	281
1787.67	275
1788.27	285
1788.88	306
1789.48	252
1790.09	267
1790.69	255
1791.3	268
1791.9	288
1792.5	284
1793.11	271
1793.71	270
1794.32	265
1794.92	285
1795.52	269
1796.13	304
1796.73	271
1797.33	252
1797.94	251
1798.54	275
1799.14	273
1799.75	276
1800.35	267
1800.95	259
1801.56	262
1802.16	252
1802.76	267
1803.37	274
1803.97	249
1804.57	269
1805.17	266
1805.78	261
1806.38	228
1806.98	254
1807.58	247
1808.18	259
1808.79	265
1809.39	267
1809.99	267
1810.59	267
1811.19	282
1811.8	263
1812.4	287
1813	253
1813.6	290
1814.2	260
1814.8	244
1815.41	259
1816.01	250
1816.61	276
1817.21	251
1817.81	265
1818.41	241
1819.01	279
1819.61	230
1820.21	259
1820.81	278
1821.41	261
1822.01	273
1822.61	250
1823.22	254
1823.82	268
1824.42	251
1825.02	264
1825.62	247
1826.22	267
1826.82	259
1827.42	225
1828.02	258
1828.61	251
1829.21	261
1829.81	254
1830.41	240
1831.01	260
1831.61	264
1832.21	282
1832.81	257
1833.41	277
1834.01	252
1834.61	256
1835.21	246
1835.81	255
1836.4	258
1837	239
1837.6	248
1838.2	245
1838.8	243
1839.4	268
1839.99	237
1840.59	269
1841.19	249
1841.79	268
1842.39	249
1842.98	265
1843.58	255
1844.18	264
1844.78	267
1845.38	259
1845.97	251
1846.57	243
1847.17	241.5
1847.76	240
1848.36	231
1848.96	238
1849.56	241
1850.15	259
1850.75	252
1851.35	239
1851.94	246
1852.54	270
1853.14	259
1853.73	237
1854.33	244
1854.93	246
1855.52	237
1856.12	264
1856.72	241
1857.31	272
1857.91	238
1858.5	240
1859.1	254
1859.7	236
1860.29	248
1860.89	257
1861.48	230
1862.08	233
1862.67	264
1863.27	241
1863.86	228
1864.46	236
1865.05	267
1865.65	229
1866.25	248
1866.84	241
1867.43	234
1868.03	250
1868.62	241
1869.22	249
1869.81	243
1870.41	251
1871	259
1871.6	243
1872.19	233
1872.79	241
1873.38	249
1873.97	224
1874.57	240
1875.16	234
1875.76	236
1876.35	242
1876.94	238
1877.54	251
1878.13	248
1878.72	245
1879.32	239
1879.91	255
1880.5	227
1881.1	252
1881.69	236
1882.28	244
1882.88	230
1883.47	233
1884.06	226
1884.66	230
1885.25	231
1885.84	245
1886.43	229
1887.03	252
1887.62	251
1888.21	231
1888.8	241
1889.4	227
1889.99	242
1890.58	263
1891.17	241
1891.76	227
1892.35	235
1892.95	239
1893.54	217
1894.13	214
1894.72	246
1895.31	233
1895.9	232
1896.5	233
1897.09	246
1897.68	245
1898.27	222
1898.86	241
1899.45	252
1900.04	240
1900.63	220
1901.22	243
1901.81	221
1902.4	233
1903	224
1903.59	248
1904.18	229
1904.77	234
1905.36	227
1905.95	226
1906.54	226
1907.13	251
1907.72	230
1908.31	244
1908.9	225
1909.49	258
1910.08	227
1910.67	233
1911.26	234
1911.84	223
1912.43	213
1913.02	235
1913.61	218
1914.2	220
1914.79	233
1915.38	225
1915.97	236
1916.56	245
1917.15	230
1917.73	240
1918.32	233
1918.91	238
1919.5	238
1920.09	230
1920.68	233
1921.27	223
1921.85	226
1922.44	235
1923.03	233
1923.62	216
1924.21	243
1924.79	222
1925.38	216
1925.97	225
1926.56	202
1927.14	220
1927.73	219
1928.32	229
1928.91	223
1929.49	214
1930.08	205
1930.67	235
1931.26	229
1931.84	244
1932.43	252
1933.02	228
1933.6	245
1934.19	213
1934.78	227
1935.36	251
1935.95	216
1936.54	209
1937.12	220
1937.71	207
1938.29	215
1938.88	217
1939.47	216
1940.05	196
1940.64	217
1941.22	214
1941.81	210
1942.4	224
1942.98	211
1943.57	218
1944.15	200
1944.74	227
1945.32	216
1945.91	226
1946.49	202
1947.08	227
1947.66	232
1948.25	218
1948.83	216
1949.42	214
1950	233
1950.59	220
1951.17	213
1951.76	222
1952.34	208
1952.93	225
1953.51	228
1954.1	212
1954.68	223
1955.26	209
1955.85	214
1956.43	230
1957.02	208
1957.6	205
1958.18	206
1958.77	214
1959.35	219
1959.93	197
1960.52	200
1961.1	213
1961.68	226
1962.27	210
1962.85	218
1963.43	200
1964.02	195
1964.6	203
1965.18	206
1965.77	234
1966.35	230
1966.93	207
1967.51	231
1968.1	210
1968.68	213
1969.26	193
1969.84	199
1970.43	202
1971.01	211
1971.59	220
1972.17	198
1972.75	201
1973.34	201
1973.92	215
1974.5	217
1975.08	205
1975.66	211
1976.24	203
1976.83	204
1977.41	206
1977.99	186
1978.57	192
1979.15	190
1979.73	197
1980.31	216
1980.89	190
1981.48	213
1982.06	210
1982.64	209
1983.22	209
1983.8	186
1984.38	200
1984.96	198
1985.54	196
1986.12	202
1986.7	199
1987.28	189
1987.86	209
1988.44	208
1989.02	194
1989.6	204
1990.18	185
1990.76	204
1991.34	194
1991.92	188
1992.5	189
1993.08	207
1993.66	189
1994.24	206
1994.82	208
1995.4	195
1995.98	208
1996.56	172
1997.13	212
1997.71	202
1998.29	198
1998.87	214
1999.45	212
2000.03	200
2000.61	194
2001.19	196
2001.76	203
2002.34	201
2002.92	194
2003.5	187
2004.08	210
2004.66	192
2005.23	197
2005.81	193
2006.39	207.015
2006.97	201.052
2007.54	203.253
2008.12	194.445
2008.7	215.46
2009.28	210.992
2009.85	192.872
2010.43	191.5
2011.01	180.347
2011.59	192.331
2012.16	192.561
2012.74	191.971
2013.32	193.697
2013.9	196.466
2014.47	201.515
2015.05	193.857
2015.63	188.372
2016.2	201.832
2016.78	195.028
2017.36	183.253
2017.93	196.67
2018.51	195.156
2019.08	198.705
2019.66	197.381
2020.24	189.52
2020.81	197.639
2021.39	201.343
2021.97	203.443
2022.54	196.017
2023.12	192.495
2023.69	190.218
2024.27	197.427
2024.84	202.082
2025.42	188.36
2026	193.703
2026.57	197.887
2027.15	208.997
2027.72	199.487
2028.3	201.042
2028.87	199.909
2029.45	196.36
2030.02	199.176
2030.6	199.852
2031.17	180.282
2031.75	188.029
2032.32	196.215
2032.9	197.78
2033.47	195.081
2034.05	191
2034.62	200.188
2035.19	193.403
2035.77	192.674
2036.34	204.728
2036.92	204.7
2037.49	194.953
2038.06	195.818
2038.64	200.418
2039.21	197.667
2039.79	209.613
2040.36	206.15
2040.93	202.952
2041.51	196.552
2042.08	203.302
2042.65	207.727
2043.23	199.798
2043.8	200.589
2044.38	194.303
2044.95	203.636
2045.52	208.395
2046.09	203.096
2046.67	198.483
2047.24	195.988
2047.81	202.103
2048.39	200.287
2048.96	199.191
2049.53	200.512
2050.1	197.617
2050.68	197.578
2051.25	212.767
2051.82	205.182
2052.39	207.3
2052.97	214.92
2053.54	205.71
2054.11	199.196
2054.68	205.851
2055.25	211.713
2055.83	216.798
2056.4	204.644
2056.97	207.791
2057.54	211.484
2058.11	224.354
2058.68	211.721
2059.26	213.95
2059.83	237.834
2060.4	225.234
2060.97	222.158
2061.54	203.912
2062.11	205.263
2062.68	207.061
2063.25	213.393
2063.72	216
2064.3	181
2064.87	211
2065.45	205
2066.02	199
2066.6	220
2067.17	235
2067.74	209
2068.32	222
2068.89	236
2069.47	197
2070.04	202
2070.61	216
2071.19	194
2071.76	220
2072.33	205
2072.91	222
2073.48	215
2074.05	211
2074.63	207
2075.2	198
2075.77	218
2076.35	215
2076.92	223
2077.49	209
2078.07	220
2078.64	221
2079.21	232
2079.78	211
2080.36	220
2080.93	232
2081.5	227
2082.07	212
2082.65	209
2083.22	198
2083.79	210
2084.36	217
2084.93	202
2085.51	224
2086.08	200
2086.65	240
2087.22	213
2087.79	222
2088.37	208
2088.94	218
2089.51	219
2090.08	240
2090.65	221
2091.22	219
2091.79	215.5
2092.36	212
2092.94	215
2093.51	203
2094.08	214
2094.65	225
2095.22	198
2095.79	218
2096.36	217
2096.93	198
2097.5	211
2098.07	201
2098.64	207.5
2099.21	214
2099.78	202
2100.35	205
2100.92	199
2101.49	218
2102.06	186
2102.63	203
2103.2	220
2103.77	190
2104.34	201
2104.91	202
2105.48	218
2106.05	201
2106.62	220
2107.19	201
2107.76	212
2108.33	194
2108.9	216
2109.47	189
2110.04	201
2110.6	205
2111.17	203
2111.74	220
2112.31	212
2112.88	192
2113.45	200
2114.02	201
2114.58	210
2115.15	213
2115.72	188
2116.29	202
2116.86	219
2117.43	209
2117.99	196
2118.56	195
2119.13	216
2119.7	194
2120.27	193
2120.83	210
2121.4	202
2121.97	212
2122.54	202
2123.1	198
2123.67	199
2124.24	210
2124.81	203
2125.37	203
2125.94	203
2126.51	208
2127.07	181
2127.64	185
2128.21	185
2128.77	213
2129.34	191
2129.91	203
2130.47	194
2131.04	198
2131.61	186
2132.17	195
2132.74	194
2133.31	189
2133.87	202
2134.44	183
2135.01	205
2135.57	183
2136.14	188
2136.7	186
2137.27	200
2137.83	197
2138.4	199
2138.97	196
2139.53	187
2140.1	195
2140.66	190
2141.23	209
2141.79	193
2142.36	205
2142.92	192
2143.49	190
2144.05	188
2144.62	211
2145.18	193
2145.75	184
2146.31	189
2146.88	198
2147.44	186
2148.01	185
2148.57	217
2149.13	200
2149.7	196
2150.26	188
2150.83	194
2151.39	195
2151.95	200
2152.52	204
2153.08	200
2153.65	179
2154.21	202
2154.77	197
2155.34	188
2155.9	202
2156.46	215
2157.03	196
2157.59	199
2158.15	201
2158.72	195
2159.28	187
2159.84	170
2160.41	197
2160.97	205
2161.53	206
2162.1	203
2162.66	179
2163.22	186
2163.78	191
2164.35	214
2164.91	182
2165.47	211
2166.03	191
2166.6	187
2167.16	178
2167.72	184
2168.28	186
2168.84	186
2169.41	203
2169.97	223
2170.53	184
2171.09	178
2171.65	177
2172.21	203
2172.78	202
2173.34	183
2173.9	204
2174.46	194
2175.02	192
2175.58	188
2176.14	176
2176.71	190
2177.27	187
2177.83	190
2178.39	190
2178.95	190
2179.51	212
2180.07	185
2180.63	178
2181.19	185
2181.75	186
2182.31	217
2182.87	199
2183.43	196
2183.99	189
2184.55	183
2185.11	166
2185.67	197
2186.23	183
2186.79	190
2187.35	184
2187.91	200
2188.47	193
2189.03	186
2189.59	190
2190.15	191
2190.71	201
2191.27	177
2191.83	178
2192.39	170
2192.95	187
2193.51	162
2194.07	186
2194.62	185
2195.18	188
2195.74	177
2196.3	179
2196.86	178
2197.42	174
2197.98	192
2198.54	192
2199.09	175
2199.65	179
2200.21	166
2200.77	182
2201.33	180
2201.88	182
2202.44	178
2203	164
2203.56	181
2204.12	166
2204.67	174
2205.23	168
2205.79	175
2206.35	172
2206.9	183
2207.46	180
2208.02	181
2208.58	172
2209.13	184
2209.69	184
2210.25	175
2210.81	173
2211.36	173
2211.92	166
2212.48	196
2213.03	162
2213.59	182
2214.15	188
2214.7	177
2215.26	160
2215.81	177
2216.37	193
2216.93	153
2217.48	164
2218.04	178
2218.6	172
2219.15	162
2219.71	179
2220.26	189
2220.82	171
2221.38	174
2221.93	171
2222.49	170
2223.04	187
2223.6	161
2224.15	186
2224.71	178
2225.26	167
2225.82	165
2226.38	182
2226.93	172
2227.49	189
2228.04	184
2228.59	161
2229.15	174
2229.7	183
2230.26	169
2230.81	177
2231.37	171
2231.92	174
2232.48	182
2233.03	171
2233.59	169
2234.14	173
2234.69	178
2235.25	169
2235.8	171
2236.36	181
2236.91	185
2237.46	186
2238.02	163
2238.57	174
2239.13	170
2239.68	178
2240.23	168
2240.79	178
2241.34	184
2241.89	168
2242.45	164
2243	176
2243.55	173
2244.11	159
2244.66	179
2245.21	192
2245.76	177
2246.32	187
2246.87	173
2247.42	175
2247.98	169
2248.53	176
2249.08	164
2249.63	169
2250.19	174
2250.74	186
2251.29	183
2251.84	163
2252.39	176
2252.95	175
2253.5	191
2254.05	179
2254.6	179
2255.15	177
2255.71	166
2256.26	173
2256.81	183
2257.36	173
2257.91	165
2258.46	172
2259.01	164
2259.57	162
2260.12	163
2260.67	178
2261.22	170
2261.77	159
2262.32	166
2262.87	168
2263.42	180
2263.97	162
2264.52	161
2265.07	174
2265.62	180
2266.18	172
2266.73	161
2267.28	159
2267.83	162
2268.38	163
2268.93	173
2269.48	162
2270.03	164
2270.58	153
2271.13	172
2271.68	159
2272.23	151
2272.78	160
2273.33	164
2273.87	166
2274.42	167
2274.97	172
2275.52	173
2276.07	165
2276.62	178
2277.17	167
2277.72	161
2278.27	159
2278.82	153
2279.37	176
2279.92	167
2280.46	147
2281.01	173
2281.56	162
2282.11	156
2282.66	155
2283.21	151
2283.76	171
2284.3	152
2284.85	166
2285.4	168
2285.95	161
2286.5	171
2287.04	170
2287.59	170
2288.14	180
2288.69	147
2289.24	172
2289.78	173
2290.33	164
2290.88	163
2291.43	161
2291.97	160
2292.52	135
2293.07	164
2293.62	153
2294.16	167
2294.71	171
2295.26	191
2295.8	163
2296.35	162
2296.9	161
2297.44	171
2297.99	167
2298.54	168
2299.08	165
2299.63	166
2300.18	154
2300.72	147
2301.27	157
2301.82	145
2302.36	160
2302.91	164
2303.45	162
2304	178
2304.55	153
2305.09	161
2305.64	150
2306.18	150
2306.73	153
2307.28	155
2307.82	166
2308.37	152
2308.91	144
2309.46	161
2310	135
2310.55	150
2311.09	142
2311.64	148
2312.18	150
2312.73	145
2313.27	148
2313.82	153
2314.36	134
2314.91	152
2315.45	142
2316	150
2316.54	148
2317.09	146
2317.63	144
2318.17	165
2318.72	162
2319.26	154
2319.81	149
2320.35	161
2320.89	146
2321.44	147
2321.98	158
2322.53	160
2323.07	147
2323.61	165
2324.16	157
2324.7	162
2325.24	166
2325.79	163
2326.33	156
2326.87	154
2327.42	174
2327.96	147
2328.5	161
2329.05	141
2329.59	154
2330.13	158
2330.68	139
2331.22	133
2331.76	148
2332.3	132
2332.85	154
2333.39	144
2333.93	148
2334.47	143
2335.02	154
2335.56	148
2336.1	159
2336.64	143
2337.19	148
2337.73	157
2338.27	137
2338.81	151
2339.35	158
2339.89	155
2340.44	141
2340.98	149
2341.52	143
2342.06	128
2342.6	140
2343.14	158
2343.69	134
2344.23	142
2344.77	155
2345.31	132
2345.85	141
2346.39	163
2346.93	127
2347.47	144
2348.01	156
2348.55	121
2349.09	135
2349.64	144
2350.18	145
2350.72	139
2351.26	140
2351.8	143
2352.34	148
2352.88	129
2353.42	155
2353.96	138
2354.5	136
2355.04	157
2355.58	128
2356.12	149
2356.66	143
2357.2	150
2357.74	142
2358.28	125
2358.82	138
2359.36	130
2359.9	139
2360.43	145
2360.97	144
2361.51	133
2362.05	122
2362.59	148
2363.13	152
2363.67	126
2364.21	136
2364.75	139
2365.29	137
2365.82	150
2366.36	135
2366.9	148
2367.44	132
2367.98	136
2368.52	124
2369.06	135
2369.59	125
2370.13	124
2370.67	145
2371.21	131
2371.75	131
2372.28	131
2372.82	129
2373.36	133
2373.9	129
2374.44	130
2374.97	135
2375.51	122
2376.05	129
2376.59	149
2377.12	133
2377.66	134
2378.2	129
2378.73	153
2379.27	134
2379.81	135
2380.35	133
2380.88	118
2381.42	130
2381.96	132
2382.49	120
2383.03	134
2383.57	142
2384.1	131
2384.64	127
2385.18	132
2385.71	126
2386.25	123
2386.78	117
2387.32	136
2387.86	131
2388.39	132
2388.93	125
2389.47	129
2390	133
2390.54	127
2391.07	135
2391.61	123
2392.14	126
2392.68	143
2393.22	148
2393.75	146
2394.29	114
2394.82	132
2395.36	152
2395.89	130
2396.43	134
2396.96	135
2397.5	127
2398.03	133
2398.57	137
2399.1	134
2399.64	131.5
2400.17	129
2400.71	131
2401.24	127
2401.77	140
2402.31	119
2402.84	130
2403.38	128
2403.91	132
2404.45	122
2404.98	126
2405.51	155
2406.05	134
2406.58	138
2407.12	122
2407.65	132
2408.18	139
2408.72	132
2409.25	144
2409.78	142
2410.32	135
2410.85	137
2411.38	128
2411.92	136
2412.45	142
2412.98	115
2413.52	121
2414.05	146
2414.58	141
2415.12	137
2415.65	136
2416.18	133
2416.71	121
2417.25	133
2417.78	126
2418.31	134
2418.84	136
2419.38	140
2419.91	138
2420.44	135
2420.97	131
2421.51	133
2422.04	139
2422.57	140
2423.1	130
2423.63	127
2424.17	136
2424.7	146
2425.23	137
2425.76	134
2426.29	146
2426.82	135
2427.36	143
2427.89	148
2428.42	149
2428.95	155
2429.48	155
2430.01	140
2430.54	141
2431.07	140
2431.61	146
2432.14	154
2432.67	137
2433.2	149
2433.73	157
2434.26	142
2434.79	152
2435.32	142
2435.85	149
2436.38	144
2436.91	156
2437.44	146
2437.97	154
2438.5	155
2439.03	165
2439.56	150
2440.09	170
2440.62	155
2441.15	146
2441.68	145
2442.21	175
2442.74	148
2443.27	151
2443.8	152
2444.33	181
2444.86	160
2445.39	162
2445.92	178
2446.45	167
2446.98	156
2447.51	177
2448.04	174
2448.56	167
2449.09	163
2449.62	182
2450.15	170
2450.68	176
2451.21	165
2451.74	178
2452.27	173
2452.79	183
2453.32	189
2453.85	168
2454.38	194
2454.91	180
2455.44	176
2455.96	178
2456.49	185
2457.02	184
2457.55	194
2458.08	197
2458.6	182
2459.13	188
2459.66	192
2460.19	188
2460.71	187
2461.24	203
2461.77	188
2462.3	203
2462.82	212
2463.35	202
2463.88	204
2464.41	206
2464.93	205
2465.46	215
2465.99	204
2466.51	214
2467.04	207
2467.57	202
2468.09	210
2468.62	215
2469.15	211
2469.67	205
2470.2	219
2470.73	205
2471.25	204
2471.78	207
2472.31	207
2472.83	206
2473.36	218
2473.88	220
2474.41	214
2474.94	200
2475.46	196
2475.99	219
2476.51	226
2477.04	211
2477.56	201
2478.09	192
2478.62	208
2479.14	220
2479.67	207
2480.19	213
2480.72	207
2481.24	226
2481.77	219
2482.29	201
2482.82	209
2483.34	204
2483.87	228
2484.39	195
2484.92	203
2485.44	204
2485.97	210
2486.49	209
2487.01	187
2487.54	200
2488.06	195
2488.59	209
2489.11	213
2489.64	197
2490.16	193
2490.68	184
2491.21	189
2491.73	186
2492.26	189
2492.78	193
2493.3	205
2493.83	199
2494.35	200
2494.87	207
2495.4	201
2495.92	196
2496.45	193
2496.97	194
2497.49	183
2498.01	182
2498.54	185
2499.06	191
2499.58	183
2500.11	178
2500.63	179
2501.15	177
2501.68	185
2502.2	183
2502.72	175
2503.24	186
2503.77	169
2504.29	182
2504.81	165
2505.33	175
2505.86	187
2506.38	172
2506.9	184
2507.42	178
2507.94	165
2508.47	185
2508.99	171
2509.51	172
2510.03	167
2510.55	171
2511.08	156
2511.6	168
2512.12	165
2512.64	165
2513.16	173
2513.68	167
2514.21	173.902
2514.73	155.007
2515.25	169.127
2515.77	165.646
2516.29	149.795
2516.81	161.593
2517.33	159.006
2517.85	166.428
2518.37	143.828
2518.89	142.262
2519.41	168.22
2519.94	153.428
2520.46	160.774
2520.98	155.2
2521.5	155.489
2522.02	155.384
2522.54	151.646
2523.06	159.606
2523.58	150.795
2524.1	156.138
2524.62	156.182
2525.14	158.135
2525.66	143.515
2526.18	160.102
2526.7	162.263
2527.22	147.628
2527.74	159.255
2528.26	146.507
2528.78	151.085
2529.3	146.555
2529.82	154.077
2530.34	146.493
2530.86	149.835
2531.37	152.02
2531.89	162.713
2532.41	154.677
2532.93	155.797
2533.45	153.588
2533.97	146.562
2534.49	142.428
2535.01	150.836
2535.53	158.852
2536.05	143.415
2536.56	150.574
2537.08	153.511
2537.6	139.063
2538.12	154.566
2538.64	151.694
2539.16	153.606
2539.68	149.732
2540.19	162.745
2540.71	157.705
2541.23	162.856
2541.75	153.848
2542.27	150.336
2542.78	148.164
2543.3	158.79
2543.82	150.832
2544.34	151.732
2544.86	152.965
2545.37	159.301
2545.89	163.574
2546.41	170.78
2546.93	153.126
2547.44	158.067
2547.96	154.338
2548.48	152.402
2549	154.104
2549.51	156.743
2550.03	164.003
2550.55	164.099
2551.06	168.195
2551.58	158.029
2552.1	157.286
2552.62	163.601
2553.13	152.888
2553.65	156.052
2554.17	156.643
2554.68	158.55
2555.2	163.641
2555.71	157.385
2556.23	151.605
2556.75	149.325
2557.26	155.555
2557.78	158.6
2558.3	145.671
2558.81	149.023
2559.33	153.265
2559.84	155.196
2560.36	159.745
2560.88	153.584
2561.39	151.862
2561.91	148.464
2562.42	148.931
2562.94	157.118
2563.46	163.895
2563.97	157.015
2564.49	150.634
2565	152.488
2565.52	148.915
2566.03	140.961
2566.55	135.309
2566.87	144
2567.39	153
2567.91	149
2568.42	146
2568.94	153
2569.46	145
2569.98	144
2570.5	143
2571.02	141
2571.53	126
2572.05	123
2572.57	150
2573.09	125
2573.6	157
2574.12	144
2574.64	143
2575.16	138
2575.68	134
2576.19	140
2576.71	136
2577.23	147
2577.75	140
2578.26	134
2578.78	137
2579.3	128
2579.81	136
2580.33	142
2580.85	143
2581.37	153
2581.88	147
2582.4	137
2582.92	159
2583.43	139
2583.95	152
2584.47	146
2584.98	131
2585.5	146
2586.02	139
2586.53	137
2587.05	153
2587.56	160
2588.08	146
2588.6	148
2589.11	142
2589.63	145
2590.14	148
2590.66	162
2591.18	157
2591.69	152
2592.21	153
2592.72	143
2593.24	161
2593.75	147
2594.27	147
2594.78	152
2595.3	154
2595.82	160
2596.33	164
2596.85	155
2597.36	159
2597.88	163
2598.39	148
2598.91	152
2599.42	167
2599.94	146
2600.45	136
2600.97	133
2601.48	159
2601.99	160
2602.51	150
2603.02	136
2603.54	138
2604.05	153
2604.57	158
2605.08	146
2605.59	142
2606.11	137
2606.62	130
2607.14	140
2607.65	140
2608.16	144
2608.68	122
2609.19	140
2609.71	150
2610.22	137
2610.73	150
2611.25	125
2611.76	140
2612.27	130
2612.79	144
2613.3	134
2613.81	119
2614.33	148
2614.84	136
2615.35	117
2615.87	140
2616.38	142
2616.89	134
2617.4	136
2617.92	130
2618.43	130
2618.94	125
2619.46	131
2619.97	138
2620.48	137
2620.99	127
2621.5	137
2622.02	124
2622.53	129
2623.04	128
2623.55	139
2624.07	126
2624.58	141
2625.09	121
2625.6	138
2626.11	149
2626.63	140
2627.14	151
2627.65	132
2628.16	140
2628.67	139
2629.18	129
2629.69	137
2630.21	144
2630.72	140
2631.23	131
2631.74	150
2632.25	147
2632.76	146
2633.27	144
2633.78	139
2634.3	149
2634.81	159
2635.32	151
2635.83	148
2636.34	158
2636.85	168
2637.36	162
2637.87	167
2638.38	156
2638.89	171
2639.4	147
2639.91	158
2640.42	155
2640.93	149
2641.44	165
2641.95	162
2642.46	154
2642.97	169
2643.48	165
2643.99	176
2644.5	149
2645.01	170
2645.52	161
2646.03	155
2646.54	162
2647.05	159
2647.56	143
2648.07	152
2648.58	164
2649.09	172
2649.59	156
2650.1	164
2650.61	165
2651.12	151
2651.63	149
2652.14	147
2652.65	151
2653.16	162
2653.67	148
2654.17	146
2654.68	141
2655.19	137
2655.7	148
2656.21	146
2656.72	140
2657.22	146
2657.73	133
2658.24	157
2658.75	142
2659.26	131
2659.77	150
2660.27	150
2660.78	146
2661.29	144
2661.8	143
2662.3	127
2662.81	149
2663.32	130
2663.83	146
2664.34	148
2664.84	145
2665.35	140
2665.86	142
2666.36	147
2666.87	150
2667.38	141
2667.89	147
2668.39	139
2668.9	136
2669.41	156
2669.91	163
2670.42	141
2670.93	144
2671.43	157
2671.94	158
2672.45	146
2672.95	155
2673.46	167
2673.97	168
2674.47	150
2674.98	151
2675.48	159
2675.99	173
2676.5	152
2677	174
2677.51	170
2678.01	175
2678.52	174
2679.03	170
2679.53	187
2680.04	186
2680.54	198
2681.05	183
2681.55	189
2682.06	180
2682.57	199
2683.07	186
2683.58	208
2684.08	186
2684.59	200
2685.09	187
2685.6	197
2686.1	209
2686.61	200
2687.11	218
2687.62	218
2688.12	189
2688.63	225
2689.13	205
2689.63	230
2690.14	210
2690.64	199
2691.15	221
2691.65	226
2692.16	216
2692.66	211
2693.17	205
2693.67	218
2694.17	219
2694.68	215
2695.18	215
2695.69	231
2696.19	217
2696.69	211
2697.2	215
2697.7	212
2698.2	228
2698.71	230
2699.21	225
2699.71	204
2700.22	228
2700.72	212
2701.22	219
2701.73	217
2702.23	235
2702.73	221
2703.24	229
2703.74	240
2704.24	215
2704.75	236
2705.25	233
2705.75	240
2706.25	240
2706.76	245
2707.26	253
2707.76	241
2708.26	251
2708.77	247
2709.27	275
2709.77	266
2710.27	246
2710.78	249
2711.28	247
2711.78	251
2712.28	262
2712.78	266
2713.29	265
2713.79	260
2714.29	280
2714.79	292
2715.29	273
2715.79	296
2716.3	292
2716.8	283
2717.3	279
2717.8	305
2718.3	302
2718.8	297
2719.3	301
2719.81	319
2720.31	309
2720.81	300
2721.31	319
2721.81	320
2722.31	334
2722.81	337
2723.31	340
2723.81	331
2724.31	348
2724.81	365
2725.31	335
2725.82	377
2726.32	352
2726.82	362
2727.32	350
2727.82	370
2728.32	348
2728.82	344
2729.32	351
2729.82	349
2730.32	369
2730.82	339
2731.32	329
2731.82	345
2732.32	327
2732.82	345
2733.32	342
2733.82	304
2734.31	319
2734.81	306
2735.31	293
2735.81	317
2736.31	307
2736.81	280
2737.31	280
2737.81	283
2738.31	258
2738.81	280
2739.31	262
2739.81	261
2740.3	276
2740.8	281
2741.3	268
2741.8	279
2742.3	247
2742.8	265
2743.3	260
2743.79	255
2744.29	254
2744.79	273
2745.29	264
2745.79	269
2746.29	253
2746.78	270
2747.28	263
2747.78	268
2748.28	271
2748.78	270
2749.27	261
2749.77	261
2750.27	237
2750.77	263
2751.26	265
2751.76	267
2752.26	287
2752.76	265
2753.25	275
2753.75	273
2754.25	278
2754.75	272
2755.24	276
2755.74	281
2756.24	261
2756.73	267
2757.23	263
2757.73	255
2758.22	263
2758.72	285
2759.22	292
2759.72	291
2760.21	288
2760.71	291
2761.2	284
2761.7	286
2762.2	288
2762.69	294
2763.19	304
2763.69	271
2764.18	292
2764.68	294
2765.17	309
2765.67	321
2766.17	310
2766.66	324
2767.16	316
2767.65	328
2768.15	343
2768.65	321
2769.14	336
2769.64	329
2770.13	340
2770.63	334
2771.12	340
2771.62	340
2772.11	342
2772.61	313
2773.1	342
2773.6	324
2774.09	338
2774.59	333
2775.08	311
2775.58	309
2776.07	301
2776.57	307
2777.06	322
2777.56	284
2778.05	286
2778.55	299
2779.04	306
2779.53	278
2780.03	278
2780.52	261
2781.02	257
2781.51	259
2782.01	273
2782.5	254
2782.99	256
2783.49	243
2783.98	243
2784.47	238
2784.97	236
2785.46	243
2785.96	229
2786.45	236
2786.94	248
2787.44	235
2787.93	243
2788.42	215
2788.92	226
2789.41	219
2789.9	247
2790.4	234
2790.89	253
2791.38	210
2791.88	237
2792.37	228
2792.86	216
2793.35	215
2793.85	224
2794.34	224
2794.83	229
2795.33	234
2795.82	243
2796.31	222
2796.8	243
2797.3	253
2797.79	243
2798.28	242
2798.77	239
2799.26	242
2799.76	247
2800.25	241
2800.74	262
2801.23	246
2801.72	252
2802.22	256
2802.71	284
2803.2	262
2803.69	293
2804.18	258
2804.67	274
2805.17	280
2805.66	287
2806.15	292
2806.64	284
2807.13	325
2807.62	326
2808.11	326
2808.6	333
2809.1	339
2809.59	354
2810.08	322
2810.57	354
2811.06	364
2811.55	362
2812.04	343
2812.53	371
2813.02	365
2813.51	399
2814	389
2814.49	396
2814.98	408
2815.47	402
2815.96	409
2816.45	395
2816.94	378
2817.44	416
2817.93	380
2818.42	385
2818.91	403
2819.39	389
2819.88	381
2820.37	361
2820.86	371
2821.35	375
2821.84	388
2822.33	381
2822.82	383
2823.31	385
2823.8	349
2824.29	367
2824.78	384
2825.27	366
2825.76	379
2826.25	368
2826.74	356
2827.23	379
2827.71	364
2828.2	345
2828.69	354
2829.18	362
2829.67	359
2830.16	356
2830.65	359
2831.14	381
2831.62	370
2832.11	371
2832.6	380
2833.09	363
2833.58	370
2834.07	371
2834.55	346
2835.04	387
2835.53	393
2836.02	388
2836.51	393
2836.99	380
2837.48	365
2837.97	405
2838.46	388
2838.95	397
2839.43	399
2839.92	388
2840.41	394
2840.9	387
2841.38	415
2841.87	398
2842.36	410
2842.84	438
2843.33	433
2843.82	435
2844.31	424.5
2844.79	414
2845.28	444
2845.77	433
2846.25	462
2846.74	468
2847.23	480
2847.71	492
2848.2	488
2848.69	501
2849.17	487
2849.66	511
2850.15	525
2850.63	512
2851.12	539
2851.61	548
2852.09	560
2852.58	575
2853.06	566
2853.55	601
2854.04	573
2854.52	580
2855.01	633
2855.49	615
2855.98	611
2856.46	650
2856.95	629
2857.44	653
2857.92	671
2858.41	699
2858.89	683
2859.38	690
2859.86	672
2860.35	692
2860.83	678
2861.32	737
2861.8	732
2862.29	717
2862.77	737
2863.26	743
2863.74	744
2864.23	782
2864.71	779
2865.2	797
2865.68	822
2866.17	818
2866.65	884
2867.14	867
2867.62	908
2868.1	926
2868.59	903
2869.07	959
2869.56	979
2870.04	999
2870.53	1034
2871.01	1060
2871.49	1084
2871.98	1127
2872.46	1141
2872.95	1192
2873.43	1204
2873.91	1253
2874.4	1280
2874.88	1294
2875.36	1343
2875.85	1367
2876.33	1412
2876.81	1436
2877.3	1436
2877.78	1429
2878.26	1477
2878.75	1433
2879.23	1505
2879.71	1487
2880.2	1496
2880.68	1445
2881.16	1523
2881.65	1451
2882.13	1509
2882.61	1408
2883.09	1473
2883.58	1481
2884.06	1460
2884.54	1433
2885.02	1458
2885.51	1437
2885.99	1442
2886.47	1427
2886.95	1442
2887.44	1386
2887.92	1392
2888.4	1413
2888.88	1393
2889.36	1346
2889.85	1380
2890.33	1400
2890.81	1347
2891.29	1405
2891.77	1432
2892.26	1395
2892.74	1358
2893.22	1386
2893.7	1400
2894.18	1379
2894.66	1366
2895.14	1407
2895.63	1369
2896.11	1367
2896.59	1334
2897.07	1370
2897.55	1371
2898.03	1359
2898.51	1357
2898.99	1365
2899.47	1336
2899.95	1290
2900.44	1324
2900.92	1321
2901.4	1304
2901.88	1279
2902.36	1254
2902.84	1309
2903.32	1244
2903.8	1225
2904.28	1234
2904.76	1257
2905.24	1215
2905.72	1211
2906.2	1211
2906.68	1175
2907.16	1187
2907.64	1150
2908.12	1182
2908.6	1181
2909.08	1139
2909.56	1135
2910.04	1168
2910.52	1116
2911	1146
2911.48	1127
2911.96	1120
2912.44	1132
2912.92	1159
2913.39	1141
2913.87	1169
2914.35	1151
2914.83	1188
2915.31	1172
2915.79	1173
2916.27	1173
2916.75	1239
2917.23	1286
2917.71	1237
2918.19	1270
2918.66	1316
2919.14	1355
2919.62	1408
2920.1	1470
2920.58	1527
2921.06	1558
2921.53	1580
2922.01	1639
2922.49	1663
2922.97	1742
2923.45	1865
2923.93	1876
2924.4	1970
2924.88	2020
2925.36	2105
2925.84	2200
2926.32	2274
2926.79	2282
2927.27	2428
2927.75	2331
2928.23	2474
2928.7	2556
2929.18	2522
2929.66	2568
2930.14	2558
2930.61	2539
2931.09	2566
2931.57	2583
2932.05	2603
2932.52	2529
2933	2543
2933.48	2481
2933.95	2425
2934.43	2333
2934.91	2351
2935.38	2285
2935.86	2288
2936.34	2194
2936.81	2105
2937.29	2042
2937.77	2060
2938.24	2011
2938.72	1988
2939.2	1843
2939.67	1913
2940.15	1858
2940.63	1849
2941.1	1780
2941.58	1696
2942.05	1657
2942.53	1659
2943.01	1614
2943.48	1536
2943.96	1497
2944.43	1478
2944.91	1464
2945.39	1408
2945.86	1352
2946.34	1259
2946.81	1262
2947.29	1246
2947.76	1218
2948.24	1169
2948.71	1170
2949.19	1135
2949.66	1081
2950.14	1083
2950.61	1074
2951.09	1017
2951.56	1023
2952.04	948
2952.51	988
2952.99	951
2953.46	939
2953.94	893
2954.41	906
2954.89	888
2955.36	855
2955.84	866
2956.31	850
2956.79	889
2957.26	801
2957.73	835
2958.21	813
2958.68	806
2959.16	783
2959.63	830
2960.11	814
2960.58	801
2961.05	812
2961.53	762
2962	798
2962.48	780
2962.95	788
2963.42	827
2963.9	825
2964.37	844
2964.84	831
2965.32	875
2965.79	837
2966.26	899
2966.74	894
2967.21	883
2967.68	879
2968.16	916
2968.63	941
2969.1	967
2969.58	940
2970.05	950
2970.52	1000
2970.99	973
2971.47	1024
2971.94	1008
2972.41	1016
2972.88	1081
2973.36	1016
2973.83	1034.32
2974.3	1030.98
2974.77	1047.99
2975.25	1075.72
2975.72	1061.59
2976.19	1039.65
2976.66	1024.07
2977.14	1038.5
2977.61	1093.45
2978.08	1037.9
2978.55	1013.47
2979.02	1049.23
2979.5	1032.85
2979.97	1013.64
2980.44	1008.82
2980.91	1009.74
2981.38	966.086
2981.85	962.052
2982.33	994.818
2982.8	964.386
2983.27	938.658
2983.74	940.807
2984.21	924.083
2984.68	886.672
2985.15	864.834
2985.63	821.935
2986.1	809.115
2986.57	790.119
2987.04	796.228
2987.51	766.538
2987.98	739.574
2988.45	734.082
2988.92	700.543
2989.39	691.857
2989.86	680.036
2990.33	671.307
2990.81	661.466
2991.28	653.215
2991.75	607.475
2992.22	604.119
2992.69	583.61
2993.16	580.716
2993.63	546.548
2994.1	540.068
2994.57	547.575
2995.04	525.006
2995.51	491.93
2995.98	496.859
2996.45	494.436
2996.92	477.883
2997.39	470.268
2997.86	461.522
2998.33	442.528
2998.8	457.002
2999.27	427.509
2999.74	440.801
3000.21	423.675
3000.68	428.292
3001.15	417.416
3001.61	397.345
3002.08	385.337
3002.55	405.328
3003.02	386.789
3003.49	384.735
3003.96	387.722
3004.43	382.666
3004.9	373.162
3005.37	381.91
3005.84	357.113
3006.31	363.894
3006.77	374.999
3007.24	363.28
3007.71	354.202
3008.18	362.97
3008.65	351.76
3009.12	362.688
3009.59	362.726
3010.05	348.026
3010.52	337.724
3010.99	338.624
3011.46	356.151
3011.93	361.038
3012.4	339.705
3012.86	326.532
3013.33	340.831
3013.8	347.862
3014.27	349.898
3014.74	349.659
3015.2	352.433
3015.67	353.208
3016.14	335.237
3016.61	337.016
3017.07	337.044
3017.54	336.121
3018.01	365.732
3018.48	349.275
3018.95	331.477
3019.41	344.834
3019.88	354.912
3020.35	352.298
3020.81	345.876
3021.05	350
3021.52	365
3021.99	368
3022.46	341
3022.93	368
3023.4	323
3023.87	361
3024.34	336
3024.81	367
3025.28	352
3025.75	333
3026.22	323
3026.69	358
3027.16	334
3027.63	330
3028.1	327
3028.57	324
3029.04	319
3029.51	331
3029.98	344
3030.44	318
3030.91	314
3031.38	323
3031.85	326
3032.32	307
3032.79	312
3033.26	325
3033.73	320
3034.2	341
3034.67	304
3035.14	311
3035.6	308
3036.07	290
3036.54	303
3037.01	325
3037.48	321
3037.95	304
3038.42	299
3038.89	285
3039.35	303
3039.82	289
3040.29	277
3040.76	288
3041.23	277
3041.7	283
3042.16	282
3042.63	292
3043.1	276
3043.57	279
3044.04	282
3044.5	297
3044.97	271
3045.44	283
3045.91	282
3046.37	274
3046.84	268
3047.31	279
3047.78	262
3048.24	275
3048.71	263
3049.18	273
3049.65	283
3050.11	258
3050.58	275
3051.05	294
3051.52	285
3051.98	291
3052.45	272
3052.92	285
3053.38	288
3053.85	279
3054.32	276
3054.78	274
3055.25	278
3055.72	283
3056.18	307
3056.65	304
3057.12	291
3057.58	290
3058.05	303
3058.52	295
3058.98	286
3059.45	314
3059.91	304
3060.38	309
3060.85	305
3061.31	327
3061.78	338
3062.25	297
3062.71	327
3063.18	310
3063.64	310
3064.11	331
3064.57	317
3065.04	328
3065.5	329
3065.97	327
3066.44	337
3066.9	303
3067.37	331
3067.83	330
3068.3	315
3068.76	324
3069.23	323
3069.69	314
3070.16	330
3070.62	346
3071.09	342
3071.55	325
3072.02	321
3072.48	332
3072.95	317
3073.41	326
3073.88	318
3074.34	301
3074.8	303
3075.27	315
3075.73	301
3076.2	314
3076.66	314
3077.13	330
3077.59	332
3078.06	313
3078.52	305
3078.98	310
3079.45	305
3079.91	316
3080.38	315
3080.84	298
3081.3	275
3081.77	316
3082.23	296
3082.69	304
3083.16	296
3083.62	299
3084.09	303
3084.55	292
3085.01	282
3085.48	311
3085.94	304
3086.4	301
3086.87	311
3087.33	305
3087.79	291
3088.26	297
3088.72	303
3089.18	285
3089.64	300
3090.11	292
3090.57	296
3091.03	302
3091.5	309
3091.96	291
3092.42	278
3092.88	278
3093.35	291
3093.81	282
3094.27	299
3094.73	285
3095.19	321
3095.66	301
3096.12	297
3096.58	302
3097.04	274
3097.51	298
3097.97	313
3098.43	315
3098.89	300
3099.35	312
3099.82	303
3100.28	325
3100.74	279
3101.2	325
3101.66	302
3102.12	295
3102.59	313
3103.05	336
3103.51	326
3103.97	311
3104.43	323
3104.89	291
3105.35	324
3105.81	318
3106.28	321
3106.74	316
3107.2	332
3107.66	318
3108.12	323
3108.58	305
3109.04	312
3109.5	322
3109.96	323
3110.42	306
3110.88	329
3111.34	328
3111.8	325
3112.26	327
3112.73	286
3113.19	308
3113.65	297
3114.11	327
3114.57	318
3115.03	315
3115.49	313
3115.95	292
3116.41	295
3116.87	288
3117.33	300
3117.79	303
3118.25	303
3118.71	321
3119.17	305
3119.63	294
3120.09	292
3120.55	305
3121	299
3121.46	293
3121.92	300
3122.38	282
3122.84	294
3123.3	272
3123.76	264
3124.22	280
3124.68	306
3125.14	286
3125.6	288
3126.06	288
3126.51	279
3126.97	291
3127.43	274
3127.89	279
3128.35	285
3128.81	283
3129.27	278
3129.73	259
3130.18	281
3130.64	261
3131.1	284
3131.56	272
3132.02	274
3132.48	282
3132.93	266
3133.39	286
3133.85	273
3134.31	281
3134.77	262
3135.22	253
3135.68	277
3136.14	266
3136.6	259
3137.06	307
3137.51	286
3137.97	275
3138.43	295
3138.89	281
3139.34	297
3139.8	308
3140.26	272
3140.72	282
3141.17	277
3141.63	289
3142.09	284
3142.54	285
3143	299
3143.46	301
3143.91	315
3144.37	291
3144.83	276
3145.29	292
3145.74	293
3146.2	271
3146.66	289
3147.11	291
3147.57	322
3148.03	319
3148.48	279
3148.94	310
3149.39	307
3149.85	301
3150.31	299
3150.76	313
3151.22	324
3151.68	318
3152.13	317
3152.59	310
3153.04	319
3153.5	318
3153.96	331
3154.41	301
3154.87	322
3155.32	307
3155.78	329
3156.23	341
3156.69	325
3157.15	292
3157.6	311
3158.06	319
3158.51	315
3158.97	322
3159.42	319
3159.88	295
3160.33	314
3160.79	322
3161.24	326
3161.7	334
3162.15	326
3162.61	313
3163.06	298
3163.52	297
3163.97	299
3164.43	312
3164.88	318
3165.34	279
3165.79	297
3166.25	316
3166.7	296
3167.16	314
3167.61	289
3168.06	276
3168.52	294
3168.97	314
3169.43	304
3169.88	285
3170.34	303
3170.79	308
3171.24	298
3171.7	294
3172.15	290
3172.6	289
3173.06	282
3173.51	285
3173.97	283
3174.42	276
3174.87	270
3175.33	288
3175.78	283
3176.23	272
3176.69	292
3177.14	288
3177.59	292
3178.05	278
3178.5	278
3178.95	294
3179.41	290
3179.86	271
3180.31	281
3180.77	267
3181.22	291
3181.67	292
3182.12	299
3182.58	269
3183.03	278
3183.48	282
3183.93	264
3184.39	296
3184.84	283
3185.29	291
3185.75	275
3186.2	275
3186.65	293
3187.1	299
3187.55	292
3188.01	263
3188.46	293
3188.91	263
3189.36	298
3189.81	315
3190.27	297
3190.72	308
3191.17	293
3191.62	285
3192.07	292
3192.53	282
3192.98	310
3193.43	283
3193.88	287
3194.33	316
3194.78	304
3195.23	300
3195.69	308
3196.14	304
3196.59	289
3197.04	305
3197.49	306
3197.94	319
3198.39	283
3198.84	338
3199.3	307
3199.75	317
3200.2	301
3200.65	309
3201.1	320
3201.55	308
3202	331
3202.45	310
3202.9	300
3203.35	320
3203.8	302
3204.25	297
3204.7	297
3205.15	304
3205.6	304
3206.05	306
3206.5	305
3206.95	292
3207.4	314
3207.85	305
3208.3	304
3208.75	308
3209.2	305
3209.65	290
3210.1	305
3210.55	282
3211	299
3211.45	294
3211.9	297
3212.35	287
3212.8	298
3213.25	310
3213.7	303
3214.15	304
3214.6	294
3215.05	304
3215.5	273
3215.95	310
3216.4	285
3216.84	292
3217.29	285
3217.74	316
3218.19	292
3218.64	285
3219.09	282
3219.54	290
3219.99	302
3220.43	281
3220.88	275
3221.33	286
3221.78	279
3222.23	270
3222.68	290
3223.13	289
3223.57	290
3224.02	283
3224.47	293
3224.92	264
3225.37	291
3225.81	290
3226.26	291
3226.71	301
3227.16	288
3227.61	273
3228.05	287
3228.5	288
3228.95	281
3229.4	288
3229.84	271
3230.29	293
3230.74	281
3231.19	276
3231.64	288
3232.08	302
3232.53	296
3232.98	292
3233.42	282
3233.87	282
3234.32	303
3234.76	284
3235.21	282
3235.66	291
3236.11	293
3236.55	283
3237	265
3237.45	266
3237.89	281
3238.34	281
3238.79	265
3239.23	266
3239.68	282
3240.13	298
3240.57	264
3241.02	285
3241.47	297
3241.91	272
3242.36	296
3242.81	294
3243.25	267
3243.7	300
3244.14	264
3244.59	269
3245.03	281
3245.48	285
3245.93	269
3246.37	263
3246.82	290
3247.26	279
3247.71	276
3248.16	267
3248.6	257
3249.05	235
3249.49	253
3249.94	268
3250.38	257
3250.83	274
3251.27	260
3251.72	258
3252.16	247
3252.61	283
3253.05	281
3253.5	253
3253.94	279
3254.39	272
3254.83	280
3255.28	258
3255.72	241
3256.17	270
3256.61	263
3257.06	257
3257.5	252
3257.95	258
3258.39	261
3258.84	277
3259.28	249
3259.72	263
3260.17	248
3260.61	263
3261.06	257
3261.5	251
3261.95	248
3262.39	254
3262.83	260
3263.28	254
3263.72	246
3264.17	274
3264.61	256
3265.05	238
3265.5	248
3265.94	249
3266.38	242
3266.83	252
3267.27	250
3267.72	240
3268.16	257
3268.6	264
3269.05	256
3269.49	244
3269.93	247
3270.38	275
3270.82	246
3271.26	255
3271.71	257
3272.15	274
3272.59	272
3273.03	247
3273.48	257.5
3273.92	268
3274.36	264
3274.81	241
3275.25	250
3275.69	260
3276.13	281
3276.58	246
3277.02	261
3277.46	245
3277.9	276
3278.34	247
3278.79	260
3279.23	256
3279.67	251
3280.11	261
3280.56	269
3281	265
3281.44	265
3281.88	239
3282.32	261
3282.77	262
3283.21	257
3283.65	253
3284.09	247
3284.53	268
3284.98	254
3285.42	242
3285.86	252
3286.3	238
3286.74	256
3287.18	232
3287.62	243
3288.06	250
3288.51	253
3288.95	248
3289.39	216
3289.83	234
3290.27	232
3290.71	262
3291.15	224
3291.59	219
3292.03	234
3292.48	236
3292.92	245
3293.36	235
3293.8	230
3294.24	225
3294.68	221
3295.12	232
3295.56	232
3296	221
3296.44	235.5
3296.88	250
3297.32	221
3297.76	230
3298.2	217
3298.64	223
3299.08	234
3299.52	207
3299.96	223
3300.4	210
3300.84	220
3301.28	243
3301.72	216
3302.16	203
3302.6	219
3303.04	225
3303.48	218
3303.92	238
3304.36	204
3304.8	222
3305.24	215
3305.68	218
3306.12	218
3306.56	236
3307	222
3307.44	201
3307.87	227
3308.31	219
3308.75	218
3309.19	221
3309.63	220
3310.07	227
3310.51	216
3310.95	210
3311.39	218
3311.82	226
3312.26	223
3312.7	222
3313.14	248
3313.58	234
3314.02	233
3314.46	214
3314.89	219
3315.33	228
3315.77	237
3316.21	226
3316.65	216
3317.09	221
3317.52	233
3317.96	220
3318.4	224
3318.84	248
3319.28	251
3319.71	237
3320.15	246
3320.59	233
3321.03	238
3321.46	231
3321.9	240
3322.34	244
3322.78	220
3323.22	240
3323.65	236
3324.09	234
3324.53	207
3324.96	228
3325.4	234
3325.84	223
3326.28	237
3326.71	224
3327.15	234
3327.59	238
3328.02	239
3328.46	224
3328.9	233
3329.33	223
3329.77	229
3330.21	222
3330.65	222
3331.08	220
3331.52	250
3331.95	238
3332.39	209
3332.83	229
3333.26	220
3333.7	258
3334.14	219
3334.57	215
3335.01	213
3335.44	215
3335.88	224
3336.32	211
3336.75	210
3337.19	208
3337.63	232
3338.06	218
3338.5	216
3338.93	221
3339.37	216
3339.8	218
3340.24	203
3340.68	181
3341.11	222
3341.55	211
3341.98	207
3342.42	205
3342.85	199
3343.29	209
3343.72	236
3344.16	218
3344.59	209
3345.03	218
3345.46	193
3345.9	187
3346.33	203
3346.77	206
3347.2	189
3347.64	205
3348.07	190
3348.51	203
3348.94	198
3349.38	209
3349.81	189
3350.25	202
3350.68	208
3351.12	197
3351.55	206
3351.99	205
3352.42	197
3352.85	216
3353.29	200
3353.72	198
3354.16	209
3354.59	222
3355.02	204
3355.46	204
3355.89	206
3356.33	211
3356.76	204
3357.19	203
3357.63	203
3358.06	212
3358.49	195
3358.93	200
3359.36	206
3359.8	209
3360.23	208
3360.66	198
3361.1	218
3361.53	208
3361.96	215
3362.4	209
3362.83	197
3363.26	212
3363.7	207
3364.13	211
3364.56	219
3364.99	224
3365.43	221
3365.86	206
3366.29	232
3366.73	205
3367.16	210
3367.59	219
3368.02	207
3368.46	231
3368.89	226
3369.32	206
3369.75	199
3370.19	212
3370.62	204
3371.05	223
3371.48	231
3371.92	185
3372.35	208
3372.78	226
3373.21	206
3373.64	226
3374.08	211
3374.51	214
3374.94	211
3375.37	190
3375.8	215
3376.24	219
3376.67	211
3377.1	201
3377.53	223
3377.96	192
3378.39	197
3378.82	205
3379.26	180
3379.69	197
3380.12	226
3380.55	210
3380.98	208
3381.41	198
3381.84	217
3382.28	209
3382.71	224
3383.14	207
3383.57	214
3384	217
3384.43	192
3384.86	189
3385.29	196
3385.72	207
3386.15	215
3386.58	214
3387.02	204
3387.45	200
3387.88	201
3388.31	213
3388.74	198
3389.17	197
3389.6	189
3390.03	194
3390.46	200
3390.89	195.142
3391.32	207.038
3391.75	200.273
3392.18	189.136
3392.61	200.227
3393.04	216.385
3393.47	211.286
3393.9	194.621
3394.33	198.865
3394.76	216.217
3395.19	194.574
3395.62	193.191
3396.05	215.691
3396.48	201.88
3396.91	214.97
3397.34	200.629
3397.76	205.004
3398.19	206.195
3398.62	194.28
3399.05	199.473
3399.48	198.972
3399.91	193.672
3400.34	201.311
3400.77	184.932
3401.2	197.789
3401.63	218.47
3402.06	202.979
3402.49	198.532
3402.91	204.427
3403.34	220.863
3403.77	199.861
3404.2	204.864
3404.63	200.037
3405.06	190.059
3405.49	201.586
3405.92	205.017
3406.34	201.168
3406.77	198.586
3407.2	201.203
3407.63	195.979
3408.06	208.874
3408.49	203.235
3408.91	196.09
3409.34	206.088
3409.77	204.478
3410.2	213.207
3410.63	207.109
3411.05	206.783
3411.48	202.523
3411.91	211.013
3412.34	210.902
3412.77	204.751
3413.19	195.707
3413.62	200.344
3414.05	208.19
3414.48	215.49
3414.9	199.983
3415.33	211.704
3415.76	201.466
3416.19	197.618
3416.61	206.879
3417.04	196.626
3417.47	198.137
3417.9	193.581
3418.32	204.857
3418.75	202.896
3419.18	198.865
3419.61	203.981
3420.03	201.414
3420.46	203.873
3420.89	203.997
3421.31	208.356
3421.74	193.242
3422.17	200.923
3422.59	202.741
3423.02	195.142
3423.45	201.15
3423.87	201.738
3424.3	192.299
3424.73	174.452
3425.15	189.784
3425.58	195.909
3426.01	204.136
3426.43	204.706
3426.86	200.704
3427.28	201.071
3427.71	194.313
3428.14	187.818
3428.56	198.026
3428.99	189.767
3429.42	190.47
3429.84	194.942
3430.27	179.751
3430.69	194.529
3431.12	198.256
3431.54	194.866
3431.97	186.365
3432.4	205.776
3432.82	187.957
3433.25	194.926
3433.67	201.312
3434.1	186.142
3434.52	195
3434.95	187
3435.37	182
3435.8	181
3436.23	190
3436.66	189
3437.09	186
3437.51	195
3437.94	202
3438.37	194
3438.8	199
3439.23	178
3439.66	181
3440.08	199
3440.51	202
3440.94	192
3441.37	191
3441.79	190
3442.22	196
3442.65	209
3443.08	178
3443.51	187
3443.93	198
3444.36	185
3444.79	193
3445.22	189
3445.64	170
3446.07	204
3446.5	181
3446.92	190
3447.35	189
3447.78	198
3448.21	176
3448.63	191
3449.06	195
3449.49	182
3449.91	194
3450.34	190
3450.77	180
3451.19	188
3451.62	187
3452.05	182
3452.47	183
3452.9	185
3453.33	175
3453.75	172
3454.18	186
3454.61	182
3455.03	178
3455.46	195
3455.89	168
3456.31	194
3456.74	180
3457.16	170
3457.59	173
3458.02	177
3458.44	206
3458.87	180
3459.29	170
3459.72	174
3460.15	178
3460.57	183
3461	173
3461.42	176
3461.85	179
3462.27	177
3462.7	177
3463.13	173
3463.55	189
3463.98	184
3464.4	178
3464.83	173
3465.25	173
3465.68	163
3466.1	185
3466.53	197
3466.95	179
3467.38	181
3467.8	161
3468.23	165
3468.65	178
3469.08	155
3469.5	182
3469.93	164
3470.35	169
3470.78	178
3471.2	165
3471.63	173
3472.05	176
3472.48	175
3472.9	166
3473.32	165
3473.75	162
3474.17	185
3474.6	174
3475.02	169
3475.45	182
3475.87	167
3476.29	157
3476.72	165
3477.14	167
3477.57	169
3477.99	168
3478.41	166
3478.84	183
3479.26	159
3479.69	171
3480.11	182
3480.53	180
3480.96	177
3481.38	181
3481.8	182
3482.23	168
3482.65	189
3483.07	173
3483.5	169
3483.92	168
3484.34	167
3484.77	175
3485.19	181
3485.61	179
3486.04	168
3486.46	169
3486.88	168
3487.31	172
3487.73	166
3488.15	186
3488.57	160
3489	156
3489.42	156
3489.84	170
3490.27	175
3490.69	162
3491.11	152
3491.53	167
3491.96	184
3492.38	166
3492.8	163
3493.22	185
3493.64	162
3494.07	161
3494.49	143
3494.91	165
3495.33	160
3495.76	158
3496.18	156
3496.6	167
3497.02	160
3497.44	158
3497.86	149
3498.29	153
3498.71	166
3499.13	156
3499.55	158
3499.97	150
3500.4	176
3500.82	156
3501.24	151
3501.66	154
3502.08	149
3502.5	153
3502.92	163
3503.34	165
3503.77	148
3504.19	147
3504.61	176
3505.03	147
3505.45	142
3505.87	151
3506.29	157
3506.71	155
3507.14	147
3507.56	158
3507.98	146
3508.4	146
3508.82	160
3509.24	161
3509.66	153
3510.08	181
3510.5	147
3510.92	149
3511.34	150
3511.76	155
3512.18	143
3512.6	156
3513.02	150
3513.44	165
3513.86	159
3514.28	160
3514.7	167
3515.12	151
3515.54	172
3515.96	141
3516.38	164
3516.8	162
3517.22	157
3517.64	147
3518.06	151
3518.48	156
3518.9	144
3519.32	145
3519.74	156
3520.16	164
3520.58	158
3521	172
3521.42	170
3521.84	154
3522.26	173
3522.68	181
3523.09	178
3523.51	162
3523.93	170
3524.35	158
3524.77	157
3525.19	170
3525.61	166
3526.03	177
3526.45	167
3526.87	152
3527.28	162
3527.7	146
3528.12	162
3528.54	180
3528.96	171
3529.38	161
3529.8	176
3530.21	160
3530.63	166
3531.05	160
3531.47	154
3531.89	166
3532.31	150
3532.72	154
3533.14	141
3533.56	150
3533.98	149
3534.4	134
3534.81	143
3535.23	174
3535.65	151
3536.07	144
3536.49	157
3536.9	145
3537.32	147
3537.74	139
3538.16	155
3538.57	150
3538.99	144
3539.41	157
3539.83	136
3540.24	131
3540.66	140
3541.08	115
3541.5	133
3541.91	140
3542.33	151
3542.75	142
3543.16	138
3543.58	124
3544	141
3544.42	122
3544.83	145
3545.25	137
3545.67	137
3546.08	142
3546.5	132
3546.92	133
3547.33	141
3547.75	138
3548.17	138
3548.58	131
3549	143
3549.41	135
3549.83	150
3550.25	136
3550.66	131
3551.08	137
3551.5	127
3551.91	138
3552.33	130
3552.74	148
3553.16	122
3553.58	148
3553.99	143
3554.41	137
3554.82	127
3555.24	128
3555.66	142
3556.07	149
3556.49	135
3556.9	148
3557.32	157
3557.73	150
3558.15	157
3558.57	138
3558.98	138
3559.4	152
3559.81	136
3560.23	150
3560.64	156
3561.06	161
3561.47	146
3561.89	145
3562.3	155
3562.72	154
3563.13	150
3563.55	153
3563.96	150
3564.38	157
3564.79	145
3565.21	165
3565.62	145
3566.04	141
3566.45	153
3566.86	143
3567.28	160
3567.69	167
3568.11	170
3568.52	167
3568.94	177
3569.35	159
3569.77	155
3570.18	153
3570.59	167
3571.01	170
3571.42	158
3571.84	164
3572.25	161
3572.66	161
3573.08	169
3573.49	146
3573.91	147
3574.32	156
3574.73	162
3575.15	148
3575.56	142
3575.97	151
3576.39	143
3576.8	142
3577.22	153
3577.63	157
3578.04	129
3578.46	141
3578.87	155
3579.28	152
3579.7	138
3580.11	156
3580.52	137
3580.93	127
3581.35	127
3581.76	123
3582.17	135
3582.59	118
3583	149
3583.41	114
3583.83	134
3584.24	126
3584.65	126
3585.06	136
3585.48	113
3585.89	118
3586.3	121
3586.71	126
3587.13	128
3587.54	133
3587.95	124
3588.36	117
3588.78	116
3589.19	110
3589.6	119
3590.01	113
3590.42	123
3590.84	127
3591.25	112
3591.66	116
3592.07	118
3592.48	118
3592.9	125
3593.31	108
3593.72	110
3594.13	112
3594.54	120
3594.95	106
3595.37	102
3595.78	115
3596.19	122
3596.6	120
3597.01	129
3597.42	131
3597.84	130
3598.25	138
3598.66	123
3599.07	129
3599.48	107
3599.89	117
3600.3	132
3600.71	134
3601.12	140
3601.53	137
3601.95	131
3602.36	136
3602.77	136
3603.18	136
3603.59	131
3604	124
3604.41	136
3604.82	144
3605.23	137
3605.64	127
3606.05	138
3606.46	150
3606.87	139
3607.28	142
3607.69	158
3608.1	151
3608.51	151
3608.93	154
3609.33	162
3609.74	158
3610.15	150
3610.56	142
3610.97	146
3611.38	159
3611.79	159
3612.2	157
3612.61	171
3613.02	164
3613.43	165
3613.84	143
3614.25	155
3614.66	145
3615.07	144
3615.48	165
3615.89	155
3616.3	146
3616.71	164
3617.12	154
3617.53	177
3617.94	170
3618.35	153
3618.76	150
3619.16	151
3619.57	152
3619.98	134
3620.39	171
3620.8	151
3621.21	146
3621.62	152
3622.03	149
3622.44	125
3622.84	143
3623.25	133
3623.66	131
3624.07	150
3624.48	130
3624.89	150
3625.3	134
3625.7	138
3626.11	129
3626.52	119
3626.93	142
3627.34	118
3627.75	131
3628.15	118
3628.56	125
3628.97	124
3629.38	123
3629.79	116
3630.19	128
3630.6	108
3631.01	123
3631.42	116
3631.83	133
3632.23	121
3632.64	119
3633.05	132
3633.46	129
3633.86	112
3634.27	109
3634.68	121
3635.09	115
3635.49	117
3635.9	112
3636.31	127
3636.72	118
3637.12	127
3637.53	114
3637.94	135
3638.34	120
3638.75	110
3639.16	119
3639.56	133
3639.97	131
3640.38	114
3640.79	127
3641.19	110
3641.6	108
3642.01	123
3642.41	135
3642.82	128
3643.23	127
3643.63	123
3644.04	125
3644.45	127
3644.85	148
3645.26	150
3645.66	133
3646.07	142
3646.48	136
3646.88	133
3647.29	133
3647.69	148
3648.1	136
3648.51	142
3648.91	137
3649.32	138
3649.73	147
3650.13	144
3650.54	145
3650.94	145
3651.35	151
3651.75	149
3652.16	133
3652.57	150
3652.97	145
3653.38	141
3653.78	147
3654.19	149
3654.59	166
3655	163
3655.4	152
3655.81	161
3656.21	160
3656.62	161
3657.02	161
3657.43	151
3657.83	167
3658.24	150
3658.64	168
3659.05	160
3659.45	153
3659.86	152
3660.26	168
3660.67	145
3661.07	152
3661.48	146
3661.88	163
3662.29	134
3662.69	144
3663.1	154
3663.5	154
3663.9	146
3664.31	143.5
3664.71	141
3665.12	145
3665.52	148
3665.93	156
3666.33	166
3666.73	148
3667.14	144
3667.54	131
3667.95	142
3668.35	148
3668.75	136
3669.16	130
3669.56	136
3669.97	131
3670.37	124
3670.77	155
3671.18	133
3671.58	125
3671.98	135
3672.39	139
3672.79	128
3673.19	124
3673.6	126
3674	140
3674.4	135
3674.81	146
3675.21	113
3675.61	120
3676.02	125
3676.42	124
3676.82	128
3677.23	134
3677.63	138
3678.03	132
3678.44	116
3678.84	145
3679.24	130
3679.64	128
3680.05	136
3680.45	147
3680.85	130
3681.25	139
3681.66	128
3682.06	145
3682.46	130
3682.86	139
3683.27	131
3683.67	148
3684.07	140
3684.47	134
3684.88	123
3685.28	136.5
3685.68	150
3686.08	142
3686.48	157
3686.89	149
3687.29	148
3687.69	152
3688.09	139
3688.49	151
3688.9	144
3689.3	155
3689.7	148
3690.1	157
3690.5	149
3690.9	146
3691.3	147
3691.71	158
3692.11	149
3692.51	158
3692.91	151
3693.31	166
3693.71	165
3694.11	161
3694.52	153
3694.92	163
3695.32	173
3695.72	164
3696.12	161
3696.52	173
3696.92	181
3697.32	179
3697.72	173
3698.13	161
3698.53	168
3698.93	164
3699.33	171
3699.73	165
3700.13	152
3700.53	163
3700.93	156
3701.33	164
3701.73	144
3702.13	148
3702.53	136
3702.93	147
3703.33	127
3703.73	136
3704.13	140
3704.53	127
3704.93	137
3705.33	142
3705.73	137
3706.13	135
3706.53	121
3706.93	145
3707.33	122
3707.73	121
3708.13	127
3708.53	125
3708.93	131
3709.33	109
3709.73	117
3710.13	117
3710.53	115
3710.93	111
3711.33	111
3711.73	117
3712.13	114
3712.53	114
3712.93	111
3713.33	112
3713.73	114
3714.12	111
3714.52	102
3714.92	110
3715.32	109
3715.72	111
3716.12	106
3716.52	121
3716.92	120
3717.32	107
3717.71	113
3718.11	109
3718.51	111
3718.91	107
3719.31	101
3719.71	107
3720.11	111
3720.51	117
3720.9	110
3721.3	117
3721.7	116
3722.1	125
3722.5	108
3722.89	121
3723.29	117
3723.69	114
3724.09	105
3724.49	121
3724.89	124
3725.28	118
3725.68	116
3726.08	117
3726.48	125
3726.88	132
3727.27	136
3727.67	129
3728.07	119
3728.47	119
3728.86	108
3729.26	132
3729.66	125
3730.06	129
3730.45	133
3730.85	126
3731.25	127
3731.65	127
3732.04	146
3732.44	139
3732.84	139
3733.23	147
3733.63	146
3734.03	145
3734.43	141
3734.82	157
3735.22	133
3735.62	155
3736.01	161
3736.41	151
3736.81	163
3737.2	174
3737.6	145
3738	147
3738.39	158
3738.79	151
3739.19	146
3739.58	163
3739.98	164
3740.38	143
3740.77	179
3741.17	162
3741.57	158
3741.96	145
3742.36	175
3742.75	158
3743.15	176
3743.55	176
3743.94	151
3744.34	157
3744.74	151
3745.13	180
3745.53	146
3745.92	165
3746.32	154
3746.71	160
3747.11	154
3747.51	180
3747.9	146
3748.3	164
3748.69	158
3749.09	138
3749.48	155
3749.88	150
3750.27	146
3750.67	136
3751.06	144
3751.46	135
3751.86	150
3752.25	142
3752.65	144
3753.04	141
3753.44	147
3753.83	128
3754.23	145
3754.62	145
3755.02	135
3755.41	132
3755.81	128
3756.2	134
3756.6	137
3756.99	137
3757.38	122
3757.78	135
3758.17	129
3758.57	126
3758.96	130
3759.36	129
3759.75	126
3760.15	132
3760.54	131
3760.93	141
3761.33	139
3761.72	124
3762.12	143
3762.51	125
3762.9	120
3763.3	151
3763.69	144
3764.09	125
3764.48	133
3764.88	147
3765.27	151
3765.66	139
3766.06	142
3766.45	158
3766.84	144
3767.24	149
3767.63	157
3768.02	153
3768.42	147
3768.81	170
3769.2	147
3769.6	167
3769.99	165
3770.39	160
3770.78	163
3771.17	171
3771.56	148
3771.96	155
3772.35	174.015
3772.74	153.228
3773.14	177.911
3773.53	170.305
3773.92	175.782
3774.31	167.867
3774.71	172.969
3775.1	168.632
3775.49	170.204
3775.89	167.33
3776.28	168.786
3776.67	185.924
3777.06	153.638
3777.46	181.016
3777.85	161.361
3778.24	179.638
3778.63	167.608
3779.03	172.952
3779.42	162.215
3779.81	178.199
3780.2	182.241
3780.6	167.918
3780.99	165.144
3781.38	164.117
3781.77	172.595
3782.16	159.694
3782.56	170.472
3782.95	161.348
3783.34	154.042
3783.73	165.35
3784.12	156.236
3784.52	162.232
3784.91	143.663
3785.3	157.151
3785.69	144.08
3786.08	133.564
3786.47	140.353
3786.87	143.205
3787.26	138.584
3787.65	136.596
3788.04	144.231
3788.43	137.214
3788.82	130.707
3789.21	130.168
3789.61	127.787
3790	127.142
3790.39	127.54
3790.78	119.706
3791.17	125.895
3791.56	121.166
3791.95	124.485
3792.34	114.91
3792.73	111.908
3793.13	115.698
3793.52	117.428
3793.91	112.775
3794.3	117.288
3794.69	110.005
3795.08	117.038
3795.47	112.195
3795.86	114.3
3796.25	112.797
3796.64	114.52
3797.03	111.165
3797.42	110.837
3797.81	105.639
3798.2	108.919
3798.59	114.037
3798.98	115.8
3799.38	112.383
3799.77	109.263
3800.16	105.712
3800.55	101.333
3800.94	115.93
3801.33	108.374
3801.72	105.561
3802.11	107.295
3802.5	108.673
3802.89	112.817
3803.28	111.176
3803.67	121.025
3804.06	119.04
3804.45	120.4
3804.83	113.006
3805.22	117.525
3805.61	114.145
3806	115.475
3806.39	118.965
3806.78	126.837
3807.17	131.694
3807.56	133.19
3807.95	121.313
3808.34	129.334
3808.73	137.8
3809.12	125.689
3809.51	138.301
3809.9	129.769
3810.29	134.848
3810.68	132.176
3811.07	142.866
3811.45	137
3811.84	149
3812.23	154
3812.63	135
3813.02	154
3813.41	143
3813.8	148
3814.19	146
3814.58	152
3814.98	151
3815.37	153
3815.76	149
3816.15	143
3816.54	154
3816.93	162
3817.32	149
3817.71	161
3818.11	156
3818.5	166
3818.89	160
3819.28	174
3819.67	167
3820.06	164
3820.45	171
3820.84	175
3821.23	166
3821.63	159
3822.02	177
3822.41	166
3822.8	161
3823.19	167
3823.58	153
3823.97	165
3824.36	139
3824.75	149
3825.14	156
3825.53	163
3825.92	148
3826.31	149
3826.7	163
3827.09	147
3827.48	138
3827.87	148
3828.26	148
3828.66	144
3829.04	133
3829.44	150
3829.83	126
3830.22	146
3830.61	149
3830.99	152
3831.39	126
3831.78	142
3832.16	129
3832.55	119
3832.94	114
3833.33	120
3833.72	125
3834.11	146
3834.5	120
3834.89	113
3835.28	119
3835.67	125
3836.06	106
3836.45	119
3836.84	135
3837.23	115
3837.62	115
3838.01	115
3838.4	109
3838.79	116
3839.17	114
3839.56	109
3839.95	103
3840.34	106
3840.73	101
3841.12	117
3841.51	129
3841.9	121
3842.29	102
3842.67	106
3843.06	117
3843.45	118
3843.84	103
3844.23	113
3844.62	124
3845.01	130
3845.4	122
3845.78	114
3846.17	127
3846.56	119
3846.95	118
3847.34	136
3847.72	132
3848.11	122
3848.5	131
3848.89	136
3849.28	130
3849.67	127
3850.05	138
3850.44	144
3850.83	150
3851.22	138
3851.61	142
3851.99	135
3852.38	142
3852.77	143
3853.16	155
3853.54	157
3853.93	150
3854.32	154
3854.71	141
3855.09	145
3855.48	163
3855.87	166
3856.26	177
3856.64	160
3857.03	179
3857.42	159
3857.81	159
3858.19	174
3858.58	182
3858.97	178
3859.35	180
3859.74	183
3860.13	165
3860.51	167
3860.9	167
3861.29	165
3861.67	182
3862.06	158
3862.45	176
3862.84	173
3863.22	157
3863.61	180
3864	167
3864.38	169
3864.77	173
3865.16	157
3865.54	172
3865.93	167
3866.31	169
3866.7	173
3867.09	165
3867.47	150
3867.86	170
3868.25	159
3868.63	150
3869.02	136
3869.4	172
3869.79	154
3870.18	149
3870.56	149
3870.95	135
3871.33	154
3871.72	130
3872.1	153
3872.49	135
3872.88	130
3873.26	127
3873.65	135
3874.03	128
3874.42	128
3874.8	119
3875.19	115
3875.57	113
3875.96	113
3876.35	128
3876.73	121
3877.12	125
3877.5	116
3877.89	125
3878.27	134
3878.66	104
3879.04	113
3879.43	119
3879.81	105
3880.2	105
3880.58	120
3880.97	116
3881.35	112
3881.74	112
3882.12	126
3882.51	111
3882.89	100
3883.27	96
3883.66	112
3884.04	108
3884.43	124
3884.81	111
3885.2	129
3885.58	118
3885.97	116
3886.35	138
3886.73	114
3887.12	109
3887.5	123
3887.89	120
3888.27	115
3888.65	113
3889.04	127
3889.42	129
3889.81	133
3890.19	123
3890.57	130
3890.96	131
3891.34	136
3891.73	141
3892.11	134
3892.49	143
3892.88	142
3893.26	153
3893.64	134
3894.03	155
3894.41	154
3894.79	145
3895.18	151
3895.56	166
3895.94	156
3896.33	145
3896.71	156
3897.09	163
3897.48	160
3897.86	149
3898.24	158
3898.63	165
3899.01	161
3899.39	172
3899.78	163
3900.16	164
3900.54	166
3900.92	155
3901.31	171
3901.69	163
3902.07	176
3902.46	175
3902.84	146
3903.22	166
3903.6	165
3903.99	172
3904.37	157
3904.75	170
3905.13	158
3905.52	172
3905.9	161
3906.28	163
3906.66	156
3907.04	162
3907.43	158
3907.81	138
3908.19	162
3908.57	165
3908.96	152
3909.34	147
3909.72	148
3910.1	143
3910.48	156
3910.86	148
3911.25	141
3911.63	137
3912.01	144
3912.39	141
3912.77	131
3913.15	136
3913.54	130
3913.92	147
3914.3	132
3914.68	134
3915.06	119
3915.44	117
3915.82	139
3916.21	121
3916.59	120
3916.97	118
3917.35	123
3917.73	114
3918.11	113
3918.49	108
3918.87	103
3919.25	102
3919.64	118
3920.02	115
3920.4	117
3920.78	113
3921.16	110
3921.54	107
3921.92	110
3922.3	107
3922.68	116
3923.06	107
3923.44	107
3923.82	114
3924.2	105
3924.58	115
3924.96	117
3925.34	104
3925.72	105
3926.1	125
3926.49	111
3926.87	124
3927.25	115
3927.63	122
3928.01	112
3928.39	112
3928.77	120
3929.15	113
3929.53	115
3929.91	111
3930.29	106
3930.67	121
3931.05	129
3931.43	112
3931.8	114
3932.18	122
3932.56	118
3932.94	122
3933.32	142
3933.7	143
3934.08	117
3934.46	128
3934.84	134
3935.22	136
3935.6	128
3935.98	127
3936.36	131
3936.74	138
3937.12	127
3937.5	134
3937.87	133
3938.25	120
3938.63	138
3939.01	140
3939.39	138
3939.77	139
3940.15	129
3940.53	153
3940.91	125
3941.28	143
3941.66	129
3942.04	135
3942.42	131
3942.8	152
3943.18	132
3943.56	149
3943.93	136
3944.31	129
3944.69	139
3945.07	135
3945.45	151
3945.83	130
3946.2	156
3946.58	133
3946.96	126
3947.34	140
3947.72	136
3948.1	145
3948.47	146
3948.85	126
3949.23	147
3949.61	141
3949.98	142
3950.36	136
3950.74	140
3951.12	150
3951.5	137
3951.87	131
3952.25	143
3952.63	133
3953.01	137
3953.38	142
3953.76	145
3954.14	132
3954.52	124
3954.89	138
3955.27	128
3955.65	115
3956.03	135
3956.4	130
3956.78	130
3957.16	123
3957.53	121
3957.91	129
3958.29	120
3958.66	116
3959.04	133
3959.42	131
3959.8	130
3960.17	121
3960.55	116
3960.93	131
3961.3	114
3961.68	119
3962.06	114
3962.43	115
3962.81	139
3963.19	134
3963.56	123
3963.94	135
3964.31	130
3964.69	133
3965.07	147
3965.44	123
3965.82	141
3966.2	136
3966.57	112
3966.95	134
3967.32	135
3967.7	137
3968.08	141
3968.45	144
3968.83	133
3969.2	143
3969.58	120
3969.96	140
3970.33	145
3970.71	148
3971.08	151
3971.46	159
3971.83	136
3972.21	160
3972.59	158
3972.96	156
3973.34	151
3973.71	178
3974.09	167
3974.46	164
3974.84	171
3975.21	159
3975.59	169
3975.96	178
3976.34	168
3976.71	164
3977.09	168
3977.46	179
3977.84	163
3978.21	170
3978.59	169
3978.96	171
3979.34	176
3979.71	170
3980.09	160
3980.46	168
3980.84	167
3981.21	162
3981.59	165
3981.96	165
3982.34	145
3982.71	161
3983.09	155
3983.46	139
3983.83	152
3984.21	153
3984.58	166
3984.96	145
3985.33	149
3985.71	142
3986.08	149
3986.45	148
3986.83	144
3987.2	138
3987.58	136
3987.95	138
3988.32	135
3988.7	137
3989.07	125
3989.45	122
3989.82	119
3990.19	111
3990.57	112
3990.94	118
3991.31	132
3991.69	109
3992.06	117
3992.44	112
3992.81	111
3993.18	116
3993.56	93
3993.93	113
3994.3	94
3994.68	120
3995.05	94
3995.42	104
3995.8	98
3996.17	95
3996.54	99
3996.91	94
3997.29	89
3997.66	90
3998.03	99
3998.41	98
3998.78	103
3999.15	106
3999.53	99
3999.9	98
