100.898	15324
102.73	15080
104.561	14762
106.393	14601
108.226	14568
110.056	14314
111.886	14095
113.716	13920
115.548	13871
117.377	13696
119.206	13650
121.034	13441
122.864	13397
124.692	13108
126.519	13209
128.346	13084
130.173	12956
132.001	12799
133.827	12766
135.653	12825
137.478	12813
139.303	12741
141.127	12626
142.953	12717
144.777	12794
146.601	12691
148.424	12689
150.246	12819
152.069	12596
153.891	12580
155.712	12567
157.533	12472
159.356	12479
161.177	12394
162.997	12325
164.817	12475
166.636	12326
168.456	12154
170.274	12247
172.093	12047
173.911	12100
175.729	12107
177.546	11980
179.363	11724
181.179	11856
182.996	11749
184.812	11727
186.627	11698
188.442	11713
190.257	11522
192.072	11550
193.886	11473
195.7	11306
197.513	11353
199.326	11275
201.139	11334
202.951	11036
204.763	11088
206.575	11109
208.384	11069
210.195	11001
212.006	10910
213.816	10854
215.626	10704
217.436	10686
219.245	10664
221.054	10551
222.862	10591
224.668	10571
226.476	10465
228.284	10406
230.091	10278
231.897	10445
233.704	10476
235.508	10296
237.313	10260
239.119	10294
240.924	10346
242.728	10173
244.53	10236
246.334	10218
248.138	10235
249.941	10236
251.744	10084
253.545	10204
255.347	10177
257.148	10166
258.95	10251
260.749	10168
262.55	10198
264.35	10204
266.148	10282
267.948	10054
269.747	10130
271.546	10047
273.343	9988
275.141	10044
276.939	10041
278.735	10100
280.532	9921
282.329	9966
284.123	10037
285.92	10057
287.713	9861
289.509	9821
291.304	9913
293.097	9897
294.891	9853
296.686	9710
298.477	9794
300.271	9772
302.062	9786
303.854	9835
305.645	9865
307.437	9860
309.229	9960
311.018	10034
312.809	9953
314.597	9940
316.388	9949
318.176	10014
319.965	10071
321.752	10160
323.541	10176
325.328	10265
327.116	10133
328.902	10212
330.689	10321
332.475	10188
334.261	10434
336.046	10443
337.832	10351
339.616	10459
341.399	10396
343.184	10571
344.967	10574
346.751	10466
348.534	10393
350.317	10564
352.099	10535
353.88	10593
355.662	10783
357.443	10646
359.223	10651
361.004	10550
362.783	10725
364.564	10715
366.343	10806
368.121	10780.5
369.901	10755
371.679	10838
373.456	10676
375.233	10795
377.011	10910
378.788	11022
380.563	10990
382.341	10987
384.116	11000
385.891	11107
387.667	11154
389.442	11215
391.215	11276
392.989	11317
394.764	11358
396.537	11291
398.309	11480
400.081	11422
401.853	11462
403.626	11568
405.397	11601
407.168	11814
408.938	11776
410.708	11977
412.48	12062
414.249	11988
416.018	12124
417.787	12318
419.555	12471
421.323	12769
423.091	12825
424.86	12805
426.627	13028
428.394	13189
430.16	13187
431.926	13292
433.692	13276
435.457	13206
437.222	13095
438.986	12842
440.751	12797
442.515	12733
444.28	12618
446.043	12539
447.806	12250
449.569	12215
451.331	12294
453.093	12214
454.854	12163
456.616	12051
458.376	11971
460.137	12000
461.897	12060
463.657	11969
465.416	11908
467.176	11920
468.934	11892
470.693	11974
472.449	11984
474.207	12121
475.964	12086
477.721	12118
479.478	12170
481.235	12265
482.991	12060
484.746	12157
486.502	12199
488.257	12192
490.012	12182
491.764	12187
493.518	12239
495.272	12239
497.025	12292
498.779	12247
500.531	12224
502.282	12298
504.034	12324
505.785	12374
507.537	12294
509.288	12362
511.039	12249
512.787	12369
514.537	12355
516.287	12355
518.036	12398
519.783	12496
521.532	12557
523.28	12366
525.029	12406
526.774	12548
528.522	12307
530.269	12541
532.015	12324
533.76	12396
535.506	12377
537.251	12528
538.995	12494
540.74	12488
542.485	12655
544.227	12527
545.971	12552
547.715	12541
549.456	12602
551.199	12610
552.942	12643
554.682	12638
556.424	12699
558.164	12795
559.905	12713
561.646	12783
563.385	12759
565.125	12825
566.863	12632
568.603	12816
570.341	12905
572.08	12727
573.818	12828
575.555	12989
577.293	12867
579.028	12920
580.766	12916
582.501	12894
584.238	12788
585.972	12867
587.708	12790
589.442	12867
591.177	12927
592.91	12827
594.645	12757
596.377	12737
598.112	12819
599.843	12617
601.575	12809
603.308	12807
605.039	12844
606.771	12730
608.501	12776
610.233	12755
611.962	12810
613.691	12720
615.422	12805
617.151	12834
618.879	12739
620.609	12771
622.336	12703
624.063	12715
625.792	12697
627.518	12734
629.245	12737
630.972	12857
632.698	12760
634.423	12900
636.15	13022
637.874	12916
639.599	12839
641.324	12995
643.048	12971
644.771	12898
646.494	13047
648.219	13105
649.941	13135
651.663	13069
653.384	13198
655.107	13130
656.828	13086
658.549	13177
660.269	13161
661.989	13213
663.709	13254
665.43	13183
667.149	13306
668.868	13358
670.586	13255
672.304	13226
674.021	13267
675.741	13268
677.458	13222
679.174	13037
680.891	13150
682.607	13270
684.323	13136
686.038	13067
687.753	13086
689.468	13084
691.182	13077
692.898	13166
694.612	12999
696.325	13018
698.038	13026
699.751	13170
701.464	12854
703.176	13035
704.887	12927
706.599	12886
708.31	12923
710.021	13049
711.731	13011
713.442	12886
715.151	12897
716.861	12869
718.57	12853
720.279	13095
721.988	12989
723.694	13002
725.402	13018
727.109	13032
728.817	12909
730.523	13028
732.23	12960
733.936	13044
735.642	13205
737.348	12998
739.053	13231
740.756	13127
742.461	13133
744.165	13330
745.869	13238
747.573	13340
749.277	13187
750.978	13237
752.68	13183
754.383	13434
756.085	13404
757.787	13297
759.486	13334
761.187	13487
762.888	13342
764.589	13199
766.289	13318
767.987	13268
769.686	13397
771.385	13483
773.082	13358
774.781	13486
776.479	13400
778.177	13433
779.873	13577
781.57	13357
783.267	13315
784.962	13370
786.658	13233
788.354	13182
790.048	13325
791.743	13286
793.438	13352
795.131	13225
796.826	13172
798.52	13130
800.211	13166
801.905	13165
803.596	13243
805.289	13113
806.981	13237
808.672	13224
810.364	13005
812.053	13085
813.744	13054
815.433	13267
817.124	13012
818.812	12982
820.502	13151
822.19	13196
823.879	13208
825.566	12946
827.255	13360
828.941	13129
830.629	13317
832.315	13368
834.003	13379
835.688	13460
837.375	13260
839.059	13610
840.745	13492
842.429	13565
844.113	13503
845.798	13729
847.481	13844
849.165	14040
850.848	13979
852.53	14316
854.213	14526
855.895	14766
857.578	14997
859.258	15348
860.939	16026
862.621	16914
864.301	18114
865.98	19347
867.661	20461
869.34	22359
871.018	24124
872.697	25897
874.377	27418
876.054	28066
877.731	28169
879.41	27060
881.087	25693
882.763	24120
884.439	22009
886.117	20034
887.792	18557
889.467	17260
891.142	16245
892.816	15406
894.492	14857
896.166	14362
897.84	13967
899.513	13627
901.186	13520
902.86	13373
904.533	13220
906.205	13047
907.876	13013
909.547	12972
911.218	12738
912.889	12747
914.559	12705
916.231	12749
917.901	12667
919.571	12570
921.24	12570
922.909	12549
924.577	12425
926.245	12696
927.913	12601
929.581	12603
931.248	12480
932.915	12476
934.581	12382
936.248	12483
937.914	12356
939.579	12554
941.245	12436
942.91	12554
944.575	12510
946.239	12518
947.903	12525
949.567	12588
951.231	12553
952.894	12751
954.557	12555
956.219	12512
957.882	12495
959.544	12627
961.203	12535
962.865	12615
964.526	12783
966.186	12575
967.847	12634
969.507	12532
971.167	12511
972.826	12542
974.483	12563
976.142	12487
977.801	12526
979.459	12430
981.117	12467
982.773	12538
984.43	12433
986.087	12345
987.744	12405
989.4	12383
991.054	12268
992.71	12318
994.366	12209
996.021	12338
997.674	12248
999.328	12283
1000.98	12143
1002.63	12123
1004.29	12167
1005.94	12132
1007.59	12461
1009.25	12246
1010.9	12237
1012.55	12141
1014.2	12370
1015.85	12237
1017.5	12366
1019.15	12333
1020.8	12489
1022.45	12627
1024.1	12667
1025.75	12904
1027.4	13090
1029.05	13127
1030.69	13389
1032.34	13794
1033.99	14320
1035.64	14541
1037.28	15118
1038.93	15492
1040.57	15741
1042.22	16138
1043.87	16201
1045.51	16191
1047.16	16120
1048.8	15847
1050.44	15558
1052.09	15324
1053.73	14970
1055.37	14745
1057.02	14315
1058.66	14171
1060.3	14188
1061.94	14049
1063.58	14043
1065.23	14215
1066.87	14260
1068.51	14308
1070.15	14417
1071.79	14666
1073.43	15083
1075.07	15228
1076.7	15641
1078.34	15756
1079.98	15938
1081.62	16276
1083.26	16437
1084.9	16424
1086.53	16181
1088.17	15999
1089.81	15774
1091.44	15361
1093.08	14977
1094.71	14508
1096.35	14252
1097.98	13707
1099.62	13344
1101.25	13106
1102.89	12920
1104.52	12613
1106.15	12632
1107.79	12494
1109.42	12385
1111.05	12251
1112.68	12203
1114.31	12171
1115.95	12134
1117.58	12020
1119.21	11856
1120.84	11955
1122.47	11734
1124.1	11706
1125.73	11580
1127.36	11480
1128.98	11488
1130.61	11539
1132.24	11380
1133.87	11264
1135.5	11306
1137.12	11252
1138.75	10974
1140.38	10829
1142	11022
1143.63	10908
1145.26	10928
1146.88	10760
1148.51	10840
1150.13	10946
1151.76	10914
1153.38	10896
1155	10851
1156.63	10786
1158.25	10881
1159.87	10678
1161.5	10741
1163.12	10846
1164.74	10740
1166.36	10708
1167.98	10649
1169.6	10722
1171.22	10777
1172.84	10902
1174.46	10835
1176.08	10698
1177.7	10721
1179.32	10719
1180.94	10615
1182.56	10848
1184.18	10699
1185.8	10824
1187.41	10790
1189.03	10768
1190.65	10796
1192.26	10766
1193.88	10691
1195.5	10783
1197.11	10694
1198.73	10589
1200.34	10598
1201.96	10668
1203.57	10632
1205.19	10583
1206.8	10607
1208.41	10518
1210.03	10606
1211.64	10449
1213.25	10406
1214.86	10443
1216.48	10531
1218.09	10385
1219.7	10445
1221.31	10390
1222.92	10313
1224.53	10236
1226.14	10250
1227.75	10219
1229.36	10219
1230.97	10144
1232.58	10055
1234.19	10163
1235.79	10216
1237.4	10162
1239.01	10234
1240.62	10137
1242.23	10167
1243.83	10325
1245.44	10100
1247.04	10096
1248.65	10222
1250.25	10195
1251.86	10321
1253.46	10212
1255.07	10192
1256.67	10470
1258.28	10321
1259.88	10559
1261.48	10826
1263.09	10699
1264.69	11002
1266.29	11128
1267.89	11281
1269.5	11517
1271.1	11545
1272.7	11674
1274.3	11789
1275.9	11827
1277.5	11813
1279.1	11575
1280.7	11468
1282.3	11320
1283.9	11085
1285.5	11157
1287.09	10902
1288.69	10712
1290.29	10561
1291.89	10570
1293.48	10589
1295.08	10360
1296.68	10336
1298.27	10273
1299.87	10284
1301.47	10350
1303.06	10147
1304.66	10186
1306.25	10209
1307.85	10232
1309.44	10152
1311.03	9983
1312.63	10149
1314.22	10121
1315.81	10060
1317.4	9945
1319	9970
1320.59	9973
1322.18	10005
1323.77	9939
1325.36	9847
1326.95	9894
1328.54	9800
1330.13	9942
1331.72	9759
1333.31	9830
1334.9	9600
1336.49	9736
1338.08	9620
1339.67	9659
1341.26	9622
1342.84	9570
1344.43	9514
1346.02	9626
1347.6	9441
1349.19	9634
1350.78	9462
1352.36	9422
1353.95	9432
1355.53	9384
1357.12	9513
1358.7	9441
1360.29	9338
1361.87	9444
1363.46	9407
1365.04	9444
1366.62	9438
1368.2	9420
1369.79	9407
1371.37	9454
1372.95	9506
1374.53	9644
1376.11	9549
1377.69	9605
1379.28	9601
1380.85	9576
1382.43	9688
1384.01	9603
1385.59	9685
1387.17	9700
1388.75	9585
1390.33	9656
1391.91	9723
1393.49	9644
1395.07	9766
1396.64	9765
1398.22	9813
1399.8	9856
1401.37	9850
1402.95	9848
1404.52	9938
1406.1	9947
1407.68	10065
1409.25	10129
1410.82	10193
1412.4	10124
1413.97	10325
1415.55	10308
1417.12	10419
1418.69	10277
1420.27	10498
1421.84	10621
1423.41	10621
1424.98	10670
1426.55	10668
1428.13	10745
1429.7	10912
1431.27	11035
1432.84	11261
1434.41	11359
1435.98	11670
1437.55	11802
1439.12	12228
1440.69	12609
1442.25	12954
1443.82	13522
1445.39	14104
1446.96	14777
1448.52	15209
1450.09	15703
1451.66	15821
1453.23	15921
1454.79	15401
1456.36	15127
1457.92	14429
1459.49	13752
1461.05	12960
1462.62	12446
1464.18	11918
1465.75	11341
1467.31	11111
1468.87	10921
1470.44	10555
1472	10777
1473.56	10452
1475.13	10616
1476.69	10618
1478.25	10558
1479.81	10547
1481.37	10686
1482.93	10589
1484.49	10297
1486.05	10252
1487.61	10105
1489.17	9961
1490.73	9757
1492.29	9524
1493.85	9372
1495.41	9150
1496.97	9105
1498.53	8949
1500.08	8956
1501.64	8744
1503.2	8732
1504.76	8742
1506.31	8612
1507.87	8596
1509.42	8608
1510.98	8533
1512.53	8502
1514.09	8387
1515.64	8423
1517.2	8457
1518.75	8367
1520.31	8356
1521.86	8333
1523.41	8267
1524.96	8363
1526.52	8372
1528.07	8341
1529.62	8375
1531.17	8212
1532.73	8323
1534.28	8279
1535.83	8344
1537.38	8222
1538.93	8221
1540.48	8250
1542.03	8132
1543.58	8209
1545.13	8187
1546.68	8116
1548.22	8091
1549.77	8246
1551.32	8114
1552.87	8156
1554.41	8119
1555.96	8090
1557.51	8018
1559.05	8026
1560.6	8106
1562.15	7952
1563.69	7977
1565.24	7941
1566.78	7945
1568.33	7891
1569.87	7882
1571.42	7816
1572.96	7857
1574.5	7780
1576.04	7939
1577.59	7840
1579.13	7890
1580.67	7804
1582.21	7891
1583.76	7894
1585.3	7752
1586.84	7809
1588.38	7705
1589.92	7818
1591.46	7829
1593	7681
1594.54	7720
1596.08	7730
1597.62	7664
1599.16	7679
1600.7	7673
1602.24	7648
1603.77	7703
1605.31	7694
1606.85	7653
1608.39	7612
1609.92	7655
1611.46	7738
1612.99	7549
1614.53	7717
1616.07	7592
1617.6	7751
1619.14	7704
1620.67	7696
1622.21	7704
1623.74	7553
1625.27	7724
1626.81	7601
1628.34	7700
1629.87	7579
1631.41	7616
1632.94	7613
1634.47	7694
1636	7668
1637.53	7667
1639.07	7622
1640.6	7614
1642.13	7529
1643.66	7596
1645.19	7727
1646.72	7606
1648.25	7605.81
1649.78	7715.55
1651.31	7580.53
1652.83	7671.14
1654.36	7626.49
1655.89	7622.56
1657.42	7635.09
1658.95	7660.91
1660.47	7655.33
1662	7683.67
1663.53	7818.22
1665.05	7723.02
1666.58	7597.35
1668.11	7661.86
1669.63	7647.75
1671.16	7747.79
1672.68	7597.11
1674.21	7655.39
1675.73	7632.49
1677.25	7671.07
1678.78	7635
1680.3	7610.98
1681.83	7666.74
1683.35	7645.12
1684.87	7609.42
1686.39	7633.2
1687.92	7566.05
1689.44	7542.35
1690.96	7503.13
1692.48	7594.83
1694	7562.88
1695.52	7534.75
1697.04	7518.63
1698.56	7439.82
1700.08	7441.67
1701.6	7450.11
1703.12	7447.41
1704.64	7457.9
1706.16	7486.73
1707.68	7441.47
1709.19	7453.66
1710.71	7379.51
1712.23	7407.99
1713.75	7447.18
1715.26	7390.73
1716.78	7410.94
1718.3	7268.95
1719.81	7318.46
1721.33	7316.43
1722.84	7331.03
1724.36	7346.58
1725.87	7337.76
1727.39	7322.27
1728.9	7313.89
1730.42	7304.66
1731.93	7255.76
1733.44	7266.06
1734.96	7269.83
1736.47	7261.53
1737.98	7192.9
1739.49	7304.92
1741.01	7229.18
1742.52	7141.38
1744.03	7189.66
1745.54	7208.07
1747.05	7294.72
1748.56	7246.24
1750.07	7268.91
1751.58	7272.37
1753.09	7203.3
1754.6	7304.81
1756.11	7239.55
1757.62	7230.66
1759.13	7223.28
1760.64	7246.98
1762.15	7242.3
1763.65	7361.55
1765.16	7253.29
1766.67	7340.96
1768.18	7344.35
1769.68	7276.26
1771.19	7362.44
1772.7	7364.84
1774.2	7327.9
1775.71	7415.94
1777.21	7274.96
1778.72	7341.04
1780.22	7360.09
1781.73	7419.58
1783.23	7390.03
1784.73	7367.03
1786.24	7507.73
1787.74	7426.59
1789.24	7457.16
1790.75	7398.76
1792.25	7402.89
1793.75	7390.55
1795.25	7534.36
1796.75	7417.9
1798.26	7482.09
1798.36	7491
1799.86	7444
1801.37	7385
1802.88	7382
1804.39	7429
1805.89	7412
1807.4	7462
1808.91	7312
1810.41	7341
1811.92	7419
1813.42	7282
1814.93	7325
1816.43	7272
1817.93	7257
1819.44	7280
1820.94	7275
1822.45	7225
1823.95	7223
1825.45	7184
1826.95	7256
1828.46	7168
1829.96	7269
1831.46	7118
1832.96	7228
1834.46	7102
1835.97	7122
1837.47	6962
1838.97	7080
1840.47	7043
1841.97	7121
1843.47	7040
1844.97	6962
1846.47	7008
1847.96	7075
1849.46	6985
1850.96	7017
1852.46	7008
1853.96	6904
1855.45	6944
1856.95	6972
1858.45	6969
1859.94	6910
1861.44	6887
1862.94	6979
1864.43	6850
1865.93	6936
1867.42	6815
1868.92	6838
1870.41	6792
1871.91	6804
1873.4	6816
1874.89	6933
1876.39	6938
1877.88	6921
1879.37	7029
1880.87	6912
1882.36	6899
1883.85	7046
1885.34	6928
1886.83	6876
1888.33	7002
1889.82	6982.5
1891.31	6963
1892.8	7019
1894.29	6964
1895.78	6951
1897.27	7044
1898.76	6969
1900.25	6973
1901.73	6882
1903.22	7058
1904.71	7077
1906.2	6913
1907.69	7059
1909.17	7095
1910.66	7089
1912.15	7197
1913.64	7147
1915.12	7214
1916.61	7120
1918.09	7180
1919.58	7103
1921.06	7087
1922.55	7117
1924.03	7110
1925.52	7096
1927	7100
1928.49	7196
1929.97	7043
1931.45	7150
1932.94	7144
1934.42	7043
1935.9	7099
1937.39	7115
1938.87	7098
1940.35	7082
1941.83	7037
1943.31	7058
1944.79	7092
1946.27	7091
1947.75	7134
1949.23	7018
1950.71	7030
1952.19	7023
1953.67	6947
1955.15	7050
1956.63	7033
1958.11	6987
1959.58	6998
1961.06	6857
1962.54	6947
1964.02	7020
1965.49	7010
1966.97	6965
1968.45	7036
1969.93	6881
1971.4	6868
1972.88	6890
1974.35	6876
1975.83	6899
1977.3	6834
1978.78	6879
1980.25	6968
1981.72	6834
1983.2	6855
1984.67	6824
1986.15	6746
1987.62	6746
1989.09	6738
1990.56	6739
1992.04	6711
1993.51	6782
1994.98	6744
1996.45	6704
1997.92	6741
1999.39	6625
2000.86	6617
2002.33	6797
2003.8	6664
2005.27	6763
2006.74	6691
2008.21	6736
2009.68	6731
2011.15	6835
2012.62	6694
2014.09	6788
2015.55	6764
2017.02	6782
2018.49	6750
2019.96	6775
2021.42	6653
2022.89	6805
2024.36	6790
2025.82	6642
2027.29	6727
2028.75	6795
2030.22	6683
2031.68	6791
2033.15	6815
2034.61	6768
2036.08	6750
2037.54	6715
2039	6770
2040.47	6760
2041.93	6809
2043.39	6848
2044.86	6794
2046.32	6854
2047.78	6770
2049.24	6861
2050.7	6721
2052.16	6766
2053.62	6778
2055.08	6915
2056.54	6832
2058	6839
2059.46	6675
2060.92	6783
2062.38	6818
2063.84	6725
2065.3	6772
2066.76	6860
2068.22	6796
2069.68	6767
2071.13	6868
2072.59	6660
2074.05	6736
2075.51	6773
2076.96	6776
2078.42	6749
2079.87	6782
2081.33	6812
2082.79	6736
2084.24	6772
2085.7	6630
2087.15	6659
2088.61	6624
2090.06	6593
2091.51	6622
2092.97	6677
2094.42	6534
2095.87	6467
2097.33	6543
2098.78	6557
2100.23	6532
2101.68	6514
2103.14	6448
2104.59	6499
2106.04	6416
2107.49	6569
2108.94	6315
2110.39	6477
2111.84	6472
2113.29	6434
2114.74	6462
2116.19	6367
2117.64	6407
2119.09	6408
2120.54	6350
2121.99	6408
2123.43	6313
2124.88	6296
2126.33	6238
2127.78	6368
2129.22	6244
2130.67	6352
2132.12	6394
2133.56	6385
2135.01	6348
2136.46	6313
2137.9	6231
2139.35	6247
2140.79	6351
2142.23	6196
2143.68	6277
2145.12	6276
2146.57	6228
2148.01	6256
2149.45	6192
2150.9	6296
2152.34	6238
2153.78	6284
2155.22	6229
2156.67	6237
2158.11	6246
2159.55	6195
2160.99	6226
2162.43	6266
2163.87	6301
2165.31	6244
2166.76	6267
2168.19	6302
2169.63	6240
2171.07	6221
2172.51	6166
2173.95	6242
2175.39	6255
2176.83	6263
2178.27	6253
2179.71	6172
2181.14	6302
2182.58	6275
2184.02	6233
2185.45	6233
2186.89	6364
2188.33	6270
2189.76	6116
2191.2	6249
2192.63	6151
2194.07	6283
2195.5	6134
2196.94	6187
2198.37	6201
2199.81	6146
2201.24	6238
2202.67	6129
2204.11	6144
2205.54	6203
2206.97	6128
2208.41	6092
2209.84	6149
2211.27	6094
2212.7	6169
2214.13	6144
2215.57	6091
2217	6067
2218.43	6140
2219.86	5950
2221.29	6099
2222.72	6077
2224.15	5990
2225.58	5910
2227.01	6073
2228.44	5968
2229.86	5927
2231.29	5891
2232.72	5854
2234.15	5898
2235.58	5853
2237	5861
2238.43	5898
2239.86	5807
2241.29	5844
2242.71	5791
2244.14	5942
2245.56	5853
2246.99	5821
2248.42	5729
2249.84	5852
2251.27	5965
2252.69	5893
2254.11	5781
2255.54	5716
2256.96	5843
2258.39	5824
2259.81	5779
2261.23	5760
2262.66	5709
2264.08	5757
2265.5	5706
2266.92	5689
2268.34	5723
2269.76	5747
2271.19	5660
2272.61	5730
2274.03	5656
2275.45	5645
2276.87	5682
2278.29	5674
2279.71	5732
2281.13	5670
2282.55	5802
2283.96	5602
2285.38	5717
2286.8	5667
2288.22	5655
2289.64	5681
2291.06	5586
2292.47	5640
2293.89	5666
2295.31	5543
2296.72	5612
2298.14	5596
2299.56	5600
2300.97	5515
2302.39	5568
2303.8	5558
2305.22	5627
2306.63	5619
2308.05	5534
2309.46	5543
2310.88	5588
2312.29	5494
2313.7	5530
2315.12	5573
2316.53	5514
2317.94	5422
2319.35	5562
2320.77	5441
2322.18	5525
2323.59	5561
2325	5477
2326.41	5496
2327.82	5459
2329.24	5370
2330.65	5472
2332.06	5430
2333.47	5293
2334.88	5441
2336.28	5388
2337.69	5415
2339.1	5353
2340.51	5357
2341.92	5392
2343.33	5313
2344.74	5332
2346.14	5266
2347.55	5252
2348.96	5269
2350.37	5373
2351.77	5271
2353.18	5266
2354.58	5267
2355.99	5243
2357.4	5251
2358.8	5197
2360.21	5224
2361.61	5139
2363.02	5132
2364.42	5228
2365.82	5196
2367.23	5110
2368.63	5154
2370.04	5139
2371.44	5050
2372.84	5054
2374.25	5202
2375.65	5054
2377.05	4992
2378.45	5127
2379.85	5109
2381.25	5212
2382.66	5170
2384.06	5058
2385.46	5034
2386.86	5009
2388.26	5147
2389.66	5073
2391.06	5065
2392.46	5072
2393.85	5062
2395.25	5037
2396.65	5084
2398.05	5030
2399.45	4992
2400.85	4975
2402.24	5084
2403.64	5028
2405.04	5038
2406.44	5032
2407.83	5110
2409.23	5077
2410.62	5053
2412.02	5010
2413.41	5039
2414.81	5155
2416.21	4982
2417.6	5060
2419	5103
2420.39	5066
2421.78	5007
2423.18	5090
2424.57	5009
2425.96	5201
2427.36	5055
2428.75	5000
2430.14	5114
2431.53	5072
2432.93	5127
2434.32	5101
2435.71	5094
2437.1	5043
2438.49	5120
2439.88	5244
2441.27	5060
2442.66	5126
2444.05	5150
2445.44	5076
2446.83	5126
2448.22	5072
2449.61	5221
2451	5043
2452.39	5097
2453.78	5119
2455.16	5067
2456.55	5114
2457.94	5083
2459.33	5108
2460.72	5026
2462.1	5075
2463.49	5058
2464.87	5043
2466.26	5134
2467.65	5116
2469.03	5084
2470.42	5119
2471.8	5072
2473.19	5039
2474.57	5129
2475.96	5042
2477.34	5084
2478.72	5005
2480.11	5036
2481.49	5048
2482.87	5015
2484.26	5146
2485.64	4970
2487.02	5028
2488.4	5090
2489.79	4994
2491.17	4959
2492.55	5021
2493.93	4928
2495.31	4978
2496.69	4926
2498.07	4936
2499.45	5017
2500.83	4880
2502.21	4904
2503.59	4949
2504.97	4970
2506.35	4893
2507.73	4932
2509.1	4865
2510.48	4915
2511.86	4893
2513.24	4888
2514.62	5034
2515.99	5034
2517.37	4869
2518.75	4948
2520.12	4947
2521.5	4935
2522.88	4948
2524.25	5010
2525.63	5089
2527	5024
2528.38	4944
2529.75	4940
2531.13	4963
2532.5	5047
2533.87	5020
2535.25	4983
2536.62	5051
2537.99	5110
2539.37	5026
2540.74	5108
2542.11	5100
2543.48	5043
2544.86	5077
2546.23	5011
2547.6	5172
2548.97	5030
2550.34	5200
2551.71	5139
2553.08	5071
2554.45	5086
2555.82	5181
2557.19	5131
2558.56	5089
2559.93	5131
2561.3	5164
2562.67	5025
2564.04	5028
2565.41	5042
2566.78	5068
2568.14	5112
2569.51	5053
2570.88	5118
2572.25	5039
2573.61	5028
2574.98	5115
2576.34	5000
2577.71	5055
2579.08	5044
2580.44	4944
2581.81	5005
2583.17	4995
2584.54	5036
2585.9	5096
2587.27	4997
2588.63	5026
2589.99	5078
2591.36	5043
2592.72	5017.5
2594.08	4992
2595.45	4988
2596.81	5029
2598.17	4991
2599.54	5085
2600.9	4960
2602.26	5036
2603.62	5061
2604.98	4940
2606.34	5037
2607.7	5053
2609.06	4978
2610.42	4945
2611.78	4909
2613.14	4950
2614.5	4984
2615.86	4993
2617.22	4992
2618.58	5012
2619.94	4933
2621.3	4895
2622.66	4966
2624.01	4950
2625.37	4839
2626.73	4905
2628.09	4904
2629.44	4961
2630.8	4909
2632.16	4868
2633.51	4857
2634.87	4907
2636.22	4874
2637.58	4890
2638.93	4917
2640.29	4884
2641.64	4913
2643	4818
2644.35	4889
2645.71	4876
2647.06	4880
2648.42	4844
2649.77	4849
2651.12	4927
2652.47	4866
2653.83	4856
2655.18	4900
2656.53	4956
2657.88	4893
2659.23	4841
2660.59	5001
2661.94	4926
2663.29	4938.5
2664.64	4951
2665.99	4924
2667.34	4907
2668.69	4901
2670.04	4932
2671.39	5049
2672.74	4984
2674.09	5017
2675.43	4986
2676.78	5036
2678.13	5139
2679.48	4957
2680.83	5031
2682.18	5077
2683.52	5114
2684.87	5149
2686.22	5200
2687.56	5280
2688.91	5270
2690.25	5341
2691.6	5292
2692.95	5423
2694.29	5440
2695.64	5485
2696.98	5541
2698.33	5665
2699.67	5607
2701.02	5759
2702.36	5982
2703.7	6010
2705.05	6089
2706.39	6237
2707.73	6353
2709.08	6446
2710.42	6468
2711.76	6541
2713.1	6728
2714.44	6784
2715.78	6912
2717.13	6982
2718.47	6878
2719.81	7039
2721.15	7139
2722.49	7195
2723.83	7231
2725.17	7229
2726.51	7277
2727.85	7197
2729.19	7238
2730.53	7266
2731.87	7108
2733.2	6992
2734.54	7014
2735.88	6945
2737.22	6954
2738.56	6719
2739.89	6712
2741.23	6624
2742.57	6707
2743.9	6614
2745.24	6657
2746.58	6707
2747.91	6584
2749.25	6751
2750.58	6774
2751.92	6752
2753.25	6733
2754.59	6747
2755.92	6696
2757.26	6734
2758.59	6582
2759.92	6607
2761.26	6522
2762.59	6467
2763.92	6376
2765.26	6350
2766.59	6213
2767.92	6210
2769.25	6018
2770.59	6061
2771.92	6029
2773.25	5993
2774.58	6020
2775.91	5879
2777.24	5851
2778.57	5910
2779.9	5938
2781.23	5814
2782.56	5826
2783.89	5928
2785.22	5910
2786.55	5811
2787.88	5943
2789.21	5859
2790.54	5907
2791.86	5910
2793.19	5923
2794.52	5998
2795.85	5925
2797.17	6043
2798.5	6127
2799.83	6325
2801.16	6261
2802.48	6260
2803.81	6293
2805.13	6422
2806.46	6507
2807.78	6529
2809.11	6571
2810.43	6631
2811.76	6858
2813.08	6890
2814.41	6920
2815.73	7210
2817.05	7203
2818.38	7221
2819.7	7416
2821.02	7561
2822.35	7745
2823.67	7935
2824.99	8087
2826.31	8287
2827.63	8363
2828.96	8432
2830.28	8693
2831.6	8936
2832.92	8862
2834.24	9198
2835.56	9377
2836.88	9483
2838.2	9533
2839.52	9823
2840.84	9851
2842.16	10050
2843.48	10193
2844.8	10258
2846.12	10409
2847.43	10521
2848.75	10895
2850.07	10922
2851.39	11279
2852.71	11359
2854.02	11702
2855.34	11938
2856.66	12365
2857.97	12693
2859.29	13343
2860.6	13875
2861.92	14325
2863.24	15020
2864.55	16058
2865.87	16804
2867.18	18057
2868.5	19253
2869.81	20529
2871.12	22183
2872.44	23943
2873.75	25587
2875.07	26995
2876.38	28444
2877.69	29770
2879.01	31104
2880.32	31401
2881.63	32004
2882.94	31922
2884.25	31977
2885.57	31447
2886.88	31010
2888.19	30594
2889.5	30121
2890.81	29843
2892.12	29371
2893.43	29136
2894.74	28725
2896.05	28460
2897.36	28151
2898.67	27702
2899.98	27128
2901.29	26707
2902.6	26333
2903.9	26131
2905.21	25726
2906.52	25185
2907.83	25080
2909.14	25150
2910.44	25108
2911.75	24923
2913.06	25184
2914.36	25799
2915.67	26577
2916.98	27582
2918.28	29071
2919.59	30701
2920.89	32981
2922.2	35584
2923.5	38489
2924.81	41550
2926.11	44899
2927.42	47700
2928.72	50619
2930.02	52615
2931.33	54124
2932.63	54492
2933.93	53668
2935.24	52274
2936.54	50510
2937.84	48150
2939.14	45654
2940.45	42972
2941.75	40991
2943.05	38038
2944.35	35943
2945.65	33568
2946.95	31597
2948.25	29508
2949.55	27809
2950.85	26369
2952.15	24916
2953.45	23662.6
2954.75	22937.4
2956.05	22337.1
2957.35	21655.8
2958.65	21442.5
2959.95	21304
2961.25	21198.9
2962.55	21569.7
2963.84	21963
2965.14	22401.6
2966.44	23144.9
2967.74	24236.7
2969.03	24816
2970.33	25986
2971.63	26727.5
2972.92	27491.7
2974.22	28063.9
2975.51	28660.5
2976.81	28941.1
2978.11	29036.8
2979.4	28663
2980.7	28365
2981.99	27853.5
2983.29	26940.1
2984.58	25803.5
2985.87	24668.4
2987.17	23502.1
2988.46	22070.4
2989.75	20891.4
2991.05	19517.1
2992.34	18612.2
2993.63	17360.1
2994.93	16429.4
2996.22	15496.4
2997.51	14773.5
2998.8	14043.6
3000.09	13444.6
3001.39	12876.8
3002.68	12310.3
3003.97	11906.9
3005.26	11583.1
3006.55	11165.8
3007.84	10888.6
3009.13	10563.8
3010.42	10360.6
3011.71	10210.3
3013	9924.43
3014.29	9918.64
3015.57	9722.42
3016.86	9668.78
3018.15	9485.89
3019.44	9350.58
3020.73	9227.07
3022.02	9174.02
3023.3	9061.96
3024.59	8994.92
3025.88	8963.95
3027.17	8928.56
3028.45	8848.2
3029.74	8868.01
3031.02	8817.49
3032.31	8766.44
3033.59	8700.55
3034.88	8738.82
3036.17	8696.74
3037.45	8695.65
3038.74	8630.33
3040.02	8710
3041.31	8692.84
3042.59	8739.89
3043.87	8697.2
3045.16	8687.8
3046.44	8672.23
3047.72	8713.46
3049.01	8575.16
3050.29	8698.05
3051.57	8669.41
3052.85	8651.86
3054.14	8682.31
3055.42	8787.13
3056.7	8746.07
3057.98	8866.25
3059.26	8811.03
3060.54	8776.11
3061.83	8890.44
3063.11	8900.04
3064.39	8916.99
3065.67	8913.76
3066.95	8969.09
3068.23	9051.16
3069.51	9137.7
3070.79	9116.33
3072.06	9227.75
3073.34	9211.53
3074.62	9295.56
3075.9	9297.49
3077.18	9433.42
3078.46	9432.03
3079.73	9474.72
3081.01	9542.96
3082.21	9511
3083.5	9594
3084.78	9682
3086.06	9702
3087.34	9770
3088.63	9774
3089.91	9873
3091.19	9875
3092.47	10095
3093.75	10076
3095.03	10304
3096.31	10295
3097.59	10340
3098.88	10241
3100.16	10454
3101.44	10563
3102.72	10637
3104	10613
3105.27	10673
3106.55	10835
3107.83	10788
3109.11	11015
3110.39	11075
3111.67	11134
3112.95	11090
3114.22	11324
3115.5	11303
3116.78	11514
3118.06	11675
3119.33	11620
3120.61	11793
3121.88	11952
3123.16	11935
3124.44	12084
3125.71	12201
3126.99	12354
3128.26	12276
3129.54	12360
3130.81	12521
3132.09	12644
3133.36	12696
3134.64	12894
3135.91	13031
3137.19	13094
3138.46	13030
3139.73	13261
3141.01	13399
3142.28	13484
3143.55	13539
3144.82	13594
3146.1	13662
3147.37	13869
3148.64	13936
3149.91	14032
3151.18	14213
3152.45	14263
3153.73	14350
3155	14522
3156.27	14732
3157.54	14642
3158.81	14780.5
3160.08	14919
3161.35	14965
3162.62	15226
3163.89	15297
3165.15	15317
3166.42	15471
3167.69	15554
3168.96	15589
3170.23	15768
3171.5	15928
3172.76	16117
3174.03	16119
3175.3	16221
3176.57	16256
3177.83	16362
3179.1	16493
3180.37	16637
3181.63	16710
3182.9	16702
3184.16	16934
3185.43	16941
3186.69	17065
3187.96	17135
3189.22	17224
3190.49	17170
3191.75	17354
3193.02	17459
3194.28	17562
3195.55	17576
3196.81	17707
3198.07	17800
3199.34	17855
3200.6	18043
3201.86	18189
3203.12	18163
3204.39	18338
3205.65	18310
3206.91	18452
3208.17	18281
3209.43	18509
3210.69	18549
3211.96	18768
3213.22	18713
3214.48	18804
3215.74	18781
3217	18898
3218.26	19043
3219.52	18840
3220.78	19114
3222.04	19068
3223.3	19127
3224.55	19212
3225.81	19299
3227.07	19195
3228.33	19344
3229.59	19343
3230.84	19474
3232.1	19335
3233.36	19461
3234.62	19400
3235.87	19471
3237.13	19426
3238.39	19572
3239.64	19638
3240.9	19701
3242.15	19612
3243.41	19527
3244.67	19746
3245.92	19860
3247.18	19755
3248.43	19688
3249.69	19886
3250.94	19666
3252.19	19748
3253.45	19854
3254.7	19683
3255.95	19895
3257.21	19906
3258.46	19725
3259.72	20056
3260.97	19737
3262.22	19631
3263.47	19693
3264.72	19784
3265.98	19477
3267.23	19500
3268.48	19662
3269.73	19615
3270.98	19698
3272.23	19664
3273.48	19660
3274.73	19665
3275.98	19703
3277.23	19568
3278.48	19694
3279.73	19529
3280.98	19663
3282.23	19619
3283.48	19612
3284.73	19566
3285.98	19569
3287.22	19670
3288.47	19769
3289.72	19509
3290.97	19573
3292.21	19545
3293.46	19467
3294.71	19685
3295.96	19537
3297.2	19404
3298.45	19337
3299.69	19564
3300.94	19403
3302.19	19584
3303.43	19672
3304.68	19560
3305.92	19639
3307.17	19672
3308.41	19501
3309.66	19487
3310.9	19577
3312.14	19559
3313.39	19367
3314.63	19596
3315.87	19505
3317.12	19607
3318.36	19634
3319.6	19586
3320.84	19641
3322.09	19774
3323.33	19522
3324.57	19435
3325.81	19583
3327.05	19546
3328.29	19604
3329.54	19496
3330.78	19532
3332.02	19610
3333.26	19707
3334.5	19618
3335.74	19552
3336.98	19809
3338.22	19859
3339.46	19828
3340.69	19872
3341.93	19926
3343.17	19884
3344.41	19906
3345.65	19810
3346.89	19928
3348.12	19964
3349.36	20125
3350.6	19988
3351.84	20114
3353.07	20343
3354.31	20146
3355.55	20221
3356.78	20160
3358.02	20397
3359.26	20467
3360.49	20241
3361.73	20389
3362.96	20515
3364.2	20581
3365.43	20468
3366.67	20517
3367.9	20492
3369.14	20369
3370.37	20694
3371.6	20565
3372.84	20676
3374.07	20841
3375.3	20780
3376.54	20701
3377.77	21152
3379	20949
3380.24	20841
3381.47	20787
3382.7	20879
3383.93	21085
3385.16	21278
3386.39	21126
3387.62	21048
3388.86	21156
3390.09	21152
3391.32	21202
3392.55	21244
3393.78	21291
3395.01	21317
3396.24	21353
3397.47	21422
3398.7	21412
3399.93	21188
3401.15	21463
3402.38	21388
3403.61	21287
3404.84	21465
3406.07	21369
3407.29	21433
3408.52	21461
3409.75	21455
3410.98	21298
3412.2	21346
3413.43	21555
3414.66	21481
3415.88	21376
3417.11	21377
3418.34	21271
3419.56	21090
3420.79	21266
3422.01	21327
3423.24	21337
3424.46	21445
3425.69	21161
3426.91	21315
3428.14	21288
3429.36	21027
3430.58	21288
3431.81	21172
3433.03	21091
3434.25	20919
3435.48	21053
3436.7	20971
3437.92	20667
3439.15	20714
3440.37	20634
3441.59	20709
3442.81	20759
3444.03	20577
3445.25	20606
3446.48	20478
3447.7	20600
3448.92	20258
3450.14	20136
3451.36	20282
3452.58	20195
3453.8	19956
3455.02	19960
3456.24	20009
3457.46	20145
3458.68	19785
3459.89	19786
3461.11	19664
3462.33	19534
3463.55	19245
3464.77	19299
3465.99	19378
3467.2	19248
3468.42	19226
3469.64	19056
3470.86	18857
3472.07	18794
3473.29	18576
3474.51	18648
3475.72	18459
3476.94	18380
3478.15	18167
3479.37	18362
3480.59	18100
3481.8	17926
3483.02	17936
3484.23	17708
3485.45	17764
3486.66	17553
3487.87	17522
3489.09	17370
3490.3	17158
3491.52	17185
3492.73	16950
3493.94	16875
3495.15	16861
3496.37	16704
3497.58	16513
3498.79	16313
3500	16389
3501.22	16172
3502.43	16020
3503.64	15852
3504.85	15774
3506.06	15655
3507.27	15472
3508.48	15471
3509.69	15367
3510.91	15171
3512.12	15078
3513.32	14859
3514.53	15018
3515.74	14915
3516.95	14636
3518.16	14606
3519.37	14508
3520.58	14353
3521.79	14190
3523	14202
3524.21	14049
3525.41	13915
3526.62	13758
3527.83	13785
3529.04	13574
3530.24	13478
3531.45	13400
3532.66	13233
3533.86	12977
3535.07	13032
3536.27	12965
3537.48	12990
3538.69	12699
3539.89	12829
3541.1	12533
3542.3	12375
3543.51	12211
3544.71	12307
3545.92	12140
3547.12	11924
3548.32	11794
3549.53	11908
3550.73	11738
3551.94	11716
3553.14	11374
3554.34	11526
3555.54	11398
3556.75	11458
3557.95	11199
3559.15	11159
3560.35	11125
3561.56	10810
3562.76	10821
3563.96	10660
3565.16	10604
3566.36	10644
3567.56	10514
3568.76	10301
3569.96	10318
3571.16	10224
3572.36	10284
3573.56	10072
3574.76	9911
3575.96	9780
3577.16	9794
3578.36	9684
3579.56	9536
3580.76	9462
3581.96	9456
3583.15	9425
3584.35	9288
3585.55	9163
3586.75	9117
3587.95	9033
3589.14	9056
3590.34	8877
3591.54	8751
3592.73	8665
3593.93	8651
3595.13	8514
3596.32	8496
3597.52	8434
3598.71	8426
3599.91	8271
3601.1	8118
3602.3	8230
3603.49	8177
3604.69	8144
3605.88	7896
3607.08	7980
3608.27	7749
3609.46	7742
3610.66	7693
3611.85	7636
3613.04	7568
3614.24	7512
3615.43	7444
3616.62	7365
3617.81	7323
3619.01	7270
3620.2	7227
3621.39	7192
3622.58	7058
3623.77	7120
3624.97	6948
3626.16	6875
3627.35	6735
3628.54	6737
3629.73	6661
3630.92	6708
3632.11	6619
3633.3	6587
3634.49	6490
3635.68	6372
3636.87	6347
3638.06	6247
3639.24	6211
3640.43	6046
3641.62	6176
3642.81	6095
3644	5968
3645.19	5911
3646.37	5949
3647.56	5817
3648.75	5753
3649.94	5637
3651.12	5573
3652.31	5679
3653.5	5619
3654.68	5504
3655.87	5370
3657.05	5279
3658.24	5243
3659.42	5334
3660.61	5232
3661.79	5136
3662.98	5044
3664.16	4978
3665.35	4934
3666.53	4842
3667.72	4778
3668.9	4683
3670.08	4638
3671.27	4567
3672.45	4492
3673.63	4305
3674.82	4361
3676	4312
3677.18	4169
3678.36	4187
3679.55	4062
3680.73	3963
3681.91	3971
3683.09	3909
3684.27	3738
3685.45	3704
3686.63	3697
3687.82	3642
3689	3558
3690.18	3518
3691.36	3403
3692.54	3338
3693.72	3307
3694.9	3268
3696.07	3192
3697.25	3157
3698.43	3032
3699.61	3057
3700.79	3055
3701.97	2989
3703.15	2980
3704.32	2893
3705.5	2908
3706.68	2834
3707.86	2840
3709.03	2815
3710.21	2752
3711.39	2743
3712.57	2725
3713.74	2693
3714.92	2556
3716.09	2610
3717.27	2599
3718.45	2596
3719.62	2500
3720.8	2491
3721.97	2505
3723.15	2440
3724.32	2424
3725.49	2476
3726.67	2403
3727.84	2515
3729.02	2340
3730.19	2404
3731.36	2309
3732.54	2367
3733.71	2284
3734.88	2288
3736.06	2286
3737.23	2272
3738.4	2275
3739.57	2270
3740.75	2193
3741.92	2191
3743.09	2212
3744.26	2224
3745.43	2158
3746.6	2191
3747.77	2146
3748.94	2143
3750.11	2191
3751.28	2096
3752.45	2150
3753.62	2073
3754.79	2109
3755.96	2060
3757.13	2065
3758.3	2118
3759.47	2094.5
3760.64	2071
3761.81	2021
3762.97	2085
3764.14	2036
3765.31	2044
3766.48	2037
3767.65	2017
3768.81	1970
3769.98	2013
3771.15	1949
3772.31	1930
3773.48	2032
3774.65	1966
3775.81	2017
3776.98	1999
3778.14	1974
3779.31	2030
3780.48	1934
3781.64	2032
3782.8	1968
3783.97	1967
3785.13	1994
3786.3	1895
3787.46	1956
3788.63	1943
3789.79	1928
3790.95	1922
3792.12	1879
3793.28	1923
3794.44	1925
3795.61	1919
3796.77	1911
3797.93	1884
3799.09	1869
3800.26	1871
3801.42	1897
3802.58	1874
3803.74	1810
3804.9	1846
3806.06	1818
3807.22	1818
3808.38	1819
3809.55	1847
3810.71	1816
3811.87	1822
3813.03	1842
3814.18	1822
3815.34	1823
3816.5	1851
3817.66	1777
3818.82	1789
3819.98	1780
3821.14	1771
3822.3	1760
3823.46	1749
3824.61	1735
3825.77	1756
3826.93	1748
3828.09	1784
3829.24	1749
3830.4	1730
3831.56	1729
3832.71	1753
3833.87	1709
3835.03	1737
3836.18	1717
3837.34	1722
3838.5	1793
3839.65	1754
3840.81	1776
3841.96	1709
3843.12	1755
3844.27	1726
3845.43	1738
3846.58	1709
3847.73	1687
3848.89	1727
3850.04	1672
3851.2	1695
3852.35	1720
3853.5	1704
3854.66	1710
3855.81	1739
3856.96	1711
3858.11	1702
3859.27	1730
3860.42	1714
3861.57	1637
3862.72	1717
3863.87	1709
3865.02	1716
3866.18	1706
3867.33	1755
3868.48	1677
3869.63	1677
3870.78	1647
3871.93	1645
3873.08	1654
3874.23	1637
3875.38	1703
3876.53	1678
3877.68	1657
3878.83	1662
3879.97	1668
3881.12	1678
3882.27	1653
3883.42	1597
3884.57	1610
3885.72	1662
3886.86	1622
3888.01	1613
3889.16	1643
3890.31	1614
3891.45	1593
3892.6	1590
3893.75	1551
3894.89	1609
3896.04	1584
3897.18	1614
3898.33	1655
3899.48	1603
3900.62	1569
3901.77	1587
3902.91	1600
3904.06	1552
3905.2	1549
3906.35	1588
3907.49	1642
3908.63	1579
3909.78	1610
3910.92	1559
3912.07	1547
3913.21	1593
3914.35	1566
3915.5	1549
3916.64	1571
3917.78	1586
3918.92	1542
3920.07	1573
3921.21	1546
3922.35	1497
3923.49	1543
3924.63	1557
3925.77	1567
3926.92	1572
3928.06	1518
3929.2	1555
3930.34	1572
3931.48	1582
3932.62	1577
3933.76	1551
3934.9	1544
3936.04	1542
3937.18	1578
3938.32	1542
3939.46	1511
3940.59	1542
3941.73	1517
3942.87	1545
3944.01	1506
3945.15	1548
3946.29	1530
3947.42	1548
3948.56	1545
3949.7	1520
3950.84	1512
3951.97	1546
3953.11	1526
3954.25	1543
3955.38	1504
3956.52	1552
3957.66	1605
3958.79	1603
3959.93	1577
3961.06	1519
3962.2	1518
3963.33	1506
3964.47	1511
3965.6	1519
3966.74	1532
3967.87	1485
3969.01	1480
3970.14	1487
3971.27	1521
3972.41	1521
3973.54	1507
3974.68	1497
3975.81	1507
3976.94	1517
3978.07	1477
3979.21	1433
3980.34	1517
3981.47	1484
3982.6	1499
3983.73	1525
3984.87	1531
3986	1443
3987.13	1484
3988.26	1501
3989.39	1468
3990.52	1495
3991.65	1477
3992.78	1502
3993.91	1502
3995.04	1495
3996.17	1496
3997.3	1463
3998.43	1468
3999.56	1524
