100.426	1933
101.709	1932
102.992	1894
104.275	1905
105.558	1885
106.841	1890
108.123	1796
109.405	1828
110.687	1813
111.969	1755
113.251	1751
114.532	1713
115.813	1731
117.094	1774
118.375	1728
119.655	1677
120.936	1691
122.216	1643
123.496	1602
124.774	1634
126.053	1616
127.333	1569
128.612	1582
129.891	1562
131.169	1630
132.448	1588
133.726	1586
135.004	1570
136.28	1621
137.558	1545
138.835	1525
140.112	1547
141.389	1529
142.666	1545
143.941	1573
145.218	1507
146.494	1494
147.77	1525
149.045	1521
150.319	1484
151.595	1479
152.87	1503
154.145	1449
155.418	1467
156.692	1449
157.967	1490
159.241	1441
160.513	1430
161.787	1455
163.06	1444
164.333	1413
165.605	1447
166.878	1441
168.15	1414
169.421	1363
170.694	1388
171.966	1407
173.236	1381
174.507	1364
175.779	1300
177.049	1359
178.319	1359
179.589	1373
180.859	1341
182.13	1333
183.398	1319
184.668	1286
185.936	1291
187.206	1330
188.474	1308
189.743	1306
191.012	1302
192.279	1304
193.548	1303
194.814	1300
196.082	1286
197.349	1269
198.616	1246
199.882	1259
201.15	1266
202.415	1263
203.682	1225
204.947	1218
206.214	1238
207.478	1238
208.744	1180
210.009	1220
211.273	1208
212.538	1153
213.802	1199
215.067	1175
216.33	1156
217.593	1170
218.858	1163
220.12	1127
221.384	1162
222.647	1148
223.909	1115
225.172	1117
226.434	1133
227.695	1141
228.958	1120
230.219	1134
231.48	1104
232.742	1094
234.002	1069
235.263	1098
236.523	1097
237.784	1056
239.044	1025
240.303	1053
241.564	1093
242.823	1092
244.082	1045
245.34	1019
246.6	1020
247.858	1032
249.116	1006
250.374	1039
251.632	1005
252.89	1031
254.148	1023
255.405	1004
256.661	1003
257.918	986
259.174	1032
260.432	995
261.688	998
262.944	959
264.199	981
265.455	967
266.71	963
267.965	970
269.219	917
270.474	954
271.728	973
272.984	963
274.238	912
275.492	953
276.745	917
277.998	955
279.252	926
280.504	959
281.757	945
283.01	951
284.262	913
285.514	967
286.766	956
288.018	946.5
289.269	937
290.521	912
291.772	897
293.023	890
294.273	919
295.524	910
296.774	929
298.023	920
299.273	895
300.522	889
301.772	923
303.021	915.5
304.27	908
305.519	906
306.768	885
308.016	872
309.263	906
310.511	882
311.759	931
313.007	912
314.254	892
315.501	916
316.747	894
317.994	880
319.241	854
320.487	896
321.733	868
322.978	865
324.224	883
325.469	876
326.715	857
327.959	897
329.204	851
330.449	896
331.692	887
332.936	886
334.181	883
335.425	873
336.667	872
337.911	856
339.154	897
340.396	896
341.639	874
342.882	868
344.123	880
345.366	879
346.608	843
347.849	846
349.09	822
350.331	839
351.572	827
352.813	851
354.053	851
355.294	868
356.533	844
357.774	808
359.012	832
360.252	834
361.491	831
362.731	814
363.969	818
365.208	795
366.447	804
367.684	811
368.923	842
370.16	822
371.397	821
372.635	849
373.871	836
375.109	821
376.345	812
377.583	812
378.818	811
380.055	840
381.29	820
382.525	821
383.762	818
384.996	817
386.232	800
387.466	811
388.701	834
389.936	804
391.17	821
392.403	833
393.638	806
394.871	800
396.104	831
397.338	826
398.57	819
399.803	843
401.036	819
402.268	835
403.5	829
404.731	842
405.964	842
407.195	818
408.426	839
409.657	815
410.889	878
412.119	852
413.349	845
414.579	881
415.809	856
417.04	889
418.269	931
419.498	919
420.727	887
421.956	958
423.184	944
424.414	984
425.642	978
426.87	984
428.098	989
429.326	988
430.553	1012
431.78	993
433.007	997
434.234	1025
435.462	1013
436.688	1005
437.915	1002
439.141	1023
440.366	966
441.592	955
442.817	942
444.043	942
445.268	916
446.492	908
447.717	889
448.941	902
450.166	885
451.39	896
452.614	814
453.837	847
455.061	846
456.284	824
457.507	849
458.729	827
459.951	830
461.174	814
462.396	803
463.618	813
464.84	812
466.062	760
467.283	798
468.505	775
469.724	792
470.945	794
472.166	789
473.386	785
474.607	772
475.827	760
477.045	793
478.265	760
479.485	747
480.704	770
481.923	765
483.141	778
484.36	769
485.578	756
486.797	744
488.013	787
489.231	739
490.449	749
491.665	756
492.883	770
494.1	759
495.317	736
496.533	744
497.749	784
498.966	739
500.181	699
501.397	724
502.611	774
503.827	759
505.042	775
506.256	727
507.471	767
508.686	756
509.9	719
511.114	719
512.327	739
513.541	735
514.754	705
515.967	730
517.181	721
518.393	758
519.606	718
520.818	721
522.031	774
523.242	728
524.454	715
525.665	769
526.877	700
528.087	741
529.299	737
530.509	728
531.719	756
532.93	719
534.14	741
535.35	736
536.559	733
537.77	745
538.978	732
540.187	710
541.397	745
542.605	717
543.814	721
545.022	712
546.229	705
547.438	747
548.645	711
549.852	702
551.06	712
552.267	740
553.473	700
554.68	716
555.887	685
557.093	709
558.298	688
559.505	697
560.711	676
561.916	684
563.121	651
564.327	665
565.531	697
566.735	674
567.94	657
569.143	670
570.349	656
571.552	644
572.755	698
573.959	664
575.162	668
576.364	642
577.568	690
578.771	635
579.973	672
581.175	670
582.377	651
583.578	647
584.78	641
585.981	629
587.182	698
588.383	675
589.585	702
590.786	677
591.986	630
593.186	626
594.386	622
595.586	663
596.785	683
597.985	639
599.184	671
600.383	629
601.582	642
602.78	626
603.979	656
605.177	678
606.375	640
607.572	645
608.769	638
609.967	638
611.164	641
612.361	612
613.558	642
614.755	624
615.951	622
617.148	652
618.344	674
619.538	637
620.734	628
621.93	637
623.125	641
624.32	634
625.515	646
626.709	618
627.903	634
629.098	624
630.292	639
631.486	629
632.679	630
633.872	642
635.066	629
636.259	659
637.451	658
638.644	610
639.837	636
641.028	636
642.22	623
643.413	628
644.605	622
645.795	642
646.987	625
648.178	649
649.368	618
650.559	610
651.749	613
652.939	643
654.13	599
655.319	630
656.509	584
657.699	630
658.887	651
660.077	624
661.265	623
662.454	633
663.642	614
664.83	621
666.018	596
667.206	616
668.393	607
669.581	609
670.768	578
671.955	582
673.142	582
674.329	608
675.515	627
676.702	594
677.887	629
679.074	579
680.259	630
681.445	632
682.63	588
683.814	595
685	620
686.184	583
687.369	600
688.553	614
689.736	624
690.921	597
692.104	624
693.287	610
694.471	616
695.654	579
696.836	605
698.02	584
699.202	645
700.384	578
701.567	623
702.749	611
703.93	598
705.111	572
706.293	601
707.474	610
708.655	619
709.835	591
711.017	593
712.197	599
713.377	604
714.556	558
715.736	573
716.916	627
718.096	592
719.274	590
720.453	606
721.632	597
722.81	596
723.988	600
725.168	592
726.345	573
727.523	599
728.701	571
729.878	574
731.055	573
732.232	620
733.408	583
734.585	595
735.761	545
736.938	597
738.113	570
739.289	591
740.465	560
741.64	549
742.816	601
743.991	565
745.165	567
746.34	601
747.515	587
748.689	566
749.863	580
751.037	564
752.211	538
753.384	582
754.558	590
755.731	575
756.903	570
758.076	605
759.248	577
760.421	573
761.593	592
762.765	564
763.937	574
765.108	555
766.279	573
767.451	555
768.622	577
769.793	590
770.962	586
772.133	563
773.303	588
774.474	560
775.642	584
776.812	562
777.982	590
779.152	586
780.32	574
781.489	587
782.658	574
783.825	571
784.994	540
786.163	588
787.331	574
788.498	566
789.666	587
790.832	590
792	604
793.167	581
794.333	584
795.5	557
796.667	572
797.832	597
798.998	569
800.163	551
801.329	579
802.494	542
803.66	551
804.824	567
805.989	542
807.153	562
808.318	567
809.483	552
810.646	566
811.81	520
812.974	567
814.137	590
815.301	548
816.463	553
817.627	561
818.789	546
819.952	531
821.114	554
822.275	559
823.438	542
824.599	564
825.761	572
826.922	543
828.083	553
829.244	577
830.405	561
831.565	565
832.726	540
833.886	566
835.045	561
836.206	591
837.365	547
838.524	548
839.683	568
840.843	573
842.001	568
843.159	582
844.318	572
845.477	574
846.635	591
847.792	604
848.949	595
850.108	629
851.265	596
852.422	638
853.578	650
854.735	662
855.891	639
857.049	641
858.205	686
859.36	735
860.516	738
861.671	782
862.827	848
863.982	895
865.137	972
866.291	1080
867.446	1242
868.601	1315
869.756	1477
870.909	1645
872.063	1787
873.217	1918
874.37	2100
875.524	2144
876.677	2220
877.83	2273
878.982	2116
880.135	2070
881.287	1959
882.439	1683
883.59	1547
884.742	1438
885.894	1220
887.045	1120
888.196	996
889.347	927
890.498	830
891.649	799
892.8	742
893.95	705
895.099	668
896.249	631
897.399	609
898.549	600
899.698	564
900.848	593
901.995	544
903.144	538
904.293	553
905.442	519
906.589	539
907.737	536
908.885	524
910.033	520
911.18	504
912.327	534
913.475	506
914.622	527
915.768	494
916.914	476
918.061	468
919.206	475
920.353	515
921.499	474
922.643	475
923.789	471
924.933	483
926.079	467
927.224	455
928.368	483
929.513	463
930.656	490
931.801	470
932.945	504
934.088	476
935.232	463
936.375	469
937.518	466
938.661	462
939.804	453
940.946	480
942.089	478
943.23	490
944.373	448
945.514	459
946.656	476
947.797	489
948.939	455
950.079	467
951.22	454
952.361	478
953.501	486.5
954.642	495
955.782	465
956.921	465
958.061	472
959.2	479
960.339	502
961.479	489
962.618	471
963.756	455
964.896	485
966.034	465
967.171	465
968.31	453
969.448	469
970.585	485
971.722	477
972.86	456
973.997	456
975.134	462
976.27	475
977.406	497
978.544	483
979.68	494
980.815	445
981.951	459
983.086	465
984.223	466
985.358	450
986.493	478
987.627	498
988.762	465
989.896	457
991.03	452
992.164	479
993.298	469
994.433	455
995.566	452
996.7	460
997.833	468
998.966	480
1000.1	485
1001.23	468
1002.36	437
1003.5	480
1004.63	441
1005.76	471
1006.89	452
1008.02	452
1009.15	456
1010.29	463
1011.42	491
1012.55	500
1013.68	459
1014.81	485
1015.94	483
1017.07	500
1018.2	472
1019.33	481
1020.46	489
1021.59	488
1022.71	494
1023.84	529
1024.97	522
1026.1	538
1027.23	563
1028.36	547
1029.49	572
1030.61	593
1031.74	622
1032.87	614
1034	635
1035.12	674
1036.25	733
1037.38	751
1038.5	781
1039.63	825
1040.76	848
1041.88	868
1043.01	886
1044.13	895
1045.26	871
1046.38	877
1047.51	853
1048.63	821
1049.76	827
1050.88	791
1052.01	751
1053.13	704
1054.25	684
1055.38	693
1056.5	664
1057.63	685
1058.75	652
1059.87	633
1060.99	602
1062.12	606
1063.24	613
1064.36	651
1065.48	633
1066.61	625
1067.73	668
1068.85	660
1069.97	668
1071.09	674
1072.21	696
1073.33	723
1074.45	760
1075.57	772
1076.69	789
1077.82	806
1078.93	808
1080.05	874
1081.17	873
1082.29	836
1083.41	838
1084.53	915
1085.65	869
1086.77	837
1087.89	827
1089.01	839
1090.12	816
1091.24	774
1092.36	753
1093.48	741
1094.59	698
1095.71	712
1096.83	627
1097.94	646
1099.06	582
1100.18	585
1101.29	571
1102.41	578
1103.53	563
1104.64	542
1105.76	548
1106.87	527
1107.99	537
1109.1	517
1110.22	528
1111.33	505
1112.45	516
1113.56	551
1114.68	485
1115.79	487
1116.9	508
1118.02	536
1119.13	515
1120.24	534
1121.36	521
1122.47	532
1123.58	501
1124.69	513
1125.81	510
1126.92	486
1128.03	481
1129.14	468
1130.25	491
1131.37	479
1132.48	487
1133.59	442
1134.7	458
1135.81	457
1136.92	458
1138.03	471
1139.14	444
1140.25	461
1141.36	442
1142.47	427
1143.58	428
1144.69	431
1145.8	415
1146.9	426
1148.01	415
1149.12	420
1150.23	416
1151.34	429
1152.45	417
1153.55	414
1154.66	438
1155.77	421
1156.88	395
1157.98	404
1159.09	402
1160.2	413
1161.3	401
1162.41	400
1163.52	405
1164.62	418
1165.73	406
1166.83	406
1167.94	358
1169.04	397
1170.15	409
1171.25	362
1172.36	376
1173.46	384
1174.57	374
1175.67	396
1176.78	398
1177.88	359
1178.98	385
1180.09	353
1181.19	370
1182.29	408
1183.4	356
1184.5	367
1185.6	369
1186.7	370
1187.81	356
1188.91	353
1190.01	408
1191.11	384
1192.21	341
1193.31	371
1194.41	372
1195.52	368
1196.62	367.284
1197.72	354.59
1198.82	352.941
1199.92	384.956
1201.02	386.374
1202.12	379.005
1203.22	383.294
1204.32	348.075
1205.42	336.247
1206.52	376.096
1207.61	356.019
1208.71	374.413
1209.81	348.699
1210.91	376.59
1212.01	364.392
1213.11	374.882
1214.21	361.286
1215.3	377.811
1216.4	377.939
1217.5	371.474
1218.6	387.824
1219.69	363.796
1220.79	368.478
1221.89	385.625
1222.98	384.888
1224.08	366.089
1225.17	377.835
1226.27	387.208
1227.37	370.307
1228.46	381.182
1229.56	384.085
1230.65	381.516
1231.75	377.384
1232.84	400.889
1233.94	393.744
1235.03	400.198
1236.13	401.515
1237.22	389.09
1238.31	382.513
1239.41	392.436
1240.5	390.863
1241.6	405.206
1242.69	405.342
1243.78	399.373
1244.88	403.385
1245.97	405.99
1247.06	402.261
1248.15	401.179
1249.24	413.476
1250.34	414.764
1251.43	399.804
1252.52	427.652
1253.61	426.538
1254.7	417.205
1255.8	438.207
1256.89	436.566
1257.98	436.248
1259.07	466.56
1260.16	456.272
1261.25	491.54
1262.34	492.272
1263.43	512.151
1264.52	528.425
1265.61	516.876
1266.7	523.37
1267.79	549.964
1268.87	557.993
1269.96	564.243
1271.05	586.711
1272.14	591.277
1273.23	601.547
1274.32	606.816
1275.41	605.59
1276.49	599.266
1277.58	580.889
1278.67	582.708
1279.76	574
1280.84	548.641
1281.93	551.823
1283.02	548.832
1284.1	511.584
1285.19	494.571
1286.28	491.493
1287.36	472.646
1288.45	465.393
1289.53	462.868
1290.62	461.711
1291.71	445.445
1292.79	441.402
1293.88	434.542
1294.96	433.754
1296.05	431.927
1297.13	431.667
1298.21	421.575
1299.3	428.56
1300.38	418.691
1301.47	414.991
1302.55	417.959
1303.63	398.729
1304.72	387.537
1305.8	390.294
1306.88	413.928
1307.65	419
1308.74	421
1309.83	411
1310.92	384
1312	388
1313.09	396
1314.18	386
1315.26	379
1316.35	396
1317.44	398
1318.52	399
1319.61	396
1320.7	389
1321.78	382
1322.87	420
1323.95	410
1325.04	389
1326.12	380
1327.21	404
1328.29	399
1329.38	400
1330.46	390
1331.55	387
1332.63	377
1333.72	382
1334.8	420
1335.88	383
1336.97	402
1338.05	391
1339.13	386
1340.22	399
1341.3	376
1342.38	381
1343.47	374
1344.55	380
1345.63	366
1346.71	376
1347.79	410
1348.88	391
1349.96	399
1351.04	380
1352.12	399
1353.2	413
1354.28	382
1355.36	405
1356.44	370
1357.52	395
1358.6	402.5
1359.68	410
1360.76	397
1361.84	420
1362.92	419
1364	418
1365.08	398
1366.16	367
1367.24	403
1368.32	452
1369.39	434
1370.47	419
1371.55	431.5
1372.63	444
1373.71	416
1374.78	436
1375.86	445
1376.94	463
1378.02	459
1379.09	439
1380.17	436
1381.24	462
1382.32	452
1383.4	438
1384.47	492
1385.55	475
1386.62	466
1387.7	462
1388.78	472
1389.85	469
1390.93	439
1392	467
1393.08	488
1394.15	479
1395.22	450
1396.3	478
1397.37	468
1398.45	457
1399.52	465
1400.59	461
1401.67	469
1402.74	460
1403.81	489
1404.88	475
1405.96	501
1407.03	492
1408.1	475
1409.17	493
1410.25	504
1411.32	475
1412.39	493
1413.46	542
1414.53	516
1415.6	510
1416.67	503
1417.74	547
1418.82	544
1419.88	550
1420.96	546
1422.03	507
1423.1	539
1424.16	535
1425.23	541
1426.3	534
1427.37	576
1428.44	547
1429.51	583
1430.58	577
1431.65	601
1432.72	591
1433.79	593
1434.85	609
1435.92	621
1436.99	623
1438.06	649
1439.12	704
1440.19	674
1441.26	745
1442.32	780
1443.39	801
1444.46	871
1445.52	905
1446.59	930
1447.65	1017
1448.72	1046
1449.79	1090
1450.85	1105
1451.92	1129
1452.98	1099
1454.05	1084
1455.11	1023
1456.18	975
1457.24	967
1458.31	885
1459.37	815
1460.43	792
1461.5	749
1462.56	675
1463.63	647
1464.69	623
1465.75	598
1466.81	609
1467.88	580
1468.94	597
1470	563
1471.06	537
1472.13	573
1473.19	550
1474.25	567
1475.31	598
1476.37	585
1477.44	579
1478.5	548
1479.56	588
1480.62	579
1481.68	585
1482.74	609
1483.8	586
1484.86	566
1485.92	553
1486.98	566
1488.04	532
1489.1	549
1490.16	499
1491.22	517
1492.27	475
1493.33	472
1494.39	462
1495.45	463
1496.51	445
1497.57	435
1498.63	447
1499.68	433
1500.74	400
1501.8	409
1502.85	446
1503.91	399
1504.97	422
1506.03	375
1507.08	392
1508.14	382
1509.2	398
1510.25	397
1511.31	374
1512.36	382
1513.42	386
1514.47	393
1515.53	377
1516.58	373
1517.64	373
1518.69	377
1519.75	354
1520.8	368
1521.86	386
1522.91	348
1523.97	337
1525.02	341
1526.07	365
1527.13	358
1528.18	360
1529.23	356
1530.29	340
1531.34	329
1532.39	344
1533.44	365
1534.5	337
1535.55	332
1536.6	348
1537.65	346
1538.7	335
1539.75	342
1540.81	327
1541.86	343
1542.91	317
1543.96	328
1545.01	312
1546.06	315
1547.11	328
1548.16	330
1549.21	327
1550.26	307
1551.31	318
1552.36	320
1553.41	293
1554.46	305
1555.51	313
1556.56	313
1557.6	321
1558.65	322
1559.7	332
1560.75	299
1561.8	316
1562.85	330
1563.89	323
1564.94	309
1565.99	314
1567.03	302
1568.08	292
1569.13	325
1570.18	307
1571.22	306
1572.27	311
1573.31	297
1574.36	322
1575.41	315
1576.45	315
1577.5	305
1578.54	306
1579.59	320
1580.63	329
1581.68	296
1582.72	295
1583.77	304
1584.81	306
1585.86	298
1586.9	311
1587.94	318
1588.99	326
1590.03	299
1591.07	330
1592.12	323
1593.16	323
1594.2	348
1595.25	309
1596.29	317
1597.33	336
1598.37	324
1599.41	338
1600.46	314
1601.5	298
1602.54	307
1603.58	318
1604.62	330
1605.66	341
1606.71	338
1607.75	329
1608.79	314
1609.83	327
1610.87	308
1611.91	324
1612.95	335
1613.99	342
1615.03	348
1616.07	322
1617.11	336
1618.14	330
1619.18	349
1620.22	335
1621.26	321
1622.3	319
1623.34	337
1624.38	346
1625.42	339
1626.45	327
1627.49	334
1628.53	351
1629.56	356
1630.6	346
1631.64	327
1632.68	359
1633.71	318
1634.75	321
1635.79	322
1636.82	343
1637.86	343
1638.89	338
1639.93	319
1640.97	314
1642	314
1643.04	332
1644.07	316
1645.11	336
1646.14	312
1647.18	343
1648.21	333
1649.24	303
1650.28	346
1651.31	313
1652.35	324
1653.38	311
1654.41	350
1655.45	307
1656.48	323
1657.51	306
1658.55	310
1659.58	326
1660.61	293
1661.64	309
1662.67	309
1663.71	304
1664.74	293
1665.77	322
1666.8	293
1667.83	305
1668.86	281
1669.9	314
1670.93	321
1671.96	294
1672.99	308
1674.02	296
1675.05	308
1676.08	326
1677.11	287
1678.14	295
1679.17	308
1680.2	300
1681.23	294
1682.26	302
1683.28	288
1684.31	288
1685.34	305
1686.37	290
1687.4	262
1688.43	303
1689.46	283
1690.48	286
1691.51	288
1692.54	267
1693.57	272
1694.59	283
1695.62	282
1696.65	278
1697.67	269
1698.7	277
1699.73	271
1700.75	291
1701.78	273
1702.8	283
1703.83	297
1704.86	256
1705.88	259
1706.91	269
1707.93	268
1708.96	263
1709.98	286
1711.01	261
1712.03	272
1713.05	255
1714.08	250
1715.1	299
1716.13	263
1717.15	259
1718.17	247
1719.2	254
1720.22	268
1721.24	237
1722.27	262
1723.29	250
1724.31	257
1725.34	258
1726.36	258
1727.38	248
1728.4	283
1729.42	256
1730.44	262
1731.47	252
1732.49	255
1733.51	259
1734.53	263
1735.55	260
1736.57	257
1737.59	262
1738.61	249
1739.63	246
1740.65	251
1741.67	258
1742.69	268
1743.71	257
1744.73	237
1745.75	251
1746.77	257
1747.79	248
1748.81	261
1749.82	247
1750.84	256
1751.86	258
1752.88	233
1753.9	264
1754.92	238
1755.93	246
1756.95	254
1757.97	258
1758.99	259
1760	269
1761.02	250
1762.04	250
1763.05	272
1764.07	270
1765.09	259
1766.1	239
1767.12	257
1768.13	256
1769.15	250
1770.16	242
1771.18	245
1772.19	242
1773.21	254
1774.22	248
1775.24	232
1776.25	266
1777.27	244
1778.28	251
1779.3	253
1780.31	254
1781.32	254
1782.34	234
1783.35	244
1784.36	249
1785.38	254
1786.39	252
1787.4	243
1788.41	238
1789.43	269
1790.44	251
1791.45	252
1792.46	251
1793.48	247
1794.49	240
1795.5	240
1796.51	252
1797.52	257
1798.53	250
1799.54	222
1800.55	251
1801.56	268
1802.58	229
1803.58	256
1804.6	245
1805.61	238
1806.61	252
1807.62	249
1808.63	260
1809.64	244
1810.65	239
1811.66	243
1812.67	254
1813.68	255
1814.69	247
1815.7	264
1816.7	262
1817.71	236
1818.72	257
1819.73	242
1820.73	251
1821.74	246
1822.75	237
1823.76	249
1824.76	242
1825.77	272
1826.78	235
1827.78	239
1828.79	222
1829.8	245
1830.8	244
1831.81	228
1832.81	237
1833.82	227
1834.83	232
1835.83	229
1836.84	235
1837.84	230
1838.85	222
1839.85	234
1840.85	205
1841.86	233
1842.86	223
1843.87	219
1844.87	240
1845.87	233
1846.88	242
1847.88	233
1848.89	214
1849.89	214
1850.89	233
1851.89	222
1852.9	230
1853.9	209
1854.9	230
1855.9	223
1856.91	215
1857.91	233
1858.91	250
1859.91	239
1860.91	202
1861.91	224
1862.91	224
1863.92	218
1864.92	214
1865.92	227
1866.92	210
1867.92	225
1868.92	208
1869.92	215
1870.92	207
1871.92	218
1872.92	227
1873.92	218
1874.91	236
1875.91	223
1876.91	214
1877.91	238
1878.91	222
1879.91	234
1880.91	230
1881.9	218
1882.9	215
1883.9	212
1884.9	219
1885.9	215
1886.89	230
1887.89	238
1888.89	236
1889.88	210
1890.88	206
1891.88	204
1892.87	210
1893.87	225
1894.87	216
1895.86	219
1896.86	227
1897.85	233
1898.85	211
1899.84	232
1900.84	218
1901.83	202
1902.83	213
1903.83	228
1904.82	221
1905.81	235
1906.81	216
1907.8	201
1908.8	225
1909.79	228
1910.78	192
1911.78	219
1912.77	211
1913.76	242
1914.76	229
1915.75	212
1916.74	223
1917.74	212
1918.73	224
1919.72	224
1920.71	237
1921.7	229
1922.7	213
1923.69	219
1924.68	229
1925.67	205
1926.66	212
1927.65	228
1928.64	240
1929.64	213
1930.63	215
1931.62	220
1932.61	217
1933.6	225
1934.59	225
1935.58	225
1936.57	236
1937.56	225
1938.54	204
1939.53	238
1940.52	221
1941.51	208
1942.5	213
1943.49	225
1944.48	232
1945.47	216
1946.45	238
1947.44	204
1948.43	200
1949.42	237
1950.41	219
1951.39	210
1952.38	225
1953.37	199
1954.35	210
1955.34	207
1956.33	206
1957.32	217
1958.3	208
1959.29	205
1960.27	203
1961.26	208
1962.25	204
1963.23	215
1964.22	218
1965.2	218
1966.19	218
1967.17	218
1968.16	215
1969.14	225
1970.13	210
1971.11	224
1972.1	199
1973.08	210
1974.06	203
1975.05	232
1976.03	197
1977.01	206
1978	204
1978.98	214
1979.96	218
1980.95	218
1981.93	209
1982.91	196
1983.89	201
1984.88	218
1985.86	216
1986.84	214
1987.82	202
1988.8	213
1989.79	210
1990.77	206
1991.75	224
1992.73	206
1993.71	224
1994.69	235
1995.67	207
1996.65	208
1997.63	215
1998.61	211
1999.59	220
2000.57	205
2001.55	209
2002.53	209
2003.51	194
2004.49	210
2005.47	212
2006.45	200
2007.43	220
2008.41	206
2009.38	233
2010.36	202
2011.34	203
2012.32	193
2013.3	218
2014.28	218
2015.25	230
2016.23	217
2017.21	220
2018.18	204
2019.16	219
2020.14	232
2021.12	224
2022.09	216
2023.07	221
2024.04	217
2025.02	221
2026	203
2026.97	213
2027.95	207
2028.92	224
2029.9	225
2030.87	227
2031.85	231
2032.82	234
2033.8	225
2034.77	211
2035.75	228
2036.72	223
2037.7	240
2038.67	215
2039.64	221
2040.62	220
2041.59	222
2042.57	195
2043.54	236
2044.51	221
2045.48	220
2046.46	220
2047.43	226
2048.4	215
2049.37	214
2050.35	206
2051.32	243
2052.29	216
2053.26	241
2054.24	224
2055.21	220
2056.18	217
2057.15	221
2058.12	217
2059.09	234
2060.06	210
2061.03	207
2062	225
2062.97	217
2063.94	222
2064.91	216
2065.88	212
2066.85	203
2067.82	211
2068.79	211
2069.76	211
2070.73	226
2071.7	215
2072.67	221
2073.64	224
2074.61	221
2075.57	219
2076.54	214
2077.51	220
2078.48	218
2079.45	219
2080.41	216
2081.38	202
2082.35	226
2083.32	229
2084.28	205
2085.25	215
2086.22	224
2087.18	218
2088.15	230
2089.12	215
2090.08	216
2091.05	229
2092.01	199
2092.98	205
2093.95	220
2094.91	206
2095.88	217
2096.84	207
2097.81	212
2098.77	199
2099.74	211
2100.7	211
2101.67	220
2102.63	223
2103.59	214
2104.56	204
2105.52	222
2106.49	218
2107.45	205
2108.41	213
2109.38	217
2110.34	207
2111.3	198
2112.26	197
2113.23	215
2114.19	213
2115.15	213
2116.11	198
2117.08	197
2118.04	216
2119	220
2119.96	224
2120.92	220
2121.88	211
2122.85	208
2123.81	220
2124.77	213
2125.73	203
2126.69	207
2127.65	210
2128.61	218
2129.57	215
2130.53	217
2131.49	228
2132.45	221
2133.41	215
2134.37	193
2135.33	195
2136.29	221
2137.25	204
2138.21	199
2139.16	205
2140.12	207
2141.08	218
2142.04	212
2143	218
2143.95	205
2144.91	205
2145.87	190
2146.83	194.099
2147.79	206.094
2148.74	197.815
2149.7	214.328
2150.66	195.92
2151.61	203.428
2152.57	197.509
2153.53	203.143
2154.48	183.98
2155.44	203.018
2156.4	203.619
2157.35	206.248
2158.31	216.212
2159.26	213.668
2160.22	202.458
2161.17	193.948
2162.13	200.208
2163.08	214.51
2164.04	212.784
2164.99	205.532
2165.95	208.522
2166.9	205.396
2167.86	204.874
2168.81	200.259
2169.77	204.709
2170.72	199.776
2171.67	203.389
2172.63	197.241
2173.58	210.783
2174.53	208.61
2175.49	214.773
2176.44	192.204
2177.39	197.323
2178.34	199.923
2179.3	193.997
2180.25	201.193
2181.2	200.66
2182.15	197.015
2183.11	196.318
2184.06	201.084
2185.01	212.96
2185.96	200.337
2186.91	201.314
2187.86	199.302
2188.82	195.833
2189.77	205.019
2190.72	207.118
2191.67	205.109
2192.62	210.604
2193.57	201.965
2194.52	210.787
2195.47	194.309
2196.42	203.307
2197.37	208.103
2198.32	195.411
2199.27	207.228
2200.22	202.737
2201.17	201.745
2202.12	200.254
2203.07	196.899
2204.02	202.83
2204.96	211.849
2205.91	200.911
2206.86	208.325
2207.81	204.738
2208.76	207.413
2209.71	209.079
2210.65	203.506
2211.6	202.998
2212.55	215.289
2213.5	209.001
2214.44	209.155
2215.39	194.692
2216.34	209.06
2217.28	207.135
2218.23	208.96
2219.18	210.271
2220.12	210.946
2221.07	209.434
2222.02	208.698
2222.96	213.941
2223.91	218.627
2224.85	218.977
2225.8	222.146
2226.74	216.961
2227.69	207.929
2228.63	210.617
2229.58	210.664
2230.52	208.546
2231.47	205.797
2232.41	209.363
2233.36	216.148
2234.3	218.729
2235.25	220.217
2236.19	215.468
2237.14	204.674
2238.08	220.481
2239.02	218.5
2239.97	214.393
2240.91	219.797
2241.85	219.533
2242.5	234
2243.45	227
2244.39	241
2245.34	227
2246.29	224
2247.24	215
2248.18	226
2249.13	230
2250.08	236
2251.02	218
2251.97	236
2252.92	221
2253.86	231
2254.81	226
2255.76	220
2256.7	213
2257.65	217
2258.59	204
2259.54	218
2260.48	223
2261.43	226
2262.37	218
2263.32	214
2264.26	218
2265.21	219
2266.15	232
2267.1	210
2268.04	232
2268.98	239
2269.93	216
2270.87	217
2271.81	212
2272.76	220
2273.7	217
2274.64	200
2275.59	221
2276.53	224
2277.47	234
2278.42	226
2279.36	205
2280.3	220
2281.24	221
2282.18	224
2283.13	227
2284.07	229
2285.01	222
2285.95	232
2286.89	217
2287.83	214.5
2288.77	212
2289.72	211
2290.66	217
2291.6	217
2292.54	226
2293.48	216
2294.42	220
2295.36	205
2296.3	230
2297.24	209
2298.18	241
2299.12	226
2300.06	211
2301	229
2301.94	216
2302.87	226
2303.81	212
2304.75	219
2305.69	209
2306.63	216
2307.57	217
2308.5	215
2309.44	212
2310.38	218
2311.32	221
2312.26	211
2313.19	225
2314.13	203
2315.07	217
2316	217
2316.94	215
2317.88	208
2318.81	208
2319.75	221
2320.69	228
2321.62	226
2322.56	217
2323.5	221
2324.43	238
2325.37	221
2326.3	223
2327.24	224
2328.17	235
2329.11	222
2330.04	228
2330.98	248
2331.91	231
2332.85	234
2333.78	227
2334.72	229
2335.65	228
2336.58	230
2337.52	204
2338.45	252
2339.38	220
2340.32	225
2341.25	222
2342.18	237
2343.12	228
2344.05	223
2344.98	227
2345.91	233
2346.85	214
2347.78	215
2348.71	235
2349.64	229
2350.57	255
2351.51	215
2352.44	218
2353.37	221
2354.3	225
2355.23	223
2356.16	216
2357.09	221
2358.02	234
2358.96	238
2359.89	227
2360.82	214
2361.75	234
2362.68	231
2363.61	219
2364.54	242
2365.47	218
2366.4	225
2367.32	242
2368.25	228
2369.18	231
2370.11	218
2371.04	223
2371.97	221
2372.9	235
2373.83	223
2374.75	248
2375.68	218
2376.61	225
2377.54	216
2378.47	219
2379.39	211
2380.32	223
2381.25	214
2382.18	213
2383.1	222
2384.03	241
2384.96	232
2385.88	220
2386.81	227
2387.73	227
2388.66	234
2389.59	227
2390.51	214
2391.44	219
2392.36	235
2393.29	228
2394.22	226
2395.14	205
2396.07	212
2396.99	214
2397.92	239
2398.84	226
2399.76	205
2400.69	234
2401.61	226
2402.54	229
2403.46	216
2404.39	213
2405.31	229
2406.23	221
2407.16	233
2408.08	218
2409	242
2409.93	226
2410.85	228
2411.77	227
2412.69	221
2413.62	221
2414.54	210
2415.46	224
2416.38	212
2417.31	247
2418.23	219
2419.15	231
2420.07	229
2420.99	228
2421.91	229
2422.83	214
2423.76	219
2424.68	208
2425.6	215
2426.52	224
2427.44	251
2428.36	211
2429.28	228
2430.2	216
2431.12	224
2432.04	238
2432.96	210
2433.88	222
2434.8	222
2435.72	224
2436.64	236
2437.55	229
2438.47	221
2439.39	210
2440.31	234
2441.23	225
2442.15	220
2443.06	207
2443.98	229
2444.9	216
2445.82	214
2446.74	240
2447.65	222
2448.57	229
2449.49	234
2450.4	235
2451.32	235
2452.24	221
2453.16	230
2454.07	225
2454.99	216
2455.9	243
2456.82	220
2457.74	229
2458.65	226
2459.57	228
2460.48	235
2461.4	222
2462.31	235
2463.23	225
2464.14	240
2465.06	218
2465.97	206
2466.89	225
2467.8	237
2468.72	235
2469.63	235
2470.55	221
2471.46	226
2472.37	231
2473.29	227
2474.2	240
2475.11	227
2476.03	223
2476.94	225
2477.85	214
2478.77	242
2479.68	224
2480.59	225
2481.5	224
2482.42	229
2483.33	214
2484.24	239
2485.15	227
2486.06	223
2486.98	228
2487.89	223
2488.8	232
2489.71	211
2490.62	231
2491.53	231
2492.44	212
2493.35	223
2494.26	224
2495.18	222
2496.08	224
2497	227
2497.91	229
2498.82	242
2499.72	227
2500.64	227
2501.54	225
2502.45	229
2503.36	224
2504.27	213
2505.18	214
2506.09	219
2507	215
2507.91	215
2508.82	217
2509.72	221
2510.63	228
2511.54	210
2512.45	216
2513.36	221
2514.26	233
2515.17	230
2516.08	221
2516.99	219
2517.89	232
2518.8	220
2519.71	228
2520.61	236
2521.52	231
2522.43	228
2523.33	231
2524.24	245
2525.14	240
2526.05	233
2526.96	250
2527.86	226
2528.77	244
2529.67	233
2530.58	217
2531.48	226
2532.39	228
2533.29	233
2534.2	235
2535.1	227
2536.01	224
2536.91	220
2537.81	221
2538.72	244
2539.62	244
2540.53	224
2541.43	245
2542.33	236
2543.24	208
2544.14	233
2545.04	233
2545.95	228
2546.85	245
2547.75	239
2548.65	242
2549.56	231
2550.46	237
2551.36	237
2552.26	240
2553.17	224
2554.07	241
2554.97	242
2555.87	233
2556.77	218
2557.67	207
2558.57	235
2559.48	228
2560.38	216
2561.28	223
2562.18	225
2563.08	227
2563.98	236
2564.88	224
2565.78	240
2566.68	213
2567.58	232
2568.48	222
2569.38	233
2570.28	230
2571.18	257
2572.08	231
2572.97	250
2573.87	229
2574.77	225
2575.67	223
2576.57	207
2577.47	226
2578.37	229
2579.26	222
2580.16	225
2581.06	237
2581.96	224
2582.85	239
2583.75	230
2584.65	242
2585.55	233
2586.44	235
2587.34	224
2588.24	228
2589.13	217
2590.03	224
2590.93	228
2591.82	219
2592.72	227
2593.61	233
2594.51	228
2595.41	240
2596.3	222
2597.2	231
2598.09	230
2598.99	226
2599.88	229
2600.78	212
2601.67	228
2602.57	216
2603.46	225
2604.36	201
2605.25	233
2606.14	219
2607.04	228
2607.93	226
2608.83	204
2609.72	220
2610.61	216
2611.51	226
2612.4	236
2613.29	227
2614.19	239
2615.08	222
2615.97	242
2616.86	229
2617.76	220
2618.65	234
2619.54	228
2620.43	235
2621.32	207
2622.22	235
2623.11	207
2624	208
2624.89	239
2625.78	224
2626.67	236
2627.56	220
2628.46	214
2629.35	215
2630.24	250
2631.13	232
2632.02	213
2632.91	226
2633.8	206
2634.69	237
2635.58	222
2636.47	221
2637.36	257
2638.25	222
2639.14	207
2640.02	210
2640.91	238
2641.8	222
2642.69	219
2643.58	220
2644.47	214
2645.36	230
2646.25	219
2647.13	217
2648.02	225
2648.91	211
2649.8	240
2650.68	215
2651.57	210
2652.46	214
2653.35	223
2654.23	221
2655.12	216
2656.01	217
2656.89	224
2657.78	201
2658.67	234
2659.55	227
2660.44	224
2661.33	216
2662.21	221
2663.1	232
2663.98	207
2664.87	229
2665.75	213
2666.64	231
2667.52	237
2668.41	252
2669.29	240
2670.18	209
2671.06	217
2671.95	227
2672.83	227
2673.72	230
2674.6	243
2675.49	232
2676.37	225
2677.25	231
2678.14	227
2679.02	212
2679.9	227
2680.79	233
2681.67	220
2682.55	223
2683.44	235
2684.32	224
2685.2	238
2686.08	228
2686.97	235
2687.85	243
2688.73	252
2689.61	221
2690.49	239
2691.38	242
2692.26	227
2693.14	244
2694.02	244
2694.9	266
2695.78	255
2696.66	246
2697.54	249
2698.42	267
2699.3	254
2700.19	274
2701.07	266
2701.95	286
2702.83	278
2703.71	281
2704.58	280
2705.47	274
2706.34	292
2707.22	306
2708.1	305
2708.98	306
2709.86	291
2710.74	309
2711.62	318
2712.5	313
2713.38	289
2714.25	333
2715.13	324
2716.01	319
2716.89	320
2717.77	336
2718.64	319
2719.52	328
2720.4	336
2721.28	328
2722.15	353
2723.03	325
2723.91	343
2724.78	326
2725.66	328
2726.54	348
2727.41	333
2728.29	323
2729.17	332
2730.04	330
2730.92	334
2731.79	331
2732.67	326
2733.55	357
2734.42	298
2735.3	318
2736.17	316
2737.05	326
2737.92	316
2738.8	308
2739.67	325
2740.55	325
2741.42	316
2742.29	291
2743.17	317
2744.04	325
2744.92	313
2745.79	314
2746.66	315
2747.54	314
2748.41	310
2749.28	306
2750.16	315
2751.03	318
2751.9	307
2752.77	331
2753.65	319
2754.52	315
2755.39	295
2756.27	305
2757.14	308
2758.01	299
2758.88	306
2759.75	311
2760.62	285
2761.5	305
2762.37	281
2763.24	303
2764.11	297
2764.98	305
2765.85	300
2766.72	285
2767.59	291
2768.46	307
2769.33	278
2770.2	303
2771.07	290
2771.94	264
2772.81	274
2773.68	262
2774.55	276
2775.42	282
2776.29	282
2777.16	297
2778.03	294
2778.9	301
2779.77	278
2780.64	286
2781.51	255
2782.37	286
2783.24	290
2784.11	285
2784.98	259
2785.85	284
2786.71	296
2787.58	293
2788.45	273
2789.32	275
2790.18	287
2791.05	278.5
2791.92	270
2792.79	290
2793.65	291
2794.52	264
2795.39	286
2796.25	285
2797.12	280
2797.98	297
2798.85	313
2799.72	304
2800.58	318
2801.45	311
2802.31	284
2803.18	325
2804.04	307
2804.91	318
2805.77	308
2806.64	318
2807.5	328
2808.37	318
2809.23	340
2810.1	322
2810.96	332
2811.83	353
2812.69	331
2813.55	327
2814.42	350
2815.28	352
2816.15	354
2817.01	344
2817.87	362
2818.74	368
2819.6	361
2820.46	358
2821.32	385
2822.19	386
2823.05	391
2823.91	392
2824.77	411
2825.64	390
2826.5	405
2827.36	420
2828.22	424
2829.08	430
2829.95	441
2830.81	397
2831.67	453
2832.53	446
2833.39	443
2834.25	450
2835.11	477
2835.97	471
2836.83	454
2837.69	472
2838.55	481
2839.41	478
2840.27	477
2841.13	478
2841.99	476
2842.85	485
2843.71	497
2844.57	482
2845.43	502
2846.29	469
2847.15	508
2848.01	481
2848.87	530
2849.73	542
2850.59	540
2851.44	519
2852.3	535
2853.16	535
2854.02	585
2854.88	597
2855.73	570
2856.59	617
2857.45	630
2858.31	592
2859.16	647
2860.02	655
2860.88	650
2861.74	683
2862.59	681
2863.45	720
2864.31	763
2865.16	808
2866.02	839
2866.88	861
2867.73	879
2868.59	932
2869.44	994
2870.3	1033
2871.15	1051
2872.01	1166
2872.86	1234
2873.72	1300
2874.58	1338
2875.43	1349
2876.28	1401
2877.14	1401
2877.99	1462
2878.85	1546
2879.7	1478
2880.56	1546
2881.41	1502
2882.27	1481
2883.12	1525
2883.97	1468
2884.83	1414
2885.68	1474
2886.53	1435
2887.39	1426
2888.24	1387
2889.09	1379
2889.95	1370
2890.8	1358
2891.65	1377
2892.5	1297
2893.36	1294
2894.21	1286
2895.06	1332
2895.91	1251
2896.76	1288
2897.62	1226
2898.47	1302
2899.32	1226
2900.17	1201
2901.02	1179
2901.87	1203
2902.72	1175
2903.58	1194
2904.43	1174
2905.28	1118
2906.13	1119
2906.98	1133
2907.83	1112
2908.68	1103
2909.53	1119
2910.38	1112
2911.23	1101
2912.08	1110
2912.93	1148
2913.78	1140
2914.63	1097
2915.48	1201
2916.33	1242
2917.17	1217
2918.02	1293
2918.87	1335
2919.72	1402
2920.57	1494
2921.42	1588
2922.27	1706
2923.11	1836
2923.96	1925
2924.81	2003
2925.66	2081
2926.51	2179
2927.35	2270
2928.2	2361
2929.05	2421
2929.89	2464
2930.74	2447
2931.59	2559
2932.43	2415
2933.28	2480
2934.13	2390
2934.97	2312
2935.82	2270
2936.67	2124
2937.51	2083
2938.36	1965
2939.2	1926
2940.05	1842
2940.9	1755
2941.74	1672
2942.59	1614
2943.43	1558
2944.28	1465
2945.12	1414
2945.97	1324
2946.81	1349
2947.66	1283
2948.5	1151
2949.35	1155
2950.19	1099
2951.03	1088
2951.88	1004
2952.72	1034
2953.56	977
2954.41	944
2955.25	958
2956.09	926
2956.94	911
2957.78	905
2958.62	888
2959.47	914
2960.31	869
2961.15	879
2962	906
2962.84	894
2963.68	915
2964.52	941
2965.36	973
2966.21	1004
2967.05	1030
2967.89	1029
2968.73	1069
2969.57	1121
2970.41	1106
2971.26	1126
2972.1	1135
2972.94	1166
2973.78	1215
2974.62	1196
2975.46	1256
2976.3	1194
2977.14	1259.16
2977.98	1258.92
2978.82	1242.73
2979.66	1251.41
2980.5	1230.37
2981.34	1186.42
2982.18	1135.71
2983.02	1155.2
2983.86	1090.91
2984.7	1049.37
2985.54	1041.21
2986.38	988.356
2987.22	953.572
2988.05	926.241
2988.89	947.276
2989.73	838.569
2990.57	836.074
2991.41	786.447
2992.25	775.452
2993.08	715.46
2993.92	703.124
2994.76	680.603
2995.6	661.995
2996.44	647.184
2997.27	622.763
2998.11	613.719
2998.95	573.697
2999.78	569.513
3000.62	567.183
3001.46	544.441
3002.3	530.456
3003.13	516.381
3003.97	508.924
3004.8	493.412
3005.64	474.768
3006.48	475.062
3007.31	456.368
3008.15	455.122
3008.99	469.123
3009.82	443.578
3010.66	438.436
3011.49	451.449
3012.33	444.464
3013.16	431.648
3014	441.979
3014.83	439.471
3015.67	442.014
3016.5	442.199
3017.34	433.029
3018.17	421.86
3019.01	423.762
3019.84	395.203
3020.67	405.769
3021.51	402.909
3022.34	402.2
3023.18	407.99
3024.01	408.717
3024.84	386.555
3025.68	374.717
3026.51	397.837
3027.34	397.778
3028.18	400.167
3029.01	382.604
3029.84	383.051
3030.67	399.323
3031.51	392.189
3032.34	382.15
3033.17	390.306
3034	394.002
3034.84	379.447
3035.67	374.875
3036.5	386.464
3037.33	383.793
3038.16	395.422
3038.99	400.475
3039.83	382.368
3040.66	386.2
3041.49	393.514
3042.32	398.518
3043.15	398.631
3043.98	390.394
3044.81	394.248
3045.64	394.024
3046.47	378.807
3047.3	388.728
3048.13	398.01
3048.96	400.161
3049.79	405.856
3050.62	408.292
3051.45	382.341
3052.28	381.458
3053.11	405.962
3053.94	409.421
3054.77	400.273
3055.6	392.922
3056.43	389.571
3057.26	396.59
3058.09	399.475
3058.92	411.119
3059.74	394.108
3060.57	382.997
3060.94	391
3061.77	401
3062.61	400
3063.44	377
3064.27	415
3065.1	386
3065.94	393
3066.77	434
3067.6	405
3068.43	405
3069.26	404
3070.1	397
3070.93	409
3071.76	403
3072.59	407
3073.42	390
3074.25	404
3075.08	424
3075.91	410
3076.74	416
3077.57	406
3078.41	433
3079.24	419
3080.07	441
3080.9	423
3081.73	452
3082.56	434
3083.39	424
3084.22	460
3085.04	396
3085.87	420
3086.7	424
3087.53	411
3088.36	431
3089.19	444
3090.02	432
3090.85	435
3091.68	445
3092.51	434
3093.33	428
3094.16	417
3094.99	454
3095.82	448
3096.65	457
3097.47	437
3098.3	457
3099.13	450
3099.96	465
3100.78	459.5
3101.61	454
3102.44	444
3103.26	479
3104.09	459
3104.92	471
3105.74	501
3106.57	469
3107.4	457
3108.22	510
3109.05	491
3109.88	461
3110.7	459.5
3111.53	458
3112.35	485
3113.18	460
3114	509
3114.83	488
3115.65	487
3116.48	478
3117.3	497
3118.13	519
3118.95	511
3119.78	493
3120.6	473
3121.43	494
3122.25	499
3123.08	496
3123.9	522
3124.72	511
3125.55	516
3126.37	488
3127.2	504
3128.02	503
3128.84	493
3129.67	530
3130.49	516
3131.31	510
3132.13	504
3132.96	507
3133.78	506
3134.6	543
3135.42	526
3136.25	543
3137.07	519
3137.89	528
3138.71	537
3139.53	535
3140.36	524
3141.18	531
3142	565
3142.82	565
3143.64	544
3144.46	526
3145.28	558
3146.11	550
3146.93	551
3147.75	550
3148.57	590
3149.39	545
3150.21	563
3151.03	543
3151.85	551
3152.67	564
3153.49	527
3154.31	528
3155.13	546
3155.95	588
3156.77	545
3157.59	573
3158.41	591
3159.22	573
3160.04	596
3160.86	563
3161.68	580
3162.5	592
3163.32	621
3164.14	571
3164.96	550
3165.77	598
3166.59	600
3167.41	613
3168.23	593
3169.05	587
3169.86	615
3170.68	608
3171.5	590
3172.32	595
3173.13	619
3173.95	617
3174.77	602
3175.58	581
3176.4	607
3177.22	669
3178.03	603
3178.85	611
3179.67	599
3180.48	635
3181.3	616
3182.11	621
3182.93	618
3183.74	635
3184.56	635
3185.38	647
3186.19	621
3187.01	645
3187.82	625
3188.64	651
3189.45	633
3190.27	631
3191.08	602
3191.89	673
3192.71	654
3193.52	639
3194.34	623
3195.15	646
3195.97	688
3196.78	676
3197.59	638
3198.41	665
3199.22	649
3200.03	655
3200.85	683
3201.66	672
3202.47	711
3203.29	647
3204.1	645
3204.91	680
3205.72	650
3206.54	699
3207.35	661
3208.16	680
3208.97	706
3209.79	689
3210.6	684
3211.41	671
3212.22	722
3213.03	690
3213.84	699
3214.65	702
3215.47	703
3216.28	720
3217.09	728
3217.9	681
3218.71	711
3219.52	715
3220.33	724
3221.14	664
3221.95	720
3222.76	684
3223.57	706
3224.38	702
3225.19	676
3226	714
3226.81	683
3227.62	688
3228.43	712
3229.24	704
3230.05	720
3230.86	686
3231.67	719
3232.48	708
3233.28	709
3234.09	726
3234.9	714
3235.71	721
3236.52	726
3237.33	726
3238.13	737
3238.94	731
3239.75	706
3240.56	700
3241.37	703
3242.17	694
3242.98	696
3243.79	746
3244.59	718
3245.4	721
3246.21	733
3247.02	732
3247.82	746
3248.63	752
3249.44	703
3250.24	732
3251.05	739
3251.85	746
3252.66	686
3253.47	709
3254.27	736
3255.08	727
3255.88	740
3256.69	705
3257.49	733
3258.3	718
3259.1	735
3259.91	714
3260.71	740
3261.52	732
3262.32	728
3263.13	743
3263.93	727
3264.74	713
3265.54	715
3266.35	725
3267.15	716
3267.95	698
3268.76	745
3269.56	715
3270.36	737
3271.17	729
3271.97	712
3272.77	738
3273.58	750
3274.38	745
3275.18	716
3275.99	715
3276.79	711
3277.59	714
3278.39	722
3279.2	717
3280	737
3280.8	747
3281.6	696
3282.4	724
3283.21	716
3284.01	733
3284.81	710
3285.61	708
3286.41	720
3287.21	736
3288.01	699
3288.82	739
3289.62	719
3290.42	734
3291.22	735
3292.02	736
3292.82	726
3293.62	721
3294.42	730
3295.22	725
3296.02	669
3296.82	702
3297.62	705
3298.42	705
3299.22	721
3300.02	747
3300.82	699
3301.62	715
3302.42	740
3303.21	713
3304.01	683
3304.81	702
3305.61	739
3306.41	715
3307.21	725
3308.01	712
3308.8	705
3309.6	729
3310.4	712
3311.2	734
3312	725
3312.79	720
3313.59	710
3314.39	696
3315.19	746
3315.98	692
3316.78	710
3317.58	723
3318.37	712
3319.17	736
3319.97	762
3320.76	695
3321.56	747
3322.36	728
3323.15	726
3323.95	756
3324.75	707
3325.54	702
3326.34	733
3327.13	724
3327.93	695
3328.72	741
3329.52	718
3330.31	720
3331.11	757
3331.9	727
3332.7	714
3333.49	717
3334.29	761
3335.08	759
3335.88	716
3336.67	730
3337.47	698
3338.26	752
3339.05	719
3339.85	753
3340.64	696
3341.44	746
3342.23	719
3343.02	735
3343.82	749
3344.61	705
3345.4	733
3346.2	759
3346.99	710
3347.78	733
3348.57	749
3349.37	730
3350.16	705
3350.95	711
3351.74	764
3352.54	738
3353.33	697
3354.12	722
3354.91	706
3355.7	745
3356.49	732
3357.29	734
3358.08	712
3358.87	748
3359.66	725
3360.45	729
3361.24	714
3362.03	755
3362.82	728
3363.61	746
3364.4	728
3365.19	733
3365.98	715
3366.78	752
3367.57	715
3368.36	739
3369.15	759
3369.93	749
3370.72	734
3371.51	739
3372.3	757
3373.09	736
3373.88	740
3374.67	737
3375.46	702
3376.25	723
3377.04	748
3377.83	716
3378.61	731
3379.4	743
3380.19	743
3380.98	729
3381.77	766
3382.56	731
3383.34	729
3384.13	738
3384.92	732
3385.71	738
3386.49	702
3387.28	756
3388.07	742
3388.86	740
3389.64	768
3390.43	802
3391.22	736
3392	745
3392.79	755
3393.58	723
3394.36	721
3395.15	758
3395.93	721
3396.72	726
3397.51	695
3398.29	716
3399.08	723
3399.86	701
3400.65	752
3401.44	713
3402.22	726
3403.01	735
3403.79	751
3404.57	718
3405.36	729
3406.14	729
3406.93	751
3407.71	745
3408.5	718
3409.28	722
3410.07	753
3410.85	700
3411.63	704
3412.42	722
3413.2	732
3413.99	722
3414.77	766
3415.55	728
3416.34	737
3417.12	713
3417.9	736
3418.69	719
3419.47	710
3420.25	700
3421.03	725
3421.82	752
3422.6	729
3423.38	728
3424.16	716
3424.95	717
3425.73	745
3426.51	755
3427.29	690
3428.07	739
3428.85	755
3429.64	673
3430.42	701
3431.2	696
3431.98	696
3432.76	716
3433.54	694
3434.32	756
3435.1	701
3435.88	680
3436.66	724
3437.45	709
3438.23	708
3439.01	735
3439.79	712
3440.57	706
3441.35	676
3442.13	695
3442.9	717
3443.68	705
3444.46	672
3445.24	693
3446.02	712
3446.8	701
3447.58	691
3448.36	698
3449.14	689
3449.92	685
3450.7	670
3451.47	651
3452.25	686
3453.03	661
3453.81	696
3454.59	682
3455.36	668
3456.14	660
3456.92	673
3457.7	640
3458.47	663
3459.25	685
3460.03	638
3460.81	657
3461.58	652
3462.36	636
3463.14	636
3463.91	665
3464.69	678
3465.47	681
3466.24	664
3467.02	653
3467.8	624
3468.57	635
3469.35	663
3470.12	647
3470.9	622
3471.68	647
3472.45	627
3473.23	622
3474	655
3474.78	638
3475.55	658
3476.33	642
3477.1	603
3477.88	628
3478.65	601
3479.43	623
3480.2	641
3480.98	614
3481.75	615
3482.52	601
3483.3	622
3484.07	644
3484.85	597
3485.62	599
3486.39	580
3487.17	585
3487.94	574
3488.71	618
3489.49	598
3490.26	561
3491.03	570
3491.81	589
3492.58	579
3493.35	611
3494.12	578
3494.9	564
3495.67	543
3496.44	541
3497.21	580
3497.99	574
3498.76	546
3499.53	550
3500.3	535
3501.07	543
3501.84	558
3502.62	553
3503.39	528
3504.16	538
3504.93	548
3505.7	543
3506.47	522
3507.24	541
3508.01	492
3508.78	526
3509.55	514
3510.32	503
3511.09	519
3511.86	513
3512.63	514
3513.41	516
3514.17	507
3514.94	500
3515.71	500
3516.48	503
3517.25	479
3518.02	487
3518.79	509
3519.56	483
3520.33	511
3521.1	525
3521.87	493
3522.64	488
3523.4	482
3524.17	457
3524.94	479
3525.71	505
3526.48	480
3527.25	479
3528.01	471
3528.78	470
3529.55	490
3530.32	464
3531.08	464
3531.85	468
3532.62	476
3533.39	455
3534.15	446
3534.92	448
3535.69	467
3536.45	449
3537.22	457
3537.99	455
3538.75	435
3539.52	440
3540.29	420
3541.05	425
3541.82	423
3542.58	411
3543.35	437
3544.12	448
3544.88	459
3545.65	450
3546.41	430
3547.18	426
3547.94	435
3548.71	420
3549.47	429
3550.24	425
3551	387
3551.77	407
3552.53	428
3553.3	416
3554.06	403
3554.83	439
3555.59	393
3556.35	391
3557.12	406
3557.88	412
3558.65	382
3559.41	393
3560.17	402
3560.94	418
3561.7	392
3562.46	389
3563.23	382
3563.99	385
3564.75	381
3565.51	400
3566.28	387
3567.04	367
3567.8	375
3568.56	382
3569.33	370
3570.09	362
3570.85	392
3571.61	383
3572.37	379
3573.14	352
3573.9	395
3574.66	365
3575.42	361
3576.18	366
3576.94	366
3577.7	375
3578.47	344
3579.23	373
3579.99	331
3580.75	338
3581.51	334
3582.27	337
3583.03	328
3583.79	354
3584.55	354
3585.31	356
3586.07	336
3586.83	325
3587.59	329
3588.35	358
3589.11	335
3589.87	331
3590.63	340
3591.39	311
3592.15	336
3592.91	295
3593.66	343
3594.42	334
3595.18	315
3595.94	330
3596.7	306
3597.46	313
3598.22	321
3598.97	307
3599.73	308
3600.49	305
3601.25	287
3602.01	328
3602.76	302
3603.52	305
3604.28	317
3605.04	328
3605.79	287
3606.55	282
3607.31	312
3608.06	274
3608.82	284
3609.58	317
3610.33	284
3611.09	308
3611.85	287
3612.6	288
3613.36	274
3614.12	300
3614.87	280
3615.63	309
3616.38	307
3617.14	291
3617.9	295
3618.65	290
3619.41	292
3620.16	281
3620.92	283
3621.67	268
3622.43	286
3623.18	270
3623.94	291
3624.69	264
3625.45	270
3626.2	260
3626.96	245
3627.71	267
3628.46	277
3629.22	264
3629.97	272
3630.72	266
3631.48	271
3632.23	260
3632.99	245
3633.74	263
3634.49	254
3635.25	252
3636	245
3636.75	252
3637.51	253
3638.26	257
3639.01	266
3639.76	264
3640.52	235
3641.27	241
3642.02	233
3642.77	249
3643.53	237
3644.28	245
3645.03	238
3645.78	243
3646.53	233
3647.28	221
3648.04	236
3648.79	227
3649.54	244
3650.29	254
3651.04	224
3651.79	225
3652.54	231
3653.29	229
3654.04	218
3654.8	215
3655.55	237
3656.3	237
3657.05	218
3657.8	245
3658.55	236
3659.3	226
3660.05	220
3660.8	215
3661.55	214
3662.3	230
3663.05	234
3663.79	206
3664.54	217
3665.29	213
3666.04	199
3666.79	215
3667.54	215
3668.29	193
3669.04	212
3669.79	208
3670.53	209
3671.28	187
3672.03	222
3672.78	205
3673.53	225
3674.27	203
3675.02	196
3675.77	202
3676.52	207
3677.27	199
3678.01	187
3678.76	182
3679.51	206
3680.26	187
3681	169
3681.75	195
3682.5	195
3683.24	182
3683.99	185
3684.74	181
3685.48	178
3686.23	193
3686.97	196
3687.72	186
3688.47	160
3689.21	180
3689.96	183
3690.7	186
3691.45	180
3692.2	160
3692.94	147
3693.69	172
3694.43	188
3695.18	167
3695.92	186
3696.67	173
3697.41	170
3698.16	160
3698.9	154
3699.65	170
3700.39	167
3701.13	162
3701.88	164
3702.62	168
3703.37	139
3704.11	164
3704.85	141
3705.6	181
3706.34	165
3707.08	152
3707.83	155
3708.57	144.024
3709.31	157.838
3710.06	148.645
3710.8	159.566
3711.54	154.438
3712.29	151.33
3713.03	152.579
3713.77	163.78
3714.51	148.683
3715.26	152.786
3716	144.646
3716.74	162.63
3717.48	154.208
3718.22	155.419
3718.97	160.014
3719.71	135.591
3720.45	145.416
3721.19	143.594
3721.93	148.193
3722.67	143.725
3723.42	155.767
3724.16	130.477
3724.9	147.228
3725.64	136.486
3726.38	149.104
3727.12	148.359
3727.86	152.611
3728.6	135.644
3729.34	143.957
3730.08	131.042
3730.82	141.401
3731.56	147.752
3732.3	133.429
3733.04	139.233
3733.78	143.147
3734.52	139.716
3735.26	152.64
3736	144.029
3736.74	141.574
3737.48	144.129
3738.22	139.642
3738.96	144.067
3739.7	145.132
3740.44	149.506
3741.18	137.304
3741.91	136.378
3742.65	144.958
3743.39	146.247
3744.13	136.391
3744.87	144.629
3745.61	139.652
3746.34	133.016
3747.08	131.551
3747.82	138.132
3748.56	141.165
3749.3	142.131
3750.03	139.039
3750.77	127.816
3751.51	145.204
3752.25	143.993
3752.98	137.739
3753.72	142.757
3754.46	139.347
3755.19	141.149
3755.93	137.166
3756.67	134.553
3757.41	136.554
3758.14	139.055
3758.88	141.852
3759.61	142.668
3760.35	143.909
3761.09	138.31
3761.82	131.46
3762.56	139.324
3763.29	136.754
3764.03	135.592
3764.77	134.902
3765.5	136.865
3766.24	136.69
3766.97	132.867
3767.71	142.984
3768.44	134.744
3769.18	132.77
3769.91	126.801
3770.65	136.105
3771.38	138.762
3772.12	127.409
3772.85	130.013
3773.59	130.807
3774.32	129.911
3775.05	138.353
3775.79	151.057
3776.52	151.935
3777.26	145.566
3777.99	144.063
3778.72	144.862
3779.46	141.463
3780.19	131.723
3780.93	131.184
3781.66	131.215
3782.39	135.26
3782.77	144
3783.51	134
3784.25	146
3784.98	135
3785.72	143
3786.46	146
3787.19	144
3787.93	161
3788.67	152
3789.4	133
3790.14	142
3790.88	138
3791.61	146
3792.35	129
3793.08	141
3793.82	146
3794.56	138
3795.29	135
3796.03	132
3796.76	137
3797.5	136
3798.23	137
3798.97	157
3799.7	134
3800.44	126
3801.17	139
3801.91	143
3802.64	125
3803.38	129
3804.11	148
3804.85	139
3805.58	145
3806.32	142
3807.05	137
3807.79	121
3808.52	132
3809.25	140
3809.99	144
3810.72	129
3811.45	146
3812.19	130
3812.92	132
3813.65	135
3814.39	132
3815.12	136
3815.85	142
3816.59	132
3817.32	121
3818.05	132.5
3818.78	144
3819.52	131
3820.25	135
3820.98	142
3821.71	148
3822.45	120
3823.18	139
3823.91	142
3824.64	140
3825.37	139
3826.11	120
3826.84	119.5
3827.57	119
3828.3	138
3829.03	144
3829.76	136
3830.49	129
3831.22	134
3831.96	136
3832.69	118
3833.42	133
3834.15	123
3834.88	129
3835.61	128
3836.34	129
3837.07	135
3837.8	135
3838.53	132
3839.26	131
3839.99	121
3840.72	131
3841.45	136
3842.18	128
3842.91	140
3843.64	129
3844.37	127
3845.09	125
3845.82	126
3846.55	127
3847.28	142
3848.01	126
3848.74	132
3849.47	115
3850.2	128
3850.92	141
3851.65	142
3852.38	133
3853.11	129
3853.84	109
3854.56	120
3855.29	141
3856.02	132
3856.75	116
3857.48	123
3858.2	123
3858.93	135
3859.66	126
3860.38	130
3861.11	122
3861.84	132
3862.56	131
3863.29	127
3864.02	120
3864.74	131
3865.47	115
3866.2	127
3866.92	134
3867.65	128
3868.38	124
3869.1	125
3869.83	125
3870.55	130
3871.28	138
3872	119
3872.73	122
3873.45	128
3874.18	125
3874.91	126
3875.63	129
3876.36	125
3877.08	138
3877.81	132
3878.53	125
3879.25	128
3879.98	137
3880.7	117
3881.43	131
3882.15	120
3882.88	125
3883.6	114
3884.32	140
3885.05	133
3885.77	127
3886.5	125
3887.22	134
3887.94	125
3888.67	123
3889.39	130
3890.11	130
3890.83	129
3891.56	110
3892.28	128
3893	143
3893.73	124
3894.45	133
3895.17	110
3895.89	134
3896.62	120
3897.34	135
3898.06	115
3898.78	121
3899.5	132
3900.23	129
3900.95	132
3901.67	133
3902.39	135
3903.11	128
3903.83	125
3904.55	123
3905.28	117
3906	129
3906.72	145
3907.44	132
3908.16	124
3908.88	128
3909.6	127
3910.32	125
3911.04	126
3911.76	111
3912.48	120
3913.2	128
3913.92	124
3914.64	119
3915.36	128
3916.08	127
3916.8	116
3917.52	133
3918.24	126
3918.96	130
3919.68	131
3920.4	129
3921.12	125
3921.84	122
3922.55	122
3923.27	116
3923.99	131
3924.71	118
3925.43	125
3926.15	128
3926.87	121
3927.58	125
3928.3	114
3929.02	129
3929.74	126
3930.46	130
3931.17	122
3931.89	117
3932.61	126
3933.33	129
3934.04	107
3934.76	126
3935.48	117
3936.2	127
3936.91	115
3937.63	120
3938.35	129
3939.06	123
3939.78	126
3940.49	116
3941.21	114
3941.93	119
3942.64	116
3943.36	119
3944.08	129
3944.79	121
3945.51	129
3946.22	131
3946.94	139
3947.65	121
3948.37	115
3949.09	133
3949.8	118
3950.52	110
3951.23	117
3951.95	119
3952.66	123
3953.38	104
3954.09	110
3954.8	129
3955.52	123
3956.23	111
3956.95	117
3957.66	127
3958.38	116
3959.09	129
3959.8	124
3960.52	125
3961.23	118
3961.95	129
3962.66	116
3963.37	132
3964.09	123
3964.8	121
3965.51	114
3966.23	122
3966.94	125
3967.65	112
3968.36	112
3969.08	106
3969.79	106
3970.5	126
3971.21	118
3971.93	114
3972.64	134
3973.35	120
3974.06	136
3974.78	142
3975.49	124
3976.2	130
3976.91	122
3977.62	131
3978.33	121
3979.04	135
3979.76	116
3980.47	131
3981.18	126
3981.89	125
3982.6	134
3983.31	126
3984.02	112
3984.73	116
3985.44	111
3986.15	117
3986.86	110
3987.57	124
3988.28	125
3988.99	127
3989.7	130
3990.41	108
3991.12	122
3991.83	122
3992.54	128
3993.25	120
3993.96	120
3994.67	125
3995.38	132
3996.09	121
3996.8	125
3997.51	132
3998.22	113
3998.93	123
3999.63	125
