100.791	106
101.61	84
102.429	87
103.248	86
104.067	95
104.885	87
105.703	78
106.523	91
107.341	90
108.158	77
108.976	82
109.795	88
110.612	77
111.43	78
112.248	77
113.066	75
113.883	77
114.7	81
115.518	76
116.335	77
117.151	74
117.968	86
118.784	81
119.602	83
120.418	73
121.234	78
122.05	64
122.866	73
123.682	77
124.499	71
125.315	79
126.13	74
126.946	72
127.761	67
128.576	84
129.391	70
130.206	70
131.021	70
131.836	70
132.651	69
133.467	81
134.281	80
135.096	80
135.91	72
136.724	80
137.538	74
138.352	70
139.166	73
139.98	77
140.793	72
141.607	76
142.419	66
143.233	69
144.046	84
144.859	84
145.672	69
146.485	77
147.298	72
148.111	80
148.923	73
149.736	71
150.548	72
151.36	71
152.172	71
152.984	77
153.796	66
154.608	65
155.42	67
156.23	74
157.042	61
157.853	71
158.665	75
159.475	75
160.286	64
161.097	70
161.908	76
162.718	67
163.529	71
164.339	74
165.15	67
165.959	71
166.77	69
167.58	70
168.389	67
169.199	65
170.009	62
170.818	67
171.628	64
172.437	73
173.246	68
174.055	62
174.863	62
175.673	69
176.482	72
177.29	70
178.099	64
178.906	80
179.715	66
180.523	51
181.331	68
182.139	64
182.947	61
183.755	55
184.562	66
185.37	65
186.177	60
186.984	64
187.791	64
188.598	68
189.405	63
190.211	57
191.018	66
191.825	62
192.632	64
193.438	59
194.243	62
195.05	58
195.856	58
196.662	65
197.467	57
198.273	59
199.079	60
199.884	62
200.689	51
201.495	60
202.3	69
203.104	61
203.91	52
204.714	69
205.519	60
206.323	52
207.128	59
207.932	56
208.736	54
209.54	59
210.345	59
211.148	50
211.952	56
212.755	64
213.559	60
214.363	60
215.166	63
215.969	59
216.772	53
217.575	58
218.378	55
219.181	54.5
219.984	54
220.786	58
221.588	60
222.391	63
223.193	66
223.995	61
224.797	54
225.598	53
226.4	56
227.202	55
228.003	56
228.805	61
229.606	66
230.407	50
231.208	56
232.009	58
232.81	57
233.611	57
234.411	56
235.212	47
236.012	52
236.813	57
237.613	52
238.413	52
239.213	54
240.013	54
240.813	48
241.613	53
242.412	51
243.211	54
244.011	59
244.81	51
245.609	55
246.408	51
247.206	56
248.005	55
248.804	54
249.603	60
250.401	53
251.199	52
251.997	53
252.796	53
253.594	47
254.391	55
255.189	56
255.987	55
256.785	56
257.582	52
258.379	56
259.177	56
259.973	52
260.77	63
261.568	49
262.364	48
263.161	52
263.958	51
264.754	61
265.55	56
266.346	60
267.142	52
267.939	54
268.734	53
269.53	56
270.325	50
271.121	47
271.916	52
272.712	52
273.507	59
274.302	56
275.097	49
275.892	51
276.687	56
277.482	55
278.276	56
279.071	55
279.865	43
280.659	48
281.453	43
282.248	52
283.041	47
283.835	54
284.629	50
285.422	48
286.216	52
287.009	46
287.802	55
288.596	51
289.388	51
290.181	46
290.974	59
291.767	48
292.559	50
293.352	56
294.144	61
294.936	54
295.728	56
296.521	53
297.313	47
298.104	55
298.896	53
299.688	46
300.479	46
301.271	51
302.062	53
302.853	54
303.644	52
304.435	49
305.226	52
306.017	46
306.807	52
307.597	57
308.389	48
309.179	52
309.969	54
310.759	50
311.549	50
312.339	47
313.128	47
313.918	47
314.707	53
315.497	48
316.286	56
317.075	51
317.864	56
318.653	48
319.442	49
320.231	50
321.019	50
321.808	53
322.596	59
323.385	49
324.173	52
324.961	59
325.749	49
326.537	51
327.325	41
328.113	45
328.901	51
329.688	47
330.475	50
331.262	47
332.049	51
332.837	54
333.624	45
334.411	50
335.197	43
335.983	44
336.77	48
337.557	56
338.343	45
339.129	47
339.915	48
340.701	40
341.487	54
342.272	50
343.058	46
343.844	52
344.629	53
345.414	48
346.2	43
346.985	52
347.769	43
348.554	43
349.34	46
350.124	48
350.908	45
351.692	45
352.477	59
353.262	51
354.045	43
354.83	51
355.613	52
356.397	56
357.181	47
357.964	52
358.748	49
359.531	43
360.315	44
361.097	45
361.881	53
362.663	47
363.447	52
364.229	56
365.012	48
365.794	40
366.577	52
367.359	56
368.141	42
368.923	44
369.705	39
370.487	44
371.268	40
372.05	49
372.832	45
373.613	54
374.394	49
375.176	52
375.956	47
376.737	49
377.519	47
378.299	47
379.079	49
379.861	47
380.641	48
381.421	43
382.202	52
382.982	46
383.762	58
384.541	50
385.321	41
386.101	47
386.881	54
387.66	46
388.439	41
389.218	55
389.998	48
390.777	51
391.556	46
392.335	51
393.113	37
393.892	45
394.67	50
395.449	53
396.228	51
397.006	51
397.784	45
398.562	53
399.34	47
400.117	53
400.895	52
401.673	50
402.45	53
403.227	44
404.005	48
404.782	53
405.559	54
406.336	47
407.112	52
407.889	51
408.666	49
409.442	41
410.219	54
410.995	57
411.771	63
412.547	50
413.323	53
414.099	52
414.875	45
415.65	51
416.426	59
417.202	46
417.976	51
418.752	51
419.527	51
420.302	42
421.077	60
421.851	57
422.626	49
423.401	45
424.176	57
424.949	53
425.724	50
426.498	51
427.273	57
428.046	48
428.82	60
429.594	46
430.367	56
431.141	50
431.915	54
432.687	47
433.461	53
434.234	67
435.007	55
435.78	56
436.552	67
437.325	54
438.098	54
438.87	50
439.643	56
440.414	52
441.187	52
441.959	47
442.731	54
443.502	51
444.274	48
445.046	50
445.818	53
446.589	55
447.36	54
448.131	56
448.903	48
449.673	53
450.445	57
451.215	52
451.985	48
452.756	44
453.527	51
454.297	53
455.067	44
455.837	56
456.608	45
457.377	44
458.147	47
458.917	55
459.686	45
460.456	46
461.226	50
461.995	50
462.764	43
463.533	47
464.302	40
465.071	46
465.839	52
466.608	45
467.377	44
468.145	44
468.914	48
469.682	50
470.45	52
471.217	51
471.986	50
472.754	47
473.521	49
474.289	49
475.056	38
475.824	45
476.591	41
477.358	47
478.126	39
478.893	52
479.66	54
480.426	49
481.193	46
481.959	49
482.726	39
483.492	43
484.258	42
485.025	47
485.791	41
486.557	44
487.322	53
488.088	47
488.854	54
489.619	48
490.385	50
491.149	42
491.915	53
492.68	45
493.445	46
494.21	40
494.975	48
495.74	44
496.504	46
497.268	53
498.033	36
498.797	52
499.561	49
500.326	51
501.089	37
501.853	46
502.617	55
503.381	36
504.144	51
504.907	44
505.671	56
506.434	49
507.197	49
507.96	44
508.723	49
509.486	43
510.248	44
511.011	39
511.774	48
512.536	48
513.298	38
514.06	57
514.822	48
515.585	46
516.346	38
517.108	39
517.869	48
518.631	44
519.392	47
520.154	48
520.916	56
521.676	46
522.438	41
523.198	45
523.96	49
524.72	37
525.481	46
526.241	42
527.002	42
527.762	49
528.522	44
529.282	39
530.042	45
530.802	45
531.562	48
532.321	44
533.081	45
533.84	44
534.6	52
535.359	46
536.118	46
536.878	48
537.636	43
538.395	52
539.154	52
539.913	49
540.671	42
541.429	36
542.188	50
542.946	41
543.704	51
544.462	46
545.221	46
545.978	47
546.736	40
547.493	47
548.251	49
549.008	44
549.766	51
550.523	44
551.28	47
552.037	42
552.794	41
553.55	47
554.307	52
555.063	46
555.821	44
556.577	48
557.333	44
558.089	38
558.846	47
559.601	40
560.357	48
561.113	48
561.869	45
562.624	40
563.38	37
564.135	45
564.89	49
565.646	54
566.401	40
567.156	49
567.911	46
568.665	45
569.419	43
570.174	46
570.928	43
571.683	41
572.437	41
573.191	52
573.946	47
574.699	47
575.453	42
576.207	37
576.96	45
577.714	44
578.467	41
579.22	46
579.974	40
580.727	36
581.479	42
582.233	46
582.986	54
583.739	39
584.49	53
585.243	50
585.996	39
586.748	51
587.5	36
588.253	45
589.004	46
589.756	43
590.507	47
591.259	45
592.011	47
592.762	49
593.514	42
594.265	46
595.016	42
595.768	40
596.518	51
597.269	41
598.02	40
598.771	52
599.521	44
600.272	45
601.022	42
601.772	44
602.522	41
603.273	43
604.022	53
604.772	39
605.522	47
606.271	47
607.021	46
607.77	43
608.519	49
609.269	47
610.018	43
610.767	45.5
611.516	48
612.265	55
613.013	37
613.762	44
614.51	45
615.259	45
616.008	46
616.756	42
617.503	52
618.251	44
619	48
619.747	50
620.495	48
621.242	48
621.99	43
622.738	46
623.485	44
624.232	50
624.979	49
625.726	46
626.473	44
627.22	48
627.967	43
628.713	42
629.46	46
630.206	40
630.952	45
631.698	46
632.444	50
633.19	46
633.936	46
634.682	46
635.427	50
636.173	40
636.919	41
637.664	40
638.409	46
639.154	52
639.899	45
640.645	44
641.389	46
642.134	42
642.879	40
643.624	45
644.368	44
645.112	40
645.856	48
646.6	48
647.345	48
648.089	46
648.833	45
649.577	45.5
650.32	46
651.063	45
651.807	39
652.551	43
653.293	39
654.037	43
654.78	48
655.523	55
656.265	44
657.008	36
657.751	50
658.494	36
659.236	44
659.978	53
660.721	50
661.463	42
662.205	45
662.946	51
663.688	56
664.431	40
665.172	49
665.914	42
666.655	36
667.396	43
668.138	40
668.879	39
669.62	43
670.361	33
671.102	51
671.842	47
672.583	43
673.323	36
674.064	42
674.804	49
675.545	44
676.285	44
677.025	43
677.765	44
678.504	38
679.244	46
679.984	48
680.724	44
681.463	40
682.202	45
682.942	40
683.681	48
684.419	47
685.159	37
685.898	42
686.636	39
687.375	51
688.114	37
688.852	51
689.59	44
690.329	43
691.067	45
691.805	43
692.542	34
693.281	44
694.018	36
694.756	46
695.493	45
696.231	45
696.968	49
697.706	41
698.443	41
699.18	40
699.917	38
700.654	46
701.39	49
702.127	42
702.863	44
703.6	38
704.336	54
705.072	48
705.808	46
706.544	43
707.28	51
708.016	45
708.752	38
709.488	36
710.223	39
710.959	44
711.694	40
712.429	47
713.165	49
713.9	40
714.635	40
715.37	40
716.105	58
716.839	42
717.573	50
718.308	44
719.042	49
719.777	45
720.511	39
721.245	45
721.979	47
722.713	41
723.447	47
724.181	37
724.914	42
725.647	46
726.381	48
727.114	49
727.847	39
728.58	47
729.314	42
730.047	42
730.779	34
731.512	43
732.244	47
732.977	36
733.709	40
734.441	46
735.174	44
735.906	43
736.638	42
737.37	50
738.101	39
738.833	40
739.565	41
740.296	43
741.027	36
741.759	42
742.49	50
743.221	39
743.952	42
744.683	42
745.414	39
746.145	40
746.875	46
747.606	49
748.336	49
749.067	49
749.797	38
750.527	50
751.258	46
751.987	47
752.717	40
753.447	43
754.176	44
754.906	36
755.636	42
756.365	37
757.094	45
757.823	51
758.552	39
759.281	38
760.01	45
760.739	42
761.468	40
762.196	41
762.924	36
763.652	46
764.381	47
765.109	39
765.837	47
766.565	40
767.293	40
768.021	49
768.749	41
769.477	33
770.204	43
770.931	44
771.658	47
772.386	48
773.113	46
773.84	46
774.566	45
775.293	42
776.02	38
776.747	41
777.473	43
778.199	48
778.926	42
779.652	39
780.378	44
781.104	48
781.83	34
782.556	40
783.282	39
784.008	49
784.732	32
785.458	48
786.183	42
786.909	50
787.634	49
788.359	43
789.084	43
789.809	45
790.534	32
791.258	42
791.983	45
792.707	45
793.432	40
794.156	42
794.88	45
795.604	46
796.328	48
797.052	48
797.775	44
798.499	46
799.223	40
799.946	48
800.67	43
801.393	38
802.116	47
802.84	38
803.563	42
804.285	46
805.008	37
805.731	43
806.454	36
807.176	38
807.899	44
808.621	49
809.343	44
810.066	49.8784
810.787	41.7885
811.51	47.7856
812.231	37.3111
812.952	47.7563
813.674	46.0286
814.396	40.5034
815.118	46.475
815.839	43.4927
816.56	45.1397
817.281	41.7498
818.002	50.6783
818.724	43.0465
819.444	37.5991
820.164	36.3016
820.886	43.0857
821.606	43.6939
822.326	42.7649
823.047	41.3766
823.767	41.2181
824.487	38.5099
825.208	44.5566
825.928	43.3294
826.647	36.9973
827.367	39.7481
828.087	42.8916
828.807	41.5818
829.526	45.45
830.245	39.9514
830.965	40.5439
831.685	44.5618
832.404	39.8451
833.122	46.739
833.841	38.4175
834.56	38.2034
835.279	47.7819
835.997	45.62
836.717	45.0372
837.435	45.685
838.153	41.0772
838.871	43.19
839.59	43.3447
840.308	41.0915
841.026	37.6514
841.743	40.22
842.461	41.6972
843.179	43.6473
843.896	40.244
844.614	45.053
845.331	46.3463
846.049	41.7163
846.766	42.2384
847.483	46.1135
848.2	41.2287
848.917	41.27
849.634	42.592
850.35	44.1643
851.067	42.7
851.784	42.6091
852.5	38.4386
853.217	43.3251
853.933	48.4957
854.649	48.7878
855.365	48.756
856.081	46.6515
856.797	39.5259
857.513	44.338
858.229	46.8787
858.944	39.756
859.659	47.3058
860.375	44.1326
861.091	52.4921
861.805	48.3745
862.52	47.4518
863.236	52.0411
863.95	42.0739
864.665	49.2625
865.38	51.3389
866.094	54.57
866.809	52.659
867.524	53.7953
868.238	63.3834
868.952	58.025
869.666	65.784
870.38	62.8467
871.095	68.73
871.808	71.8975
872.522	74.865
873.235	78.1283
873.949	77.685
874.662	87.5621
875.376	87.83
876.089	88.8016
876.803	86.5235
877.515	81.9402
878.229	78.8729
878.941	90.4279
879.655	83.9208
880.367	75.7849
881.079	77.6339
881.166	78
881.882	53
882.599	59
883.316	58
884.032	63
884.748	66
885.464	57
886.18	50
886.897	52
887.613	52
888.328	56
889.044	50
889.76	54
890.475	48
891.19	48
891.906	41
892.622	52
893.337	42
894.052	48
894.767	39
895.481	44
896.196	41
896.911	49
897.625	39
898.34	39
899.054	41
899.768	41
900.483	50
901.197	42
901.911	44
902.625	43
903.339	37
904.052	42
904.766	43
905.48	37
906.193	42
906.906	41
907.619	44
908.332	43
909.046	40
909.759	44
910.472	43
911.185	39
911.898	32
912.609	47
913.322	43
914.035	43
914.747	37
915.46	39
916.171	38
916.883	37
917.595	41
918.307	49
919.019	45
919.731	39
920.442	35
921.154	46
921.865	40
922.576	47
923.288	41
923.999	36
924.71	37
925.421	38
926.132	37
926.842	46
927.553	49
928.263	44
928.974	41
929.685	40
930.394	38
931.105	42
931.815	43
932.525	45
933.235	41
933.944	51
934.655	34
935.364	40
936.074	36
936.783	46
937.492	38
938.201	36
938.911	40
939.619	34
940.329	42
941.037	40
941.747	38
942.455	36
943.164	36
943.872	44
944.58	42
945.289	47
945.997	41
946.706	44
947.413	40
948.121	48
948.829	41
949.537	33
950.244	39
950.952	38
951.659	38
952.367	42
953.074	42
953.781	48
954.488	41
955.196	40
955.903	42
956.609	34
957.316	44
958.023	38
958.729	40
959.436	35
960.142	38
960.849	41
961.555	45
962.261	46
962.967	40
963.672	47
964.378	37
965.084	41
965.79	41
966.495	37
967.201	40
967.906	52
968.611	42
969.316	49
970.021	40
970.726	41
971.432	38
972.137	35
972.841	46
973.546	32
974.25	41
974.955	42
975.659	38
976.363	53
977.068	34
977.772	41
978.476	53
979.179	40
979.883	38
980.586	40
981.29	45
981.993	43
982.697	40
983.4	43
984.104	43
984.807	39
985.51	42
986.213	41
986.916	40
987.618	39
988.321	43
989.024	44
989.726	46
990.429	38
991.13	42
991.833	50
992.535	37
993.237	32
993.94	43
994.641	41
995.343	43
996.045	39
996.746	41
997.447	46
998.149	38
998.85	38
999.551	45
1000.25	46
1000.95	39
1001.65	43
1002.36	53
1003.06	38
1003.76	38
1004.46	41
1005.16	42
1005.86	45
1006.56	40
1007.26	36
1007.96	38
1008.66	34
1009.36	44
1010.06	41
1010.76	40
1011.46	43
1012.16	37
1012.86	34
1013.56	43
1014.26	43
1014.95	42
1015.65	44
1016.35	46
1017.05	41
1017.75	46
1018.45	35
1019.15	40
1019.85	36
1020.55	42
1021.24	37
1021.94	38
1022.64	43
1023.34	49
1024.04	44
1024.73	32
1025.43	42
1026.13	37
1026.83	48
1027.52	51
1028.22	52
1028.92	42
1029.62	43
1030.31	48
1031.01	51
1031.71	52
1032.4	43
1033.1	50
1033.8	50
1034.5	51
1035.19	50
1035.89	51
1036.58	49
1037.28	57
1037.98	58
1038.67	52
1039.37	56
1040.06	50
1040.76	51
1041.46	44
1042.15	48
1042.85	53
1043.54	53
1044.24	53
1044.93	56
1045.63	50
1046.32	52
1047.02	53
1047.71	49
1048.41	54
1049.1	50
1049.8	57
1050.49	48
1051.19	56
1051.88	43
1052.58	47
1053.27	50
1053.96	42
1054.66	43
1055.35	47
1056.05	46
1056.74	45
1057.43	44
1058.13	45
1058.82	49
1059.51	41
1060.21	38
1060.9	45
1061.59	44
1062.29	55
1062.98	42
1063.67	47
1064.36	57
1065.06	42
1065.75	52
1066.44	37
1067.13	43
1067.83	46
1068.52	52
1069.21	44
1069.9	46
1070.6	54
1071.29	51
1071.98	49
1072.67	45
1073.36	46
1074.05	56
1074.74	45
1075.44	48
1076.13	42
1076.82	42
1077.51	54
1078.2	50
1078.89	51
1079.58	54
1080.27	54
1080.96	49
1081.65	49
1082.34	51
1083.03	54
1083.72	51
1084.41	50
1085.1	53
1085.79	60
1086.48	63
1087.17	53
1087.86	49
1088.55	45
1089.24	49
1089.93	50
1090.62	56
1091.31	52
1092	43
1092.69	45
1093.38	48
1094.07	52
1094.76	48
1095.44	53
1096.13	55
1096.82	52
1097.51	40
1098.2	39
1098.89	43
1099.58	55
1100.26	50
1100.95	46
1101.64	43
1102.33	44
1103.01	48
1103.7	41
1104.39	47
1105.08	39
1105.76	44
1106.45	38
1107.14	40
1107.83	43
1108.51	43
1109.2	50
1109.89	39
1110.57	38
1111.26	42
1111.95	39
1112.63	40
1113.32	46
1114	37
1114.69	52
1115.38	43
1116.06	46
1116.75	40
1117.44	44
1118.12	51
1118.81	37
1119.49	48
1120.18	42
1120.86	45
1121.55	47
1122.23	35
1122.92	49
1123.6	43
1124.29	41
1124.97	43
1125.66	45
1126.34	37
1127.03	48
1127.71	42
1128.4	47
1129.08	45
1129.77	36
1130.45	43
1131.13	39
1131.82	44
1132.5	43
1133.19	34
1133.87	50
1134.55	45
1135.24	41
1135.92	43
1136.6	37
1137.29	50
1137.97	34
1138.65	44
1139.33	43
1140.02	35
1140.7	35
1141.38	40
1142.07	36
1142.75	40
1143.43	46
1144.11	34
1144.8	50
1145.48	33
1146.16	40
1146.84	45
1147.52	36
1148.21	41
1148.89	44
1149.57	45
1150.25	55
1150.93	52
1151.61	42
1152.29	42
1152.98	45
1153.66	47
1154.34	41
1155.02	37
1155.7	53
1156.38	44
1157.06	36
1157.74	46
1158.42	41
1159.1	40
1159.78	35
1160.46	39
1161.14	40
1161.82	40
1162.5	35
1163.18	44
1163.86	38
1164.54	46
1165.22	37
1165.9	42
1166.58	39
1167.26	34
1167.94	43
1168.62	42
1169.3	45
1169.98	47
1170.66	39
1171.34	37
1172.01	44
1172.69	38
1173.37	42
1174.05	41
1174.73	42
1175.41	34
1176.08	41
1176.76	41
1177.44	39
1178.12	39
1178.8	48
1179.47	36
1180.15	46
1180.83	39
1181.51	41
1182.18	34
1182.86	52
1183.54	41
1184.22	44
1184.89	32
1185.57	44
1186.25	42
1186.92	39
1187.6	39
1188.28	39
1188.95	40
1189.63	40
1190.31	42
1190.98	38
1191.66	47
1192.34	40
1193.01	41
1193.69	45
1194.36	43
1195.04	43
1195.71	41
1196.39	38
1197.07	32
1197.74	45
1198.42	43
1199.09	46
1199.77	41
1200.44	31
1201.12	37
1201.79	36
1202.47	38
1203.14	38
1203.82	42
1204.49	40
1205.16	41
1205.84	48
1206.51	41
1207.19	41
1207.86	39
1208.54	46
1209.21	43
1209.88	49
1210.56	41
1211.23	36
1211.9	48
1212.58	43
1213.25	38
1213.93	40
1214.6	48
1215.27	46
1215.94	45
1216.62	45
1217.29	36
1217.96	36
1218.64	37
1219.31	46
1219.98	41
1220.65	46
1221.33	47
1222	32
1222.67	42
1223.34	37
1224.01	44
1224.69	46
1225.36	38
1226.03	35
1226.7	49
1227.37	41
1228.04	37
1228.72	45
1229.39	43
1230.06	44
1230.73	39
1231.4	40
1232.07	36
1232.74	43
1233.41	45
1234.08	36
1234.75	46
1235.42	42
1236.1	40
1236.77	44
1237.44	37
1238.11	43
1238.78	45
1239.45	38
1240.12	34
1240.79	46
1241.46	49
1242.13	44
1242.8	44
1243.47	45
1244.13	42
1244.8	48
1245.47	40
1246.14	41
1246.81	39
1247.48	47
1248.15	38
1248.82	35
1249.49	41
1250.15	45
1250.82	41
1251.49	35
1252.16	41
1252.83	46
1253.5	36
1254.17	42
1254.83	39
1255.5	45
1256.17	39
1256.84	35
1257.5	39
1258.17	52
1258.84	49
1259.51	35
1260.17	40
1260.84	40
1261.51	41
1262.18	57
1262.84	46
1263.51	39
1264.18	42.5
1264.84	46
1265.51	40
1266.18	46
1266.84	43
1267.51	40
1268.18	48
1268.84	44
1269.51	53
1270.17	37
1270.84	47
1271.51	40
1272.17	43
1272.84	38
1273.5	50
1274.17	41
1274.83	46
1275.5	50
1276.16	44
1276.83	45
1277.5	42
1278.16	48
1278.83	51
1279.49	48
1280.16	43
1280.82	45
1281.48	45
1282.15	45
1282.81	45
1283.48	41
1284.14	47
1284.81	45
1285.47	36
1286.13	39
1286.8	49
1287.46	46
1288.13	46
1288.79	39
1289.45	46
1290.12	43
1290.78	43
1291.44	51
1292.11	43
1292.77	41
1293.43	40
1294.1	41
1294.76	41
1295.42	39
1296.08	38
1296.75	35
1297.41	48
1298.07	41
1298.73	41.5
1299.4	42
1300.06	45
1300.72	36
1301.38	46
1302.04	32
1302.71	40
1303.37	40
1304.03	43
1304.69	36
1305.35	32
1306.01	59
1306.68	40
1307.34	44
1308	48
1308.66	50
1309.32	41
1309.98	49
1310.64	38
1311.3	39
1311.96	50
1312.62	42
1313.28	39
1313.94	37
1314.61	45
1315.27	42
1315.93	42
1316.59	42
1317.25	32
1317.91	40
1318.57	41
1319.23	37
1319.89	38
1320.54	42
1321.2	42
1321.86	46
1322.52	43
1323.18	39
1323.84	37
1324.5	40
1325.16	36
1325.82	52
1326.48	40
1327.14	40
1327.79	40
1328.45	37
1329.11	42
1329.77	37
1330.43	43
1331.09	45
1331.74	39
1332.4	43
1333.06	43
1333.72	37
1334.38	41
1335.03	39
1335.69	39
1336.35	41
1337.01	39
1337.66	39
1338.32	43
1338.98	34
1339.64	31
1340.29	43
1340.95	39
1341.61	40
1342.26	43
1342.92	42
1343.58	45
1344.23	42
1344.89	47
1345.55	51
1346.2	37
1346.86	40
1347.51	40
1348.17	42
1348.83	40
1349.48	46
1350.14	42
1350.79	42
1351.45	44
1352.1	33
1352.76	40
1353.42	39
1354.07	37
1354.73	39
1355.38	52
1356.04	42
1356.69	44
1357.35	38
1358	41
1358.66	42
1359.31	43
1359.96	42
1360.62	41
1361.27	42
1361.93	39
1362.58	44
1363.24	41
1363.89	41
1364.54	45
1365.2	36
1365.85	34
1366.51	42
1367.16	39
1367.81	39
1368.47	37
1369.12	37
1369.77	38
1370.43	43
1371.08	43
1371.73	38
1372.38	39
1373.04	44
1373.69	43
1374.34	36
1375	44
1375.65	40
1376.3	41
1376.95	45
1377.6	42
1378.26	40
1378.91	36
1379.56	36
1380.21	41
1380.86	42
1381.52	49
1382.17	38
1382.82	43
1383.47	43
1384.12	43
1384.77	46
1385.42	39
1386.08	47
1386.73	48
1387.38	47
1388.03	50
1388.68	41
1389.33	43
1389.98	39
1390.63	47
1391.28	43
1391.93	40
1392.58	44
1393.23	46
1393.88	40
1394.53	38
1395.18	49
1395.83	49
1396.48	43
1397.13	45
1397.78	47
1398.43	37
1399.08	37
1399.73	36
1400.38	43
1401.03	41
1401.68	43
1402.33	42
1402.98	40
1403.63	37
1404.28	45
1404.92	46
1405.57	39
1406.22	41
1406.87	41
1407.52	36
1408.17	49
1408.81	35
1409.46	43
1410.11	40
1410.76	40
1411.41	40
1412.06	47
1412.7	40
1413.35	38
1414	42
1414.65	46
1415.29	37
1415.94	44
1416.59	45
1417.23	43
1417.88	53
1418.53	45
1419.18	40
1419.82	37
1420.47	38
1421.12	45
1421.76	43
1422.41	43
1423.06	46
1423.7	33
1424.35	45
1424.99	39
1425.64	41
1426.29	49
1426.93	52
1427.58	43
1428.22	49
1428.87	51
1429.52	47
1430.16	39
1430.81	44
1431.45	45
1432.1	42
1432.74	40
1433.39	42
1434.03	48
1434.68	43
1435.32	45
1435.97	49
1436.61	46
1437.26	45
1437.9	44
1438.55	46
1439.19	51
1439.83	39
1440.48	47
1441.12	45.9794
1441.77	39.9766
1442.41	50.861
1443.05	47.1272
1443.7	37.5951
1444.34	42.2371
1444.99	44.1256
1445.63	47.2131
1446.27	57.7665
1446.92	49.7902
1447.56	51.3361
1448.2	50.8204
1448.85	48.7362
1449.49	46.7838
1450.13	48.3379
1450.77	51.2566
1451.42	51.1404
1452.06	52.771
1452.7	47.3617
1453.35	52.0702
1453.99	49.0034
1454.63	54.0327
1455.27	48.8271
1455.91	49.7164
1456.56	48.4474
1457.2	50.6403
1457.84	55.7955
1458.48	44.4145
1459.12	49.5035
1459.77	42.0615
1460.41	48.5304
1461.05	42.7418
1461.69	46.1938
1462.33	45.1304
1462.97	43.7687
1463.61	41.4084
1464.26	46.0705
1464.9	41.5277
1465.54	40.7564
1466.18	42.8224
1466.82	45.2936
1467.46	41.8298
1468.1	42.3186
1468.74	42.0385
1469.38	45.8043
1470.02	44.1974
1470.66	41.853
1471.3	44.1318
1471.94	42.5397
1472.58	43.4793
1473.22	41.361
1473.86	46.276
1474.5	40.9959
1475.14	39.2675
1475.78	43.1402
1476.42	41.0688
1477.06	38.8317
1477.7	47.0221
1478.34	37.2428
1478.98	40.4781
1479.62	41.8056
1480.26	45.9853
1480.9	38.4348
1481.54	42.5778
1482.18	36.8799
1482.81	41.3855
1483.45	49.3674
1484.09	45.1592
1484.73	40.8059
1485.37	42.595
1486.01	44.483
1486.65	39.6751
1487.28	38.8935
1487.92	38.9059
1488.56	41.1308
1489.2	45.0255
1489.84	43.0004
1490.47	41.9133
1491.11	40.4165
1491.75	44.4438
1492.39	37.3459
1493.03	43.9068
1493.66	39.2926
1494.3	41.8756
1494.94	40.0544
1495.57	41.0563
1496.21	40.419
1496.85	37.547
1497.49	39.3278
1498.12	41.0871
1498.76	41.9913
1499.4	33.7026
1500.03	39.7479
1500.67	42.2253
1501.31	38.6884
1501.94	38.9121
1502.58	45.0954
1503.21	43.1322
1503.85	41.901
1504.49	36.6313
1505.12	39.5824
1505.28	41
1505.92	38
1506.55	35
1507.19	48
1507.83	43
1508.47	35
1509.11	38
1509.75	49
1510.39	47
1511.03	41
1511.67	35
1512.31	39
1512.95	49
1513.59	43
1514.22	35
1514.86	44
1515.5	50
1516.14	38
1516.78	40
1517.42	42
1518.05	40
1518.69	32
1519.33	41
1519.97	37
1520.61	38
1521.24	41
1521.88	41
1522.52	37
1523.16	41
1523.79	38
1524.43	38
1525.07	39
1525.71	38
1526.34	42
1526.98	43
1527.62	47
1528.26	43
1528.89	45
1529.53	31
1530.17	33
1530.8	42
1531.44	39
1532.07	38
1532.71	39
1533.35	42
1533.98	37
1534.62	41
1535.26	35
1535.89	40.5
1536.53	46
1537.16	41
1537.8	43
1538.44	34
1539.07	37
1539.71	40
1540.34	34
1540.98	30
1541.61	43
1542.25	35
1542.88	38
1543.52	35
1544.15	32
1544.79	31
1545.42	45
1546.06	42
1546.69	36
1547.33	38
1547.96	35
1548.6	44
1549.23	37
1549.86	35
1550.5	47
1551.13	37
1551.77	38
1552.4	39
1553.03	36
1553.67	42
1554.3	37
1554.93	29
1555.57	35
1556.2	47
1556.84	31
1557.47	33
1558.1	30
1558.73	40
1559.37	36
1560	39
1560.63	41
1561.27	43
1561.9	37
1562.53	36
1563.16	37
1563.8	44
1564.43	41
1565.06	35
1565.69	45
1566.33	43
1566.96	34
1567.59	39
1568.22	36
1568.85	41
1569.49	41
1570.12	34
1570.75	37
1571.38	42
1572.01	38
1572.64	41
1573.28	40
1573.91	48
1574.54	40
1575.17	40
1575.8	40
1576.43	38
1577.06	32
1577.69	33
1578.32	40
1578.95	41
1579.58	41
1580.21	41
1580.84	32
1581.47	41
1582.11	32
1582.73	33
1583.37	43
1584	37
1584.63	43
1585.26	37
1585.88	36
1586.51	33
1587.14	37
1587.77	36
1588.4	40
1589.03	37
1589.66	44
1590.29	45
1590.92	37
1591.55	36
1592.18	38
1592.81	43
1593.44	37
1594.06	40
1594.69	34
1595.32	34
1595.95	41
1596.58	37
1597.21	48
1597.83	35
1598.46	32
1599.09	38
1599.72	41
1600.35	32
1600.98	41
1601.6	34
1602.23	35
1602.86	37
1603.49	50
1604.11	40
1604.74	37
1605.37	34
1606	40
1606.62	44
1607.25	40
1607.88	38
1608.5	38
1609.13	45
1609.76	37
1610.38	38
1611.01	33
1611.64	42
1612.26	36
1612.89	47
1613.52	47
1614.14	36
1614.77	35
1615.39	41
1616.02	39
1616.65	34
1617.27	35
1617.9	37
1618.52	36
1619.15	42
1619.77	37
1620.4	44
1621.02	41
1621.65	38
1622.28	42
1622.9	40
1623.53	46
1624.15	45
1624.78	38
1625.4	34
1626.03	46
1626.65	44
1627.27	37
1627.9	40
1628.52	40
1629.15	44
1629.77	39
1630.4	39
1631.02	35
1631.64	41
1632.27	45
1632.89	37
1633.52	43
1634.14	37
1634.76	33
1635.39	41
1636.01	38
1636.63	31
1637.26	43
1637.88	45
1638.5	32
1639.13	40
1639.75	44
1640.37	37
1641	39
1641.62	38
1642.24	45
1642.86	43
1643.49	38
1644.11	39
1644.73	43
1645.35	38
1645.98	41
1646.6	38
1647.22	41
1647.84	40
1648.46	41
1649.09	38
1649.71	36
1650.33	42
1650.95	39
1651.57	38
1652.19	48
1652.82	40
1653.44	35
1654.06	39
1654.68	45
1655.3	40
1655.92	38
1656.54	43
1657.16	46
1657.78	36
1658.4	39
1659.03	42
1659.65	43
1660.27	32
1660.89	43
1661.51	38
1662.13	33
1662.75	37
1663.37	40
1663.99	38
1664.61	40
1665.23	34
1665.85	41
1666.47	39
1667.09	46
1667.71	47
1668.33	46
1668.95	37
1669.56	34
1670.18	34
1670.8	35
1671.42	37
1672.04	36
1672.66	35
1673.28	36
1673.9	51
1674.52	39
1675.13	36
1675.75	42
1676.37	47
1676.99	40
1677.61	38
1678.23	39
1678.84	43
1679.46	36
1680.08	43
1680.7	38
1681.32	37
1681.93	43
1682.55	34
1683.17	42
1683.79	41
1684.41	42
1685.02	34
1685.64	37
1686.26	44
1686.87	50
1687.49	45
1688.11	37
1688.73	43
1689.34	42
1689.96	37
1690.58	33
1691.19	35
1691.81	42
1692.43	41
1693.04	47
1693.66	37
1694.27	38
1694.89	34
1695.51	46
1696.12	41
1696.74	34
1697.35	40
1697.97	43
1698.59	33
1699.2	36
1699.82	36
1700.43	34
1701.05	30
1701.66	35
1702.28	39
1702.89	45
1703.51	43
1704.12	38
1704.74	34
1705.35	38
1705.97	47
1706.58	43
1707.2	39
1707.81	35
1708.43	38
1709.04	36
1709.66	36
1710.27	35
1710.88	37
1711.5	40
1712.11	44
1712.73	39
1713.34	40
1713.95	35
1714.57	34
1715.18	33
1715.8	35
1716.41	42
1717.02	28
1717.64	32
1718.25	37
1718.86	36
1719.48	45
1720.09	30
1720.7	35
1721.31	41
1721.93	28
1722.54	40
1723.15	31
1723.77	36
1724.38	39
1724.99	39
1725.6	33
1726.22	39
1726.83	34
1727.44	40
1728.05	38
1728.66	38
1729.28	36
1729.89	39
1730.5	37
1731.11	32
1731.72	36
1732.33	30
1732.95	39
1733.56	35
1734.17	43
1734.78	40
1735.39	39
1736	34
1736.61	39
1737.22	37
1737.83	48
1738.44	39
1739.06	48
1739.67	35
1740.28	39
1740.89	39
1741.5	36
1742.11	34
1742.72	45
1743.33	27
1743.94	38
1744.55	34
1745.16	36
1745.77	41
1746.38	45
1746.99	41
1747.6	42
1748.21	37
1748.82	44
1749.43	38
1750.04	43
1750.65	40
1751.25	38
1751.86	37
1752.47	35
1753.08	34
1753.69	39
1754.3	32
1754.91	42
1755.52	35
1756.13	39
1756.73	45
1757.34	35
1757.95	33
1758.56	40
1759.17	43
1759.78	36
1760.38	38
1760.99	44
1761.6	37
1762.21	39
1762.81	41
1763.42	38
1764.03	40
1764.64	43
1765.24	34
1765.85	34
1766.46	38
1767.07	36
1767.67	34
1768.28	39
1768.89	35
1769.5	34
1770.1	35
1770.71	40
1771.32	40
1771.92	42
1772.53	37
1773.14	37
1773.74	39
1774.35	40
1774.95	40
1775.56	38
1776.17	39
1776.77	35
1777.38	34
1777.99	42
1778.59	39
1779.2	34
1779.8	42
1780.41	38
1781.01	36
1781.62	37
1782.22	38
1782.83	38
1783.43	38
1784.04	39
1784.65	40
1785.25	37
1785.85	31
1786.46	33
1787.06	37
1787.67	39
1788.27	38
1788.88	40
1789.48	41
1790.09	38
1790.69	44
1791.3	35
1791.9	37
1792.5	32
1793.11	44
1793.71	43
1794.32	41
1794.92	36
1795.52	46
1796.13	31
1796.73	41
1797.33	41
1797.94	36
1798.54	38
1799.14	45
1799.75	38
1800.35	41
1800.95	39
1801.56	36
1802.16	34
1802.76	40
1803.37	40
1803.97	33
1804.57	46
1805.17	39
1805.78	43
1806.38	36
1806.98	45
1807.58	36
1808.18	38
1808.79	25
1809.39	40
1809.99	41
1810.59	44
1811.19	42
1811.8	39
1812.4	39
1813	41
1813.6	37
1814.2	27
1814.8	43
1815.41	34
1816.01	37
1816.61	42
1817.21	37
1817.81	35
1818.41	36
1819.01	33
1819.61	37
1820.21	36
1820.81	38
1821.41	42
1822.01	38
1822.61	45
1823.22	39
1823.82	35
1824.42	34
1825.02	36
1825.62	41
1826.22	39
1826.82	43
1827.42	35
1828.02	40
1828.61	41
1829.21	35
1829.81	41
1830.41	44
1831.01	43
1831.61	43
1832.21	46
1832.81	30
1833.41	38
1834.01	39
1834.61	45
1835.21	38
1835.81	34
1836.4	39
1837	39
1837.6	36
1838.2	42
1838.8	37
1839.4	29
1839.99	33
1840.59	36
1841.19	41
1841.79	38
1842.39	35
1842.98	36
1843.58	43
1844.18	37
1844.78	39
1845.38	52
1845.97	40
1846.57	37
1847.17	36
1847.76	35
1848.36	37
1848.96	37
1849.56	36
1850.15	39
1850.75	36
1851.35	41
1851.94	42
1852.54	30
1853.14	35
1853.73	32
1854.33	37
1854.93	36
1855.52	40
1856.12	37
1856.72	28
1857.31	37
1857.91	33
1858.5	35
1859.1	36
1859.7	44
1860.29	36
1860.89	33
1861.48	45
1862.08	39
1862.67	31
1863.27	36
1863.86	36
1864.46	40
1865.05	39
1865.65	35
1866.25	47
1866.84	47
1867.43	33
1868.03	37
1868.62	41
1869.22	41
1869.81	38
1870.41	51
1871	42
1871.6	37
1872.19	33
1872.79	37
1873.38	39
1873.97	42
1874.57	33
1875.16	40
1875.76	37
1876.35	34
1876.94	36
1877.54	42
1878.13	42.5
1878.72	43
1879.32	36
1879.91	37
1880.5	34
1881.1	40
1881.69	42
1882.28	34
1882.88	40
1883.47	45
1884.06	42
1884.66	47
1885.25	37
1885.84	36
1886.43	37
1887.03	39
1887.62	32
1888.21	31
1888.8	32
1889.4	35
1889.99	37
1890.58	46
1891.17	45
1891.76	38
1892.35	45
1892.95	38
1893.54	40
1894.13	31
1894.72	40
1895.31	38
1895.9	38
1896.5	38
1897.09	36
1897.68	37
1898.27	43
1898.86	36
1899.45	34
1900.04	39
1900.63	38
1901.22	39
1901.81	41
1902.4	45
1903	33
1903.59	41
1904.18	31
1904.77	38
1905.36	34
1905.95	31
1906.54	41
1907.13	40
1907.72	37
1908.31	36
1908.9	38
1909.49	37
1910.08	34
1910.67	33
1911.26	31
1911.84	32
1912.43	45
1913.02	39
1913.61	45
1914.2	41
1914.79	44
1915.38	32
1915.97	34
1916.56	34
1917.15	42
1917.73	38
1918.32	40
1918.91	37
1919.5	36
1920.09	43
1920.68	38
1921.27	31
1921.85	32
1922.44	34
1923.03	38
1923.62	37
1924.21	43
1924.79	40
1925.38	38
1925.97	35
1926.56	40
1927.14	35
1927.73	37
1928.32	37
1928.91	32
1929.49	38
1930.08	37
1930.67	39
1931.26	51
1931.84	43
1932.43	35
1933.02	45
1933.6	44
1934.19	34
1934.78	34
1935.36	38
1935.95	35
1936.54	39
1937.12	41
1937.71	40
1938.29	38
1938.88	32
1939.47	34
1940.05	43
1940.64	36
1941.22	40
1941.81	39
1942.4	45
1942.98	30
1943.57	38
1944.15	31
1944.74	41
1945.32	31
1945.91	41
1946.49	38
1947.08	42
1947.66	42
1948.25	39
1948.83	32
1949.42	39
1950	34
1950.59	34
1951.17	35
1951.76	35
1952.34	34
1952.93	36
1953.51	35
1954.1	37
1954.68	44
1955.26	47
1955.85	38
1956.43	31
1957.02	33
1957.6	42
1958.18	41
1958.77	35
1959.35	42
1959.93	41
1960.52	36
1961.1	44
1961.68	41
1962.27	44
1962.85	32
1963.43	37
1964.02	37
1964.6	33
1965.18	43
1965.77	38
1966.35	43
1966.93	34
1967.51	35
1968.1	39
1968.68	37
1969.26	39
1969.84	35
1970.43	31
1971.01	40
1971.59	41
1972.17	37
1972.75	41
1973.34	32
1973.92	37
1974.5	42
1975.08	33
1975.66	41
1976.24	41
1976.83	29
1977.41	40
1977.99	37
1978.57	36
1979.15	36
1979.73	33
1980.31	32
1980.89	38
1981.48	38
1982.06	45
1982.64	34
1983.22	35
1983.8	38
1984.38	41
1984.96	41
1985.54	32
1986.12	39
1986.7	38
1987.28	27
1987.86	32
1988.44	45
1989.02	37
1989.6	37
1990.18	41
1990.76	38
1991.34	29
1991.92	30
1992.5	33
1993.08	38
1993.66	30
1994.24	33
1994.82	36
1995.4	35
1995.98	43
1996.56	42
1997.13	32
1997.71	29
1998.29	36
1998.87	34
1999.45	40
2000.03	41
2000.61	34
2001.19	32
2001.76	41
2002.34	41
2002.92	37
2003.5	37
2004.08	41
2004.66	44
2005.23	43
2005.81	34
2006.39	40.94
2006.97	36.8446
2007.54	42.8675
2008.12	37.0858
2008.7	38.1141
2009.28	33.1886
2009.85	33.8685
2010.43	33.0187
2011.01	34.5989
2011.59	40.4907
2012.16	37.0282
2012.74	33.5941
2013.32	32.9389
2013.9	36.6929
2014.47	33.2229
2015.05	40.225
2015.63	41.01
2016.2	35.1572
2016.78	33.5232
2017.36	35.9248
2017.93	37.8374
2018.51	35.641
2019.08	33.119
2019.66	33.256
2020.24	41.2542
2020.81	33.6218
2021.39	36.1638
2021.97	30.3855
2022.54	40.2821
2023.12	37.4084
2023.69	36.5621
2024.27	35.2552
2024.84	30.3426
2025.42	34.8075
2026	33.3926
2026.57	36.8418
2027.15	36.4761
2027.72	33.7624
2028.3	34.845
2028.87	33.1675
2029.45	36.3469
2030.02	36.5706
2030.6	36.1197
2031.17	38.2058
2031.75	36.2381
2032.32	36.2151
2032.9	36.7155
2033.47	36.7105
2034.05	41.7522
2034.62	36.9989
2035.19	38.4785
2035.77	32.7733
2036.34	31.4523
2036.92	32.3601
2037.49	36.6652
2038.06	35.9674
2038.64	36.7465
2039.21	35.3213
2039.79	35.3629
2040.36	37.9186
2040.93	40.6226
2041.51	34.8163
2042.08	31.429
2042.65	34.5799
2043.23	35.2581
2043.8	33.8828
2044.38	34.4479
2044.95	35.5287
2045.52	33.7725
2046.09	36.44
2046.67	35.18
2047.24	34.692
2047.81	34.7153
2048.39	38.5898
2048.96	38.9754
2049.53	31.7422
2050.1	33.037
2050.68	31.8523
2051.25	35.9698
2051.82	33.0161
2052.39	31.4815
2052.97	35.6626
2053.54	38.225
2054.11	36.7647
2054.68	34.6067
2055.25	31.5594
2055.83	34.6335
2056.4	39.7465
2056.97	39.8936
2057.54	32.0913
2058.11	39.761
2058.68	36.9566
2059.26	36.4837
2059.83	31.1243
2060.4	32.3652
2060.97	33.225
2061.54	33.3666
2062.11	35.6015
2062.68	40.9018
2063.25	37.339
2063.72	39
2064.3	34
2064.87	38
2065.45	38
2066.02	41
2066.6	34
2067.17	37
2067.74	39
2068.32	29
2068.89	31
2069.47	38
2070.04	30
2070.61	34
2071.19	39
2071.76	40
2072.33	34
2072.91	36
2073.48	35
2074.05	37
2074.63	37
2075.2	39
2075.77	31
2076.35	38
2076.92	35
2077.49	32
2078.07	37
2078.64	42
2079.21	40
2079.78	32
2080.36	36
2080.93	36
2081.5	34
2082.07	30
2082.65	35
2083.22	36
2083.79	38
2084.36	37
2084.93	33
2085.51	28
2086.08	36
2086.65	31
2087.22	35
2087.79	43
2088.37	35
2088.94	38
2089.51	35
2090.08	31
2090.65	31
2091.22	38
2091.79	38
2092.36	38
2092.94	31
2093.51	38
2094.08	40
2094.65	39
2095.22	38
2095.79	42
2096.36	31
2096.93	30
2097.5	39
2098.07	37
2098.64	40.5
2099.21	44
2099.78	33
2100.35	35
2100.92	37
2101.49	33
2102.06	42
2102.63	33
2103.2	40
2103.77	37
2104.34	40
2104.91	45
2105.48	32
2106.05	38
2106.62	37
2107.19	33
2107.76	41
2108.33	38
2108.9	39
2109.47	41
2110.04	30
2110.6	31
2111.17	40
2111.74	44
2112.31	35
2112.88	38
2113.45	36
2114.02	33
2114.58	42
2115.15	31
2115.72	35
2116.29	36
2116.86	39
2117.43	36
2117.99	37
2118.56	41
2119.13	31
2119.7	38
2120.27	37
2120.83	42
2121.4	35
2121.97	38
2122.54	37
2123.1	37
2123.67	40
2124.24	36
2124.81	35
2125.37	30
2125.94	39
2126.51	41
2127.07	38
2127.64	40
2128.21	36
2128.77	43
2129.34	32
2129.91	30
2130.47	39
2131.04	37
2131.61	43
2132.17	37
2132.74	34
2133.31	39
2133.87	40
2134.44	36
2135.01	29
2135.57	35
2136.14	33
2136.7	31
2137.27	32
2137.83	40
2138.4	31
2138.97	32
2139.53	41
2140.1	43
2140.66	31
2141.23	31
2141.79	38
2142.36	37
2142.92	37
2143.49	40
2144.05	33
2144.62	36
2145.18	33
2145.75	36
2146.31	35
2146.88	42
2147.44	36
2148.01	28
2148.57	33
2149.13	37
2149.7	31
2150.26	36
2150.83	35
2151.39	39
2151.95	37
2152.52	39
2153.08	37
2153.65	35
2154.21	40
2154.77	42
2155.34	38
2155.9	42
2156.46	30
2157.03	30
2157.59	36
2158.15	29
2158.72	34
2159.28	41
2159.84	34
2160.41	30
2160.97	39
2161.53	44
2162.1	33
2162.66	35
2163.22	33
2163.78	32
2164.35	36
2164.91	33
2165.47	31
2166.03	33
2166.6	39
2167.16	30
2167.72	41
2168.28	36
2168.84	37
2169.41	34
2169.97	37
2170.53	35
2171.09	39
2171.65	36
2172.21	36
2172.78	32
2173.34	45
2173.9	30
2174.46	37
2175.02	39
2175.58	38
2176.14	40
2176.71	51
2177.27	41
2177.83	42
2178.39	31
2178.95	46
2179.51	36
2180.07	36
2180.63	34
2181.19	39
2181.75	41
2182.31	39
2182.87	36
2183.43	40
2183.99	33
2184.55	41
2185.11	41
2185.67	38
2186.23	28
2186.79	40
2187.35	38
2187.91	30
2188.47	39
2189.03	41
2189.59	39
2190.15	41
2190.71	33
2191.27	41
2191.83	33
2192.39	29
2192.95	35
2193.51	40
2194.07	36
2194.62	36
2195.18	37
2195.74	41
2196.3	39
2196.86	35
2197.42	34
2197.98	37
2198.54	42
2199.09	31
2199.65	37
2200.21	36
2200.77	32
2201.33	39
2201.88	35
2202.44	38
2203	37
2203.56	34
2204.12	34
2204.67	33
2205.23	35
2205.79	36
2206.35	32
2206.9	38
2207.46	37
2208.02	37
2208.58	42
2209.13	43
2209.69	36
2210.25	40
2210.81	36
2211.36	35
2211.92	33
2212.48	38
2213.03	41
2213.59	43
2214.15	45
2214.7	33
2215.26	40
2215.81	32
2216.37	32
2216.93	36
2217.48	40
2218.04	29
2218.6	41
2219.15	37
2219.71	41
2220.26	38
2220.82	33
2221.38	37
2221.93	31
2222.49	33
2223.04	38
2223.6	38
2224.15	40
2224.71	35
2225.26	34
2225.82	33
2226.38	35
2226.93	31
2227.49	40
2228.04	34
2228.59	45
2229.15	34
2229.7	34
2230.26	35
2230.81	39
2231.37	36
2231.92	34
2232.48	33
2233.03	32
2233.59	39
2234.14	38
2234.69	40
2235.25	39
2235.8	43
2236.36	42
2236.91	34
2237.46	34
2238.02	37
2238.57	37
2239.13	37
2239.68	34
2240.23	36
2240.79	32
2241.34	39
2241.89	38
2242.45	33
2243	29
2243.55	41
2244.11	38
2244.66	38
2245.21	40
2245.76	33
2246.32	37
2246.87	37
2247.42	45
2247.98	37
2248.53	36
2249.08	38
2249.63	34
2250.19	39
2250.74	38
2251.29	35
2251.84	39
2252.39	36
2252.95	37
2253.5	34
2254.05	38
2254.6	39
2255.15	39
2255.71	41
2256.26	35
2256.81	35
2257.36	38
2257.91	34
2258.46	34
2259.01	42
2259.57	34
2260.12	33
2260.67	38
2261.22	43
2261.77	42
2262.32	40
2262.87	32
2263.42	35
2263.97	36
2264.52	35
2265.07	42
2265.62	36
2266.18	52
2266.73	40
2267.28	47
2267.83	33
2268.38	34
2268.93	39
2269.48	39
2270.03	41
2270.58	38
2271.13	40
2271.68	46
2272.23	35
2272.78	42
2273.33	47
2273.87	38
2274.42	34
2274.97	35
2275.52	35
2276.07	33
2276.62	39
2277.17	43
2277.72	31
2278.27	40
2278.82	45
2279.37	34
2279.92	39
2280.46	35
2281.01	34
2281.56	38
2282.11	36
2282.66	37
2283.21	36
2283.76	34
2284.3	38
2284.85	34
2285.4	35
2285.95	37
2286.5	38
2287.04	33
2287.59	33
2288.14	36
2288.69	43
2289.24	40
2289.78	36
2290.33	33
2290.88	36
2291.43	42
2291.97	38
2292.52	35
2293.07	33
2293.62	38
2294.16	30
2294.71	31
2295.26	35
2295.8	36
2296.35	41
2296.9	37
2297.44	37
2297.99	30
2298.54	41
2299.08	37
2299.63	36
2300.18	36
2300.72	36
2301.27	38
2301.82	34
2302.36	42
2302.91	35
2303.45	35
2304	38
2304.55	32
2305.09	34
2305.64	34
2306.18	39
2306.73	33
2307.28	45
2307.82	42
2308.37	42
2308.91	33
2309.46	39
2310	40
2310.55	37
2311.09	38
2311.64	38
2312.18	38
2312.73	38
2313.27	35
2313.82	34
2314.36	39
2314.91	42
2315.45	37
2316	29
2316.54	37
2317.09	36
2317.63	41
2318.17	40
2318.72	44
2319.26	34
2319.81	41
2320.35	36
2320.89	40
2321.44	35
2321.98	41
2322.53	41
2323.07	36
2323.61	41
2324.16	45
2324.7	34
2325.24	35
2325.79	34
2326.33	43
2326.87	43
2327.42	38
2327.96	36
2328.5	37
2329.05	42
2329.59	38
2330.13	33
2330.68	37
2331.22	39
2331.76	38
2332.3	42
2332.85	41
2333.39	38
2333.93	39
2334.47	32
2335.02	32
2335.56	38
2336.1	45
2336.64	35
2337.19	41
2337.73	40
2338.27	38
2338.81	45
2339.35	32
2339.89	35
2340.44	37
2340.98	39
2341.52	36
2342.06	32
2342.6	35
2343.14	37
2343.69	42
2344.23	36
2344.77	31
2345.31	29
2345.85	36
2346.39	29
2346.93	40
2347.47	39
2348.01	35
2348.55	41
2349.09	39
2349.64	40
2350.18	30
2350.72	31
2351.26	34
2351.8	36
2352.34	37
2352.88	31
2353.42	36
2353.96	39
2354.5	42
2355.04	37
2355.58	38
2356.12	43
2356.66	37
2357.2	43
2357.74	46
2358.28	34
2358.82	43
2359.36	25
2359.9	36
2360.43	41
2360.97	40
2361.51	34
2362.05	37
2362.59	37
2363.13	41
2363.67	34
2364.21	40
2364.75	42
2365.29	33
2365.82	37
2366.36	42
2366.9	35
2367.44	40
2367.98	39
2368.52	35
2369.06	43
2369.59	42
2370.13	47
2370.67	42
2371.21	39
2371.75	36.5
2372.28	34
2372.82	34
2373.36	34
2373.9	41
2374.44	36
2374.97	40
2375.51	34
2376.05	32
2376.59	39
2377.12	33
2377.66	37
2378.2	34
2378.73	38
2379.27	35
2379.81	37
2380.35	33
2380.88	38
2381.42	38
2381.96	33
2382.49	32
2383.03	46
2383.57	36
2384.1	34
2384.64	38
2385.18	42
2385.71	29
2386.25	38
2386.78	34
2387.32	32
2387.86	38
2388.39	42
2388.93	37
2389.47	38
2390	39
2390.54	38
2391.07	39
2391.61	35
2392.14	36
2392.68	38
2393.22	33
2393.75	35
2394.29	36
2394.82	36
2395.36	44
2395.89	41
2396.43	34
2396.96	35
2397.5	40
2398.03	32
2398.57	37
2399.1	34
2399.64	30.5
2400.17	27
2400.71	39
2401.24	40
2401.77	39
2402.31	30
2402.84	43
2403.38	39
2403.91	38
2404.45	38
2404.98	45
2405.51	46
2406.05	37
2406.58	38
2407.12	32
2407.65	30
2408.18	39
2408.72	39
2409.25	38
2409.78	37
2410.32	32
2410.85	37
2411.38	40
2411.92	40
2412.45	43
2412.98	40
2413.52	33
2414.05	36
2414.58	34
2415.12	42
2415.65	29
2416.18	35
2416.71	34
2417.25	38
2417.78	31
2418.31	37
2418.84	34
2419.38	34
2419.91	38
2420.44	34
2420.97	37
2421.51	44
2422.04	35
2422.57	39
2423.1	35
2423.63	41
2424.17	40
2424.7	37
2425.23	34
2425.76	27
2426.29	34
2426.82	35
2427.36	41
2427.89	37
2428.42	32
2428.95	38
2429.48	42
2430.01	34
2430.54	34
2431.07	37
2431.61	38
2432.14	40
2432.67	34
2433.2	29
2433.73	42
2434.26	29
2434.79	32
2435.32	37
2435.85	39
2436.38	35
2436.91	39
2437.44	34
2437.97	38
2438.5	39
2439.03	44
2439.56	32
2440.09	35
2440.62	39
2441.15	42
2441.68	36
2442.21	38
2442.74	33
2443.27	38
2443.8	34
2444.33	28
2444.86	31
2445.39	34
2445.92	30
2446.45	36
2446.98	29
2447.51	40
2448.04	40
2448.56	29
2449.09	31
2449.62	37
2450.15	40
2450.68	42
2451.21	40
2451.74	43
2452.27	37
2452.79	31
2453.32	36
2453.85	35
2454.38	28
2454.91	40
2455.44	39
2455.96	27
2456.49	41
2457.02	32
2457.55	37
2458.08	37
2458.6	31
2459.13	32
2459.66	32
2460.19	38
2460.71	46
2461.24	43
2461.77	33
2462.3	39
2462.82	32
2463.35	41
2463.88	31
2464.41	33
2464.93	42
2465.46	43
2465.99	41
2466.51	38
2467.04	37
2467.57	39
2468.09	34
2468.62	34
2469.15	33
2469.67	43
2470.2	34
2470.73	41
2471.25	41
2471.78	39
2472.31	34
2472.83	43
2473.36	38
2473.88	36
2474.41	32
2474.94	39
2475.46	39
2475.99	32
2476.51	42
2477.04	35
2477.56	34
2478.09	39
2478.62	38
2479.14	35
2479.67	33
2480.19	38
2480.72	33
2481.24	38
2481.77	37
2482.29	42
2482.82	43
2483.34	36
2483.87	36
2484.39	39
2484.92	34
2485.44	36
2485.97	32
2486.49	37
2487.01	37
2487.54	32
2488.06	33
2488.59	32
2489.11	37
2489.64	35
2490.16	34
2490.68	35
2491.21	46
2491.73	38
2492.26	36
2492.78	39
2493.3	32
2493.83	34
2494.35	28
2494.87	37
2495.4	33
2495.92	40
2496.45	29
2496.97	36
2497.49	31
2498.01	40
2498.54	41
2499.06	34
2499.58	38
2500.11	34
2500.63	34
2501.15	33
2501.68	36
2502.2	31
2502.72	29
2503.24	32
2503.77	43
2504.29	41
2504.81	31
2505.33	31
2505.86	40
2506.38	31
2506.9	38
2507.42	32
2507.94	26
2508.47	36
2508.99	37
2509.51	39
2510.03	36
2510.55	36
2511.08	33
2511.6	39
2512.12	28
2512.64	31
2513.16	35
2513.68	39
2514.21	39.9452
2514.73	46.6524
2515.25	35.0713
2515.77	37.8303
2516.29	31.3082
2516.81	37.8384
2517.33	42.4269
2517.85	35.0716
2518.37	43.4149
2518.89	33.6445
2519.41	36.811
2519.94	35.3251
2520.46	42.5043
2520.98	30.9285
2521.5	29.0875
2522.02	36.848
2522.54	36
2523.06	36.8284
2523.58	33.3659
2524.1	41.6195
2524.62	37.9486
2525.14	41.2062
2525.66	37.9243
2526.18	39.1051
2526.7	33.5524
2527.22	32.8668
2527.74	34.7238
2528.26	37.0794
2528.78	37.9943
2529.3	35.929
2529.82	32.1084
2530.34	33.7868
2530.86	36.5046
2531.37	29.2055
2531.89	38.5111
2532.41	35.4014
2532.93	37.0766
2533.45	33.237
2533.97	34.4902
2534.49	33.2255
2535.01	38.0965
2535.53	35.375
2536.05	34.938
2536.56	37.4535
2537.08	34.6581
2537.6	32.5831
2538.12	34.6583
2538.64	32.7239
2539.16	33.3236
2539.68	31.953
2540.19	36.7056
2540.71	35.7419
2541.23	37.1197
2541.75	35.7431
2542.27	38.8016
2542.78	36.936
2543.3	36.0243
2543.82	34.866
2544.34	29.7094
2544.86	33.9766
2545.37	37.3722
2545.89	34.5126
2546.41	35.4227
2546.93	35.5985
2547.44	37.8382
2547.96	36.3212
2548.48	36.6912
2549	37.5632
2549.51	37.5858
2550.03	31.1178
2550.55	34.8275
2551.06	36.5943
2551.58	32.878
2552.1	34.561
2552.62	32.2158
2553.13	33.0036
2553.65	32.3157
2554.17	34.402
2554.68	36.5228
2555.2	37.4042
2555.71	34.1435
2556.23	34.0185
2556.75	35.7907
2557.26	38.6744
2557.78	37.9266
2558.3	34.2157
2558.81	36.8395
2559.33	38.952
2559.84	37.0417
2560.36	34.3313
2560.88	33.5414
2561.39	32.7026
2561.91	37.3663
2562.42	39.9803
2562.94	38.189
2563.46	35.7869
2563.97	39.0244
2564.49	36.7698
2565	28.7633
2565.52	32.2626
2566.03	33.8977
2566.55	30.5666
2566.87	33
2567.39	36
2567.91	34
2568.42	43
2568.94	38
2569.46	40
2569.98	30
2570.5	34
2571.02	39
2571.53	35
2572.05	31
2572.57	37
2573.09	37
2573.6	35
2574.12	38
2574.64	41
2575.16	34
2575.68	31
2576.19	36
2576.71	27
2577.23	32
2577.75	32
2578.26	40
2578.78	31
2579.3	30
2579.81	37
2580.33	39
2580.85	32
2581.37	42
2581.88	34
2582.4	35
2582.92	30
2583.43	45
2583.95	36
2584.47	31
2584.98	32
2585.5	36
2586.02	33
2586.53	39
2587.05	40
2587.56	36
2588.08	38
2588.6	32
2589.11	41
2589.63	35
2590.14	40
2590.66	32
2591.18	35
2591.69	38
2592.21	26
2592.72	32
2593.24	28
2593.75	39
2594.27	39
2594.78	38
2595.3	36
2595.82	37
2596.33	38
2596.85	30
2597.36	34.5
2597.88	39
2598.39	36
2598.91	37
2599.42	31
2599.94	38
2600.45	35
2600.97	35
2601.48	33
2601.99	38
2602.51	35
2603.02	30
2603.54	36
2604.05	35
2604.57	37
2605.08	40
2605.59	39
2606.11	40
2606.62	31
2607.14	46
2607.65	38
2608.16	35
2608.68	41
2609.19	40
2609.71	35
2610.22	35
2610.73	31
2611.25	39
2611.76	44
2612.27	38
2612.79	36
2613.3	41
2613.81	37
2614.33	44
2614.84	43
2615.35	37
2615.87	43
2616.38	34
2616.89	33
2617.4	38
2617.92	34
2618.43	35
2618.94	36
2619.46	42
2619.97	27
2620.48	35
2620.99	34
2621.5	40
2622.02	36
2622.53	37
2623.04	38
2623.55	39
2624.07	36
2624.58	34
2625.09	44
2625.6	42
2626.11	35
2626.63	33
2627.14	37
2627.65	44
2628.16	30
2628.67	37
2629.18	41
2629.69	30
2630.21	35
2630.72	41
2631.23	31
2631.74	35
2632.25	40
2632.76	37
2633.27	25
2633.78	33
2634.3	38
2634.81	41
2635.32	37
2635.83	34
2636.34	41
2636.85	35
2637.36	37
2637.87	42
2638.38	42
2638.89	34
2639.4	36
2639.91	36
2640.42	39
2640.93	26
2641.44	32
2641.95	41
2642.46	37
2642.97	39
2643.48	35
2643.99	39
2644.5	39
2645.01	28
2645.52	39
2646.03	38
2646.54	45
2647.05	39
2647.56	37
2648.07	43
2648.58	31
2649.09	35
2649.59	38
2650.1	40
2650.61	33
2651.12	43
2651.63	37
2652.14	42
2652.65	49
2653.16	35
2653.67	46
2654.17	34
2654.68	32
2655.19	35
2655.7	39
2656.21	37
2656.72	40
2657.22	35
2657.73	32
2658.24	46
2658.75	39
2659.26	35
2659.77	38
2660.27	39
2660.78	38
2661.29	32
2661.8	32
2662.3	37
2662.81	40
2663.32	35
2663.83	40
2664.34	34
2664.84	33
2665.35	42
2665.86	43
2666.36	42
2666.87	29
2667.38	35
2667.89	41
2668.39	36
2668.9	37
2669.41	37
2669.91	39
2670.42	34
2670.93	44
2671.43	31
2671.94	40
2672.45	45
2672.95	35
2673.46	37
2673.97	35
2674.47	39
2674.98	33
2675.48	33
2675.99	43
2676.5	41
2677	36
2677.51	35
2678.01	45
2678.52	39
2679.03	37
2679.53	36
2680.04	37
2680.54	36
2681.05	41
2681.55	39
2682.06	39
2682.57	40
2683.07	29
2683.58	34
2684.08	40
2684.59	42
2685.09	40
2685.6	37
2686.1	32
2686.61	30
2687.11	40
2687.62	42
2688.12	42
2688.63	38
2689.13	43
2689.63	46
2690.14	40
2690.64	46
2691.15	40
2691.65	48
2692.16	37
2692.66	37
2693.17	37
2693.67	31
2694.17	36
2694.68	39
2695.18	38
2695.69	35
2696.19	37
2696.69	40
2697.2	47
2697.7	44
2698.2	41
2698.71	37
2699.21	42
2699.71	34
2700.22	38
2700.72	43
2701.22	37
2701.73	36
2702.23	40
2702.73	33
2703.24	32
2703.74	31
2704.24	38
2704.75	38
2705.25	36
2705.75	35
2706.25	32
2706.76	38
2707.26	39
2707.76	38
2708.26	41
2708.77	39
2709.27	37
2709.77	42
2710.27	40
2710.78	39
2711.28	42
2711.78	37
2712.28	34
2712.78	42
2713.29	28
2713.79	32
2714.29	38
2714.79	44
2715.29	44
2715.79	37
2716.3	32
2716.8	40
2717.3	46
2717.8	40
2718.3	31
2718.8	33
2719.3	42
2719.81	41
2720.31	42
2720.81	45
2721.31	49
2721.81	36
2722.31	35
2722.81	37
2723.31	32
2723.81	34
2724.31	33
2724.81	38
2725.31	44
2725.82	36
2726.32	37
2726.82	44
2727.32	36
2727.82	44
2728.32	45
2728.82	35
2729.32	39
2729.82	43
2730.32	40
2730.82	37
2731.32	40
2731.82	48
2732.32	39
2732.82	41
2733.32	44
2733.82	35
2734.31	45
2734.81	34
2735.31	46
2735.81	40
2736.31	35
2736.81	36
2737.31	40
2737.81	34
2738.31	45
2738.81	40
2739.31	31
2739.81	37
2740.3	34
2740.8	43
2741.3	47
2741.8	37
2742.3	33
2742.8	37
2743.3	42
2743.79	43
2744.29	27
2744.79	38
2745.29	42
2745.79	38
2746.29	33
2746.78	32
2747.28	37
2747.78	41
2748.28	40
2748.78	40
2749.27	37
2749.77	41
2750.27	44
2750.77	40
2751.26	36
2751.76	43
2752.26	34
2752.76	38
2753.25	32
2753.75	43
2754.25	44
2754.75	40
2755.24	45
2755.74	55
2756.24	44
2756.73	36
2757.23	43
2757.73	41
2758.22	37
2758.72	40
2759.22	45
2759.72	47
2760.21	47
2760.71	48
2761.2	34
2761.7	40
2762.2	44
2762.69	35
2763.19	39
2763.69	40
2764.18	34
2764.68	39
2765.17	46
2765.67	40
2766.17	37
2766.66	38
2767.16	42
2767.65	45
2768.15	37
2768.65	48
2769.14	36
2769.64	41
2770.13	40
2770.63	38
2771.12	51
2771.62	37
2772.11	42
2772.61	47
2773.1	43
2773.6	48
2774.09	38
2774.59	39
2775.08	42
2775.58	48
2776.07	42
2776.57	41
2777.06	41
2777.56	40
2778.05	44
2778.55	42
2779.04	36
2779.53	43
2780.03	38
2780.52	39
2781.02	40
2781.51	50
2782.01	38
2782.5	34
2782.99	38
2783.49	30
2783.98	46
2784.47	39
2784.97	49
2785.46	38
2785.96	48
2786.45	39
2786.94	43
2787.44	39
2787.93	43
2788.42	38
2788.92	40
2789.41	43
2789.9	46
2790.4	31
2790.89	45
2791.38	35
2791.88	36
2792.37	34
2792.86	44
2793.35	41
2793.85	34
2794.34	38
2794.83	40
2795.33	33
2795.82	37
2796.31	37
2796.8	33
2797.3	40
2797.79	35
2798.28	44
2798.77	40
2799.26	44
2799.76	37
2800.25	37
2800.74	38
2801.23	38
2801.72	41
2802.22	41
2802.71	36
2803.2	46
2803.69	43
2804.18	57
2804.67	49
2805.17	44
2805.66	38
2806.15	45
2806.64	48
2807.13	44
2807.62	42
2808.11	32
2808.6	39
2809.1	43
2809.59	38
2810.08	46
2810.57	44
2811.06	49
2811.55	51
2812.04	48
2812.53	37
2813.02	41
2813.51	44
2814	39
2814.49	44
2814.98	49
2815.47	42
2815.96	46
2816.45	42
2816.94	39
2817.44	39
2817.93	42
2818.42	53
2818.91	36
2819.39	37
2819.88	42
2820.37	52
2820.86	35
2821.35	43
2821.84	42
2822.33	41
2822.82	45
2823.31	41
2823.8	41
2824.29	44
2824.78	45
2825.27	38
2825.76	45
2826.25	43
2826.74	47
2827.23	40
2827.71	47
2828.2	42
2828.69	40
2829.18	40
2829.67	29
2830.16	41
2830.65	39
2831.14	41
2831.62	42
2832.11	38
2832.6	43
2833.09	37
2833.58	37
2834.07	44
2834.55	47
2835.04	38
2835.53	36
2836.02	45
2836.51	31
2836.99	39
2837.48	41
2837.97	37
2838.46	40
2838.95	41
2839.43	43
2839.92	36
2840.41	39
2840.9	34
2841.38	41
2841.87	47
2842.36	34
2842.84	46
2843.33	40
2843.82	46
2844.31	39
2844.79	32
2845.28	41
2845.77	46
2846.25	44
2846.74	44
2847.23	38
2847.71	42
2848.2	38
2848.69	42
2849.17	39
2849.66	37
2850.15	41
2850.63	39
2851.12	44
2851.61	48
2852.09	38
2852.58	50
2853.06	46
2853.55	37
2854.04	44
2854.52	39
2855.01	40
2855.49	44
2855.98	48
2856.46	49
2856.95	44
2857.44	43
2857.92	47
2858.41	42
2858.89	49
2859.38	45
2859.86	40
2860.35	34
2860.83	48
2861.32	41
2861.8	45
2862.29	39
2862.77	46
2863.26	52
2863.74	45
2864.23	51
2864.71	46
2865.2	51
2865.68	42
2866.17	41
2866.65	50
2867.14	50
2867.62	40
2868.1	45
2868.59	45
2869.07	39
2869.56	42.5
2870.04	46
2870.53	48
2871.01	42
2871.49	47
2871.98	49
2872.46	40
2872.95	48
2873.43	48
2873.91	45
2874.4	49
2874.88	51
2875.36	43
2875.85	40
2876.33	49
2876.81	44
2877.3	46
2877.78	45
2878.26	49
2878.75	54
2879.23	36
2879.71	43
2880.2	40
2880.68	42
2881.16	40
2881.65	48
2882.13	40
2882.61	53
2883.09	44
2883.58	40
2884.06	47
2884.54	49
2885.02	41
2885.51	50
2885.99	40
2886.47	49
2886.95	46
2887.44	42
2887.92	46
2888.4	52
2888.88	49
2889.36	47
2889.85	54
2890.33	50
2890.81	42
2891.29	48
2891.77	40
2892.26	51
2892.74	50
2893.22	42
2893.7	49
2894.18	44
2894.66	51
2895.14	38
2895.63	47
2896.11	51
2896.59	40
2897.07	48
2897.55	48
2898.03	54
2898.51	45
2898.99	41
2899.47	46
2899.95	48
2900.44	51
2900.92	49
2901.4	45
2901.88	48
2902.36	51
2902.84	43
2903.32	50
2903.8	37
2904.28	40
2904.76	46
2905.24	50
2905.72	34
2906.2	39
2906.68	45
2907.16	48
2907.64	49
2908.12	43
2908.6	41
2909.08	47
2909.56	37
2910.04	45
2910.52	47
2911	37
2911.48	47
2911.96	42
2912.44	50
2912.92	47
2913.39	40
2913.87	50
2914.35	40
2914.83	43
2915.31	41
2915.79	46
2916.27	40
2916.75	42
2917.23	41
2917.71	41
2918.19	43
2918.66	41
2919.14	34
2919.62	42
2920.1	43
2920.58	47
2921.06	44
2921.53	49
2922.01	35
2922.49	49
2922.97	44
2923.45	44
2923.93	54
2924.4	51
2924.88	47
2925.36	42
2925.84	53
2926.32	53
2926.79	43
2927.27	41
2927.75	45
2928.23	47
2928.7	44
2929.18	50
2929.66	40
2930.14	53
2930.61	46
2931.09	47
2931.57	56
2932.05	53
2932.52	50
2933	49
2933.48	45
2933.95	38
2934.43	48
2934.91	49
2935.38	52
2935.86	46
2936.34	48
2936.81	41
2937.29	50
2937.77	50
2938.24	46
2938.72	51
2939.2	55
2939.67	48
2940.15	53
2940.63	49
2941.1	43
2941.58	42
2942.05	53
2942.53	43
2943.01	39
2943.48	51
2943.96	43
2944.43	43
2944.91	43
2945.39	44
2945.86	56
2946.34	41
2946.81	44
2947.29	49
2947.76	43
2948.24	49
2948.71	41
2949.19	40
2949.66	45
2950.14	47
2950.61	54
2951.09	48
2951.56	40
2952.04	47
2952.51	47
2952.99	42
2953.46	39
2953.94	42
2954.41	52
2954.89	36
2955.36	43
2955.84	43
2956.31	46
2956.79	38
2957.26	35
2957.73	45
2958.21	44
2958.68	35
2959.16	45
2959.63	41
2960.11	43
2960.58	46
2961.05	44
2961.53	37
2962	40
2962.48	38
2962.95	52
2963.42	40
2963.9	44
2964.37	33
2964.84	42
2965.32	44
2965.79	53
2966.26	35
2966.74	36
2967.21	43
2967.68	38
2968.16	43
2968.63	46
2969.1	43
2969.58	36
2970.05	38
2970.52	38
2970.99	45
2971.47	45
2971.94	42
2972.41	43
2972.88	44
2973.36	42
2973.83	38.9648
2974.3	46.6973
2974.77	41.198
2975.25	45.1276
2975.72	40.2849
2976.19	45.8603
2976.66	46.0179
2977.14	35.985
2977.61	42.5365
2978.08	43.3754
2978.55	44.4568
2979.02	38.0838
2979.5	43.2717
2979.97	53.8822
2980.44	48.9828
2980.91	47.1755
2981.38	52.474
2981.85	42.8549
2982.33	41.862
2982.8	41.0099
2983.27	43.6567
2983.74	41.0954
2984.21	44.2015
2984.68	46.5977
2985.15	41.7194
2985.63	45.7295
2986.1	40.7415
2986.57	42.2723
2987.04	37.0998
2987.51	45.5503
2987.98	37.2212
2988.45	41.0728
2988.92	48.5224
2989.39	39.8114
2989.86	40.3082
2990.33	43.9597
2990.81	42.647
2991.28	40.0803
2991.75	42.5908
2992.22	44.9518
2992.69	42.9079
2993.16	38.299
2993.63	45.9592
2994.1	41.7543
2994.57	41.3952
2995.04	36.8911
2995.51	38.9065
2995.98	37.6799
2996.45	44.3656
2996.92	39.0017
2997.39	38
2997.86	42.1521
2998.33	39.9498
2998.8	37.4609
2999.27	42.6181
2999.74	38.2714
3000.21	36.0164
3000.68	34.4335
3001.15	39.1193
3001.61	38.3828
3002.08	36.9965
3002.55	35.7709
3003.02	43.5804
3003.49	38.8889
3003.96	39.683
3004.43	36.9146
3004.9	38.8198
3005.37	38.8073
3005.84	41.0192
3006.31	41.7417
3006.77	41.2181
3007.24	37.9705
3007.71	41.3187
3008.18	36.9226
3008.65	34.7998
3009.12	39.2873
3009.59	37.2908
3010.05	36.0262
3010.52	38.3204
3010.99	36.91
3011.46	34.8355
3011.93	34.5476
3012.4	38.5996
3012.86	38.6446
3013.33	36.0588
3013.8	38.7263
3014.27	39.7129
3014.74	37.3178
3015.2	35.2988
3015.67	38.4256
3016.14	41.3045
3016.61	42.4079
3017.07	35.0942
3017.54	30.7009
3018.01	34.4129
3018.48	39.7764
3018.95	41.0235
3019.41	38.2474
3019.88	41.018
3020.35	38.3412
3020.81	33.0393
3021.05	35
3021.52	40
3021.99	39
3022.46	47
3022.93	38
3023.4	39
3023.87	39
3024.34	43
3024.81	40
3025.28	36
3025.75	40
3026.22	39
3026.69	40
3027.16	35
3027.63	43
3028.1	38
3028.57	37
3029.04	32
3029.51	38
3029.98	47
3030.44	34
3030.91	38
3031.38	31
3031.85	39
3032.32	43
3032.79	40
3033.26	35
3033.73	34
3034.2	44
3034.67	39
3035.14	27
3035.6	45
3036.07	39
3036.54	44
3037.01	28
3037.48	42
3037.95	37
3038.42	36
3038.89	37
3039.35	32
3039.82	40
3040.29	36
3040.76	35
3041.23	36
3041.7	39
3042.16	40
3042.63	34
3043.1	33
3043.57	35
3044.04	37
3044.5	42
3044.97	37
3045.44	39
3045.91	34
3046.37	41
3046.84	41
3047.31	41
3047.78	53
3048.24	40
3048.71	37
3049.18	37
3049.65	37
3050.11	34
3050.58	34
3051.05	37
3051.52	40
3051.98	38
3052.45	42
3052.92	37
3053.38	43
3053.85	32
3054.32	39
3054.78	40
3055.25	33
3055.72	33
3056.18	38
3056.65	38
3057.12	38
3057.58	31
3058.05	34
3058.52	38
3058.98	39
3059.45	40
3059.91	36
3060.38	35
3060.85	42
3061.31	36
3061.78	40
3062.25	40
3062.71	33
3063.18	34
3063.64	44
3064.11	42
3064.57	40
3065.04	38
3065.5	37
3065.97	48
3066.44	42
3066.9	37
3067.37	46
3067.83	32
3068.3	42
3068.76	37
3069.23	38
3069.69	39
3070.16	42
3070.62	43
3071.09	39
3071.55	35
3072.02	42
3072.48	43
3072.95	36
3073.41	41
3073.88	37
3074.34	40
3074.8	42
3075.27	44
3075.73	38
3076.2	37
3076.66	40
3077.13	43
3077.59	34
3078.06	35
3078.52	43
3078.98	42
3079.45	41
3079.91	38
3080.38	47
3080.84	30
3081.3	44
3081.77	39
3082.23	35
3082.69	34
3083.16	35
3083.62	38
3084.09	40
3084.55	42
3085.01	37
3085.48	38
3085.94	40
3086.4	39
3086.87	33
3087.33	41
3087.79	31
3088.26	47
3088.72	34
3089.18	42
3089.64	38
3090.11	42
3090.57	39
3091.03	42
3091.5	40
3091.96	41
3092.42	36
3092.88	45
3093.35	48
3093.81	40
3094.27	32
3094.73	33
3095.19	37
3095.66	46
3096.12	45
3096.58	32
3097.04	41
3097.51	36
3097.97	46
3098.43	36
3098.89	37
3099.35	41
3099.82	29
3100.28	42
3100.74	40
3101.2	42
3101.66	39
3102.12	39
3102.59	33
3103.05	38
3103.51	34
3103.97	38
3104.43	31
3104.89	44
3105.35	41
3105.81	40
3106.28	32
3106.74	38
3107.2	36
3107.66	41
3108.12	37
3108.58	38
3109.04	35
3109.5	36
3109.96	40
3110.42	42
3110.88	45
3111.34	29
3111.8	37
3112.26	40
3112.73	39
3113.19	47
3113.65	35
3114.11	42
3114.57	38
3115.03	32
3115.49	40
3115.95	41
3116.41	35
3116.87	40
3117.33	31
3117.79	40
3118.25	38
3118.71	36
3119.17	40
3119.63	30
3120.09	40
3120.55	34
3121	41
3121.46	32
3121.92	34
3122.38	35
3122.84	40
3123.3	35
3123.76	38
3124.22	30
3124.68	34
3125.14	38
3125.6	46
3126.06	37
3126.51	38
3126.97	37
3127.43	35
3127.89	35
3128.35	36
3128.81	37
3129.27	42
3129.73	41
3130.18	48
3130.64	36
3131.1	40
3131.56	34
3132.02	36
3132.48	35
3132.93	34
3133.39	35
3133.85	36
3134.31	36
3134.77	35
3135.22	36
3135.68	32
3136.14	37
3136.6	31
3137.06	37
3137.51	37
3137.97	34
3138.43	36
3138.89	36
3139.34	47
3139.8	45
3140.26	40
3140.72	33
3141.17	40
3141.63	32
3142.09	34
3142.54	41
3143	42
3143.46	36
3143.91	40
3144.37	39
3144.83	38
3145.29	39
3145.74	48
3146.2	43
3146.66	36
3147.11	37
3147.57	44
3148.03	34
3148.48	41
3148.94	45
3149.39	39
3149.85	49
3150.31	39
3150.76	31
3151.22	35
3151.68	44
3152.13	38
3152.59	42
3153.04	44
3153.5	39
3153.96	39
3154.41	36
3154.87	31
3155.32	39
3155.78	38
3156.23	37
3156.69	44
3157.15	37
3157.6	37
3158.06	42
3158.51	42
3158.97	45
3159.42	44
3159.88	33
3160.33	37
3160.79	45
3161.24	45
3161.7	39
3162.15	38
3162.61	43
3163.06	37
3163.52	35
3163.97	49
3164.43	32
3164.88	36
3165.34	41
3165.79	46
3166.25	43
3166.7	51
3167.16	38
3167.61	40
3168.06	42
3168.52	34
3168.97	46
3169.43	42
3169.88	39
3170.34	32
3170.79	38
3171.24	41
3171.7	37
3172.15	37
3172.6	35
3173.06	38
3173.51	44
3173.97	44
3174.42	36
3174.87	38
3175.33	36
3175.78	35
3176.23	39
3176.69	42
3177.14	45
3177.59	39
3178.05	37
3178.5	42
3178.95	36
3179.41	38
3179.86	37
3180.31	30
3180.77	41
3181.22	35
3181.67	38
3182.12	42
3182.58	37
3183.03	38
3183.48	35
3183.93	36
3184.39	34
3184.84	41
3185.29	40
3185.75	35
3186.2	39
3186.65	39
3187.1	37
3187.55	41
3188.01	40
3188.46	45
3188.91	38
3189.36	40
3189.81	38
3190.27	39
3190.72	48
3191.17	50
3191.62	39
3192.07	37
3192.53	35
3192.98	37
3193.43	39
3193.88	36
3194.33	33
3194.78	38
3195.23	38
3195.69	43
3196.14	36
3196.59	40
3197.04	45
3197.49	33
3197.94	42
3198.39	38
3198.84	36
3199.3	42
3199.75	43
3200.2	40
3200.65	32
3201.1	37
3201.55	32
3202	46
3202.45	38
3202.9	44
3203.35	42
3203.8	35
3204.25	36
3204.7	41
3205.15	39
3205.6	48
3206.05	44
3206.5	40
3206.95	38
3207.4	42
3207.85	39
3208.3	42
3208.75	41
3209.2	38
3209.65	43
3210.1	41
3210.55	42
3211	36
3211.45	43
3211.9	39
3212.35	37
3212.8	40
3213.25	48
3213.7	44
3214.15	38
3214.6	35
3215.05	41
3215.5	40
3215.95	35
3216.4	42
3216.84	38
3217.29	38
3217.74	35
3218.19	47
3218.64	34
3219.09	33
3219.54	36
3219.99	41
3220.43	36
3220.88	40
3221.33	48
3221.78	44
3222.23	44
3222.68	40
3223.13	41
3223.57	34
3224.02	38
3224.47	44
3224.92	39
3225.37	41
3225.81	38
3226.26	37
3226.71	35
3227.16	43
3227.61	38
3228.05	39
3228.5	33
3228.95	38
3229.4	44
3229.84	44
3230.29	38
3230.74	35
3231.19	42
3231.64	37
3232.08	39
3232.53	36
3232.98	43
3233.42	36
3233.87	42
3234.32	41
3234.76	39
3235.21	40
3235.66	39
3236.11	44
3236.55	38
3237	43
3237.45	35
3237.89	38
3238.34	39
3238.79	46
3239.23	38
3239.68	46
3240.13	39
3240.57	43
3241.02	37
3241.47	41
3241.91	41
3242.36	46
3242.81	37
3243.25	45
3243.7	32
3244.14	42
3244.59	41
3245.03	47
3245.48	34
3245.93	42
3246.37	39
3246.82	41
3247.26	34
3247.71	38
3248.16	39
3248.6	40
3249.05	36
3249.49	36
3249.94	43
3250.38	38
3250.83	41
3251.27	39
3251.72	36
3252.16	36
3252.61	40
3253.05	38
3253.5	40
3253.94	39
3254.39	41
3254.83	40
3255.28	41
3255.72	42
3256.17	39
3256.61	43
3257.06	43
3257.5	44
3257.95	36
3258.39	40
3258.84	36
3259.28	34
3259.72	44
3260.17	43
3260.61	30
3261.06	40
3261.5	35
3261.95	39
3262.39	40
3262.83	33
3263.28	37
3263.72	36
3264.17	43
3264.61	47
3265.05	39
3265.5	43
3265.94	46
3266.38	44
3266.83	32
3267.27	42
3267.72	37
3268.16	43
3268.6	39
3269.05	39
3269.49	33
3269.93	38
3270.38	36
3270.82	36
3271.26	37
3271.71	40
3272.15	44
3272.59	32
3273.03	39
3273.48	40.5
3273.92	42
3274.36	38
3274.81	49
3275.25	38
3275.69	43
3276.13	33
3276.58	39
3277.02	37
3277.46	32
3277.9	43
3278.34	36
3278.79	40
3279.23	49
3279.67	34
3280.11	34
3280.56	46
3281	35
3281.44	34
3281.88	44
3282.32	36
3282.77	48
3283.21	38
3283.65	32
3284.09	37
3284.53	43
3284.98	34
3285.42	33
3285.86	45
3286.3	36
3286.74	38
3287.18	45
3287.62	49
3288.06	35
3288.51	40
3288.95	40
3289.39	45
3289.83	37
3290.27	40
3290.71	50
3291.15	39
3291.59	37
3292.03	43
3292.48	36
3292.92	40
3293.36	40
3293.8	34
3294.24	38
3294.68	44
3295.12	35
3295.56	31
3296	38
3296.44	37
3296.88	36
3297.32	41
3297.76	40
3298.2	41
3298.64	35
3299.08	43
3299.52	38
3299.96	32
3300.4	39
3300.84	36
3301.28	43
3301.72	48
3302.16	42
3302.6	35
3303.04	30
3303.48	41
3303.92	32
3304.36	39
3304.8	42
3305.24	34
3305.68	45
3306.12	38
3306.56	35
3307	35
3307.44	38
3307.87	35
3308.31	36
3308.75	36
3309.19	39
3309.63	43
3310.07	38
3310.51	41
3310.95	40
3311.39	37
3311.82	37
3312.26	36
3312.7	46
3313.14	44
3313.58	40
3314.02	41
3314.46	38
3314.89	39
3315.33	38
3315.77	36
3316.21	37
3316.65	42
3317.09	43
3317.52	40
3317.96	37
3318.4	33
3318.84	40
3319.28	38
3319.71	40
3320.15	36
3320.59	37
3321.03	45
3321.46	43
3321.9	34
3322.34	40
3322.78	38
3323.22	40
3323.65	39
3324.09	38
3324.53	48
3324.96	37
3325.4	46
3325.84	43
3326.28	37
3326.71	29
3327.15	31
3327.59	38
3328.02	36
3328.46	45
3328.9	37
3329.33	32
3329.77	38
3330.21	36
3330.65	44
3331.08	34
3331.52	40
3331.95	49
3332.39	34
3332.83	32
3333.26	38
3333.7	37
3334.14	35
3334.57	40
3335.01	33
3335.44	43
3335.88	45
3336.32	40
3336.75	34
3337.19	42
3337.63	31
3338.06	35
3338.5	36
3338.93	42
3339.37	39
3339.8	43
3340.24	40
3340.68	37
3341.11	38
3341.55	39
3341.98	46
3342.42	35
3342.85	37
3343.29	40
3343.72	40
3344.16	39
3344.59	38
3345.03	32
3345.46	40
3345.9	36
3346.33	30
3346.77	36
3347.2	30
3347.64	31
3348.07	33
3348.51	39
3348.94	35
3349.38	40
3349.81	41
3350.25	39
3350.68	35
3351.12	37
3351.55	35
3351.99	38
3352.42	34
3352.85	33
3353.29	32
3353.72	40
3354.16	37
3354.59	38
3355.02	40
3355.46	35
3355.89	33
3356.33	37
3356.76	34
3357.19	42
3357.63	43
3358.06	39
3358.49	30
3358.93	40
3359.36	38
3359.8	34
3360.23	44
3360.66	37
3361.1	44
3361.53	37
3361.96	38
3362.4	37
3362.83	40
3363.26	29
3363.7	36
3364.13	34
3364.56	38
3364.99	39
3365.43	38
3365.86	40
3366.29	30
3366.73	41
3367.16	46
3367.59	38
3368.02	38
3368.46	39
3368.89	47
3369.32	36
3369.75	43
3370.19	40
3370.62	42
3371.05	44
3371.48	37
3371.92	38
3372.35	42
3372.78	29
3373.21	43
3373.64	42
3374.08	36
3374.51	45
3374.94	37
3375.37	46
3375.8	40
3376.24	33
3376.67	38
3377.1	33
3377.53	41
3377.96	42
3378.39	36
3378.82	44
3379.26	38
3379.69	48
3380.12	33
3380.55	37
3380.98	41
3381.41	36
3381.84	38
3382.28	33
3382.71	34
3383.14	39
3383.57	45
3384	42
3384.43	38
3384.86	42
3385.29	41
3385.72	32
3386.15	36
3386.58	27
3387.02	35
3387.45	36
3387.88	44
3388.31	40
3388.74	32
3389.17	40
3389.6	34
3390.03	35
3390.46	36
3390.89	39
3391.32	35.8955
3391.75	38.0315
3392.18	39.0842
3392.61	39.969
3393.04	35.0659
3393.47	44.143
3393.9	37.8131
3394.33	35.6043
3394.76	31.9383
3395.19	33.341
3395.62	42.4363
3396.05	38.3218
3396.48	34.8096
3396.91	43.3074
3397.34	36.2402
3397.76	38.4701
3398.19	34.3706
3398.62	40.1316
3399.05	41.3934
3399.48	37.6748
3399.91	36.0218
3400.34	38.4893
3400.77	32.9545
3401.2	38.7123
3401.63	33.4113
3402.06	40.8644
3402.49	39.717
3402.91	38.5499
3403.34	42.1457
3403.77	36.5051
3404.2	32.1597
3404.63	39.6197
3405.06	37.8497
3405.49	39.7998
3405.92	39.742
3406.34	31.7892
3406.77	37.1362
3407.2	38.309
3407.63	39.2394
3408.06	32.5198
3408.49	39.3384
3408.91	37.6827
3409.34	35.1838
3409.77	34.4872
3410.2	38.1992
3410.63	36.6831
3411.05	36.1743
3411.48	40.5285
3411.91	36.4559
3412.34	35.4097
3412.77	37.0192
3413.19	34.2636
3413.62	36.853
3414.05	38.1758
3414.48	38.5235
3414.9	35.9835
3415.33	37.8121
3415.76	38.8121
3416.19	40.0977
3416.61	40.2981
3417.04	33.9656
3417.47	42.0947
3417.9	37.4597
3418.32	37.2962
3418.75	37.9995
3419.18	33.5384
3419.61	36.1574
3420.03	39.9219
3420.46	34.3969
3420.89	37.8767
3421.31	37.261
3421.74	38.8067
3422.17	37.7582
3422.59	34.2838
3423.02	37.712
3423.45	34.55
3423.87	38.3718
3424.3	36.6462
3424.73	34.1978
3425.15	32.6776
3425.58	32.0083
3426.01	34.423
3426.43	36.9192
3426.86	38.0549
3427.28	35.39
3427.71	33.0094
3428.14	37.1748
3428.56	38.9671
3428.99	34.2608
3429.42	39.8433
3429.84	37.2753
3430.27	38.4539
3430.69	37.3661
3431.12	35.7733
3431.54	41.3056
3431.97	36.9957
3432.4	36.0829
3432.82	35.1371
3433.25	31.2624
3433.67	33.9712
3434.1	30.9951
3434.52	30
3434.95	28
3435.37	34
3435.8	40
3436.23	36
3436.66	38
3437.09	35
3437.51	44
3437.94	39
3438.37	39
3438.8	39
3439.23	45
3439.66	33
3440.08	38
3440.51	40
3440.94	35
3441.37	34
3441.79	43
3442.22	35
3442.65	40
3443.08	35
3443.51	41
3443.93	37
3444.36	42
3444.79	38
3445.22	30
3445.64	41
3446.07	37
3446.5	42
3446.92	37
3447.35	40
3447.78	38
3448.21	43
3448.63	31
3449.06	39
3449.49	35
3449.91	41
3450.34	34
3450.77	37
3451.19	29
3451.62	44
3452.05	39
3452.47	36
3452.9	40
3453.33	32
3453.75	40
3454.18	35
3454.61	36
3455.03	37
3455.46	36
3455.89	35
3456.31	35
3456.74	37
3457.16	34
3457.59	41
3458.02	44
3458.44	41
3458.87	43
3459.29	37
3459.72	38
3460.15	39
3460.57	36
3461	30
3461.42	39
3461.85	36
3462.27	42
3462.7	30
3463.13	35
3463.55	40
3463.98	35
3464.4	44
3464.83	38
3465.25	34
3465.68	38
3466.1	37
3466.53	39
3466.95	39
3467.38	41
3467.8	36
3468.23	34
3468.65	35
3469.08	32
3469.5	34
3469.93	36
3470.35	38
3470.78	35
3471.2	38
3471.63	36
3472.05	30
3472.48	36
3472.9	34
3473.32	33
3473.75	37
3474.17	39
3474.6	35
3475.02	36
3475.45	33
3475.87	39
3476.29	31
3476.72	38
3477.14	37
3477.57	38
3477.99	44
3478.41	51
3478.84	34
3479.26	38
3479.69	42
3480.11	41
3480.53	36
3480.96	33
3481.38	34
3481.8	39
3482.23	35
3482.65	36
3483.07	36
3483.5	33
3483.92	37
3484.34	39
3484.77	36
3485.19	39
3485.61	38
3486.04	38
3486.46	34
3486.88	43
3487.31	38
3487.73	42
3488.15	35
3488.57	42
3489	35
3489.42	31
3489.84	36
3490.27	37
3490.69	32
3491.11	41
3491.53	33
3491.96	32
3492.38	41
3492.8	39
3493.22	36
3493.64	36
3494.07	38
3494.49	43
3494.91	34
3495.33	43
3495.76	37
3496.18	34
3496.6	37
3497.02	41
3497.44	37
3497.86	31
3498.29	35
3498.71	43
3499.13	32
3499.55	36
3499.97	38
3500.4	43
3500.82	33
3501.24	40
3501.66	34
3502.08	41
3502.5	36
3502.92	32
3503.34	37
3503.77	35
3504.19	42
3504.61	37
3505.03	34
3505.45	44
3505.87	36
3506.29	42
3506.71	39
3507.14	38
3507.56	39
3507.98	41
3508.4	38
3508.82	35
3509.24	33
3509.66	51
3510.08	34
3510.5	34
3510.92	40
3511.34	46
3511.76	31
3512.18	36
3512.6	29
3513.02	34
3513.44	30
3513.86	39
3514.28	37
3514.7	32
3515.12	36
3515.54	37
3515.96	34
3516.38	40
3516.8	43
3517.22	32
3517.64	36
3518.06	34
3518.48	37
3518.9	38
3519.32	48
3519.74	37
3520.16	43
3520.58	44
3521	42
3521.42	38
3521.84	26
3522.26	36
3522.68	37
3523.09	39
3523.51	35
3523.93	42
3524.35	43
3524.77	37
3525.19	43
3525.61	33
3526.03	40
3526.45	38
3526.87	42
3527.28	42
3527.7	42
3528.12	37
3528.54	41
3528.96	37
3529.38	35
3529.8	41
3530.21	36
3530.63	42
3531.05	41
3531.47	38
3531.89	38
3532.31	41
3532.72	38
3533.14	33
3533.56	29
3533.98	41
3534.4	42
3534.81	37
3535.23	37
3535.65	31
3536.07	40
3536.49	38
3536.9	40
3537.32	37
3537.74	40
3538.16	40
3538.57	40
3538.99	43
3539.41	36
3539.83	39
3540.24	33
3540.66	33
3541.08	37
3541.5	38
3541.91	41
3542.33	42
3542.75	36
3543.16	39
3543.58	38
3544	39
3544.42	40
3544.83	37
3545.25	34
3545.67	38
3546.08	35
3546.5	30
3546.92	38
3547.33	45
3547.75	39
3548.17	42
3548.58	37
3549	42
3549.41	39
3549.83	44
3550.25	35
3550.66	43
3551.08	37
3551.5	33
3551.91	42
3552.33	33
3552.74	41
3553.16	39
3553.58	37
3553.99	43
3554.41	45
3554.82	42
3555.24	43
3555.66	33
3556.07	39
3556.49	34
3556.9	35
3557.32	35
3557.73	48
3558.15	36
3558.57	45
3558.98	36
3559.4	30
3559.81	37
3560.23	42
3560.64	36
3561.06	37
3561.47	36
3561.89	35
3562.3	45
3562.72	33
3563.13	43
3563.55	33
3563.96	36
3564.38	43
3564.79	40
3565.21	32
3565.62	37
3566.04	45
3566.45	44
3566.86	34
3567.28	46
3567.69	37
3568.11	31
3568.52	37
3568.94	42
3569.35	39
3569.77	30
3570.18	36
3570.59	39
3571.01	45
3571.42	32
3571.84	37
3572.25	36
3572.66	46
3573.08	41
3573.49	36
3573.91	32
3574.32	44
3574.73	34
3575.15	35
3575.56	42
3575.97	38
3576.39	36
3576.8	40
3577.22	35
3577.63	45
3578.04	42
3578.46	35
3578.87	47
3579.28	36
3579.7	39
3580.11	44
3580.52	34
3580.93	39
3581.35	42
3581.76	39
3582.17	33
3582.59	35
3583	34
3583.41	40
3583.83	35
3584.24	40
3584.65	37
3585.06	35
3585.48	43
3585.89	39
3586.3	29
3586.71	36
3587.13	30
3587.54	37
3587.95	36
3588.36	41
3588.78	39
3589.19	34
3589.6	37
3590.01	40
3590.42	37
3590.84	42
3591.25	44
3591.66	40
3592.07	43
3592.48	46
3592.9	34
3593.31	35
3593.72	52
3594.13	38
3594.54	33
3594.95	34
3595.37	38
3595.78	44
3596.19	40
3596.6	37
3597.01	41
3597.42	34
3597.84	30
3598.25	33
3598.66	41
3599.07	32
3599.48	49
3599.89	33
3600.3	39
3600.71	39
3601.12	38
3601.53	46
3601.95	38
3602.36	35
3602.77	35
3603.18	31
3603.59	32
3604	31
3604.41	40
3604.82	41
3605.23	38
3605.64	38
3606.05	36
3606.46	40
3606.87	41
3607.28	32
3607.69	35
3608.1	40
3608.51	42
3608.93	35
3609.33	40
3609.74	39
3610.15	38
3610.56	39
3610.97	42
3611.38	42
3611.79	38
3612.2	40
3612.61	42
3613.02	35
3613.43	38
3613.84	41
3614.25	45
3614.66	35
3615.07	47
3615.48	34
3615.89	44
3616.3	36
3616.71	35
3617.12	32
3617.53	36
3617.94	37
3618.35	35
3618.76	31
3619.16	34
3619.57	36
3619.98	33
3620.39	37
3620.8	33
3621.21	39
3621.62	48
3622.03	38
3622.44	43
3622.84	36
3623.25	39
3623.66	38
3624.07	42
3624.48	39
3624.89	40
3625.3	41
3625.7	36
3626.11	36
3626.52	41
3626.93	40
3627.34	40
3627.75	38
3628.15	40
3628.56	39
3628.97	36
3629.38	37
3629.79	40
3630.19	43
3630.6	38
3631.01	37
3631.42	35
3631.83	43
3632.23	29
3632.64	41
3633.05	36
3633.46	44
3633.86	41
3634.27	35
3634.68	41
3635.09	36
3635.49	33
3635.9	37
3636.31	37
3636.72	42
3637.12	41
3637.53	42
3637.94	34
3638.34	46
3638.75	37
3639.16	39
3639.56	32
3639.97	40
3640.38	41
3640.79	35
3641.19	37
3641.6	41
3642.01	43
3642.41	30
3642.82	36
3643.23	43
3643.63	37
3644.04	37
3644.45	42
3644.85	30
3645.26	38
3645.66	38
3646.07	34
3646.48	44
3646.88	33
3647.29	46
3647.69	39
3648.1	36
3648.51	45
3648.91	36
3649.32	38
3649.73	50
3650.13	44
3650.54	43
3650.94	46
3651.35	40
3651.75	43
3652.16	38
3652.57	37
3652.97	36
3653.38	38
3653.78	35
3654.19	44
3654.59	40
3655	39
3655.4	45
3655.81	35
3656.21	41
3656.62	39
3657.02	44
3657.43	45
3657.83	41
3658.24	39
3658.64	38
3659.05	38
3659.45	39
3659.86	38
3660.26	44
3660.67	42
3661.07	37
3661.48	37
3661.88	44
3662.29	41
3662.69	41
3663.1	40
3663.5	42
3663.9	38
3664.31	39.5
3664.71	41
3665.12	34
3665.52	38
3665.93	38
3666.33	48
3666.73	34
3667.14	43
3667.54	42
3667.95	37
3668.35	30
3668.75	42
3669.16	42
3669.56	41
3669.97	39
3670.37	43
3670.77	34
3671.18	40
3671.58	41
3671.98	43
3672.39	41
3672.79	39
3673.19	37
3673.6	41
3674	47
3674.4	41
3674.81	31
3675.21	38
3675.61	40
3676.02	33
3676.42	40
3676.82	38
3677.23	38
3677.63	44
3678.03	38
3678.44	44
3678.84	40
3679.24	38
3679.64	35
3680.05	40
3680.45	42
3680.85	34
3681.25	32
3681.66	35
3682.06	42
3682.46	38
3682.86	45
3683.27	42
3683.67	37
3684.07	38
3684.47	35
3684.88	36
3685.28	43.5
3685.68	51
3686.08	36
3686.48	39
3686.89	41
3687.29	40
3687.69	32
3688.09	38
3688.49	43
3688.9	34
3689.3	41
3689.7	43
3690.1	36
3690.5	40
3690.9	37
3691.3	42
3691.71	33
3692.11	38
3692.51	40
3692.91	40
3693.31	41
3693.71	38
3694.11	37
3694.52	43
3694.92	48
3695.32	39
3695.72	37
3696.12	33
3696.52	40
3696.92	42
3697.32	33
3697.72	38
3698.13	37
3698.53	40
3698.93	37
3699.33	38
3699.73	43
3700.13	45
3700.53	29
3700.93	41
3701.33	39
3701.73	42
3702.13	36
3702.53	44
3702.93	31
3703.33	46
3703.73	43
3704.13	33
3704.53	42
3704.93	44
3705.33	33
3705.73	38
3706.13	35
3706.53	44
3706.93	34
3707.33	40
3707.73	38
3708.13	28
3708.53	39
3708.93	38
3709.33	32
3709.73	44
3710.13	37
3710.53	35
3710.93	37
3711.33	33
3711.73	42
3712.13	40
3712.53	30
3712.93	33
3713.33	45
3713.73	32
3714.12	39
3714.52	36
3714.92	34
3715.32	37
3715.72	39
3716.12	36
3716.52	35
3716.92	36
3717.32	41
3717.71	35
3718.11	41
3718.51	37
3718.91	36
3719.31	36
3719.71	31
3720.11	33
3720.51	34
3720.9	37
3721.3	43
3721.7	41
3722.1	37
3722.5	39
3722.89	37
3723.29	40
3723.69	40
3724.09	32
3724.49	35
3724.89	39
3725.28	38
3725.68	47
3726.08	41
3726.48	40
3726.88	36
3727.27	33
3727.67	42
3728.07	37
3728.47	34
3728.86	46
3729.26	34
3729.66	36
3730.06	37
3730.45	44
3730.85	38
3731.25	45
3731.65	38
3732.04	39
3732.44	39
3732.84	39
3733.23	35
3733.63	46
3734.03	43
3734.43	41
3734.82	45
3735.22	48
3735.62	43
3736.01	40
3736.41	40
3736.81	39
3737.2	39
3737.6	38
3738	41
3738.39	41
3738.79	45
3739.19	43
3739.58	40
3739.98	43
3740.38	38
3740.77	41
3741.17	36
3741.57	39
3741.96	36
3742.36	43
3742.75	34
3743.15	39
3743.55	35
3743.94	39
3744.34	41
3744.74	39
3745.13	39
3745.53	37
3745.92	41
3746.32	34
3746.71	33
3747.11	40
3747.51	38
3747.9	31
3748.3	36
3748.69	41
3749.09	36
3749.48	40
3749.88	32
3750.27	42
3750.67	45
3751.06	36
3751.46	44
3751.86	39
3752.25	33
3752.65	44
3753.04	35
3753.44	40
3753.83	39
3754.23	40
3754.62	42
3755.02	35
3755.41	38
3755.81	32
3756.2	37
3756.6	45
3756.99	33
3757.38	43
3757.78	39
3758.17	37
3758.57	37
3758.96	40
3759.36	38
3759.75	39
3760.15	38
3760.54	37
3760.93	36
3761.33	37
3761.72	36
3762.12	44
3762.51	40
3762.9	42
3763.3	39
3763.69	36
3764.09	31
3764.48	41
3764.88	34
3765.27	50
3765.66	38
3766.06	36
3766.45	40
3766.84	39
3767.24	38
3767.63	42
3768.02	45
3768.42	39
3768.81	41
3769.2	41
3769.6	36
3769.99	37
3770.39	36
3770.78	38
3771.17	39
3771.56	33
3771.96	36
3772.35	42.925
3772.74	43.771
3773.14	38.0113
3773.53	40.1454
3773.92	49.8711
3774.31	42.8497
3774.71	38.3429
3775.1	42.2483
3775.49	33.4393
3775.89	40.4941
3776.28	38.8955
3776.67	35.6618
3777.06	31.9957
3777.46	32.0478
3777.85	43.0955
3778.24	41.3558
3778.63	36.2159
3779.03	43.1319
3779.42	44.6976
3779.81	35.1979
3780.2	39.1628
3780.6	37.2267
3780.99	39.4814
3781.38	39.302
3781.77	43.4972
3782.16	39.46
3782.56	39.7685
3782.95	37.1763
3783.34	32.9208
3783.73	40.6166
3784.12	34.9249
3784.52	31.1524
3784.91	42.6266
3785.3	38.8287
3785.69	36.3168
3786.08	38.6806
3786.47	37.5135
3786.87	35.0195
3787.26	38.7192
3787.65	38.5977
3788.04	37.0534
3788.43	38.1546
3788.82	39.8138
3789.21	42.39
3789.61	35.6782
3790	37.0229
3790.39	37.1619
3790.78	37.6703
3791.17	35.3763
3791.56	37.4011
3791.95	42.416
3792.34	38.0301
3792.73	38.709
3793.13	32.5131
3793.52	37.5916
3793.91	34.1298
3794.3	35.6184
3794.69	36.59
3795.08	37.3215
3795.47	38.0575
3795.86	38.5071
3796.25	40.4463
3796.64	35.4556
3797.03	35.2815
3797.42	34.3128
3797.81	38.2728
3798.2	35.8203
3798.59	34.1576
3798.98	35.94
3799.38	36.341
3799.77	39.3717
3800.16	32.9789
3800.55	34.5416
3800.94	35.625
3801.33	37.4618
3801.72	37.011
3802.11	35.3922
3802.5	34.1135
3802.89	31.3426
3803.28	42.0883
3803.67	32.5558
3804.06	30.4052
3804.45	36.2249
3804.83	37.3792
3805.22	34.31
3805.61	35.9287
3806	39.4076
3806.39	34.3117
3806.78	36.048
3807.17	30.9495
3807.56	38.6369
3807.95	33
3808.34	33.3644
3808.73	34.0463
3809.12	37.8371
3809.51	36.3744
3809.9	41.6508
3810.29	36
3810.68	36.332
3811.07	44.8312
3811.45	40
3811.84	34
3812.23	41
3812.63	38
3813.02	38
3813.41	42
3813.8	36
3814.19	38
3814.58	35
3814.98	38
3815.37	34
3815.76	40
3816.15	41
3816.54	35
3816.93	41
3817.32	33
3817.71	38
3818.11	34
3818.5	40
3818.89	38
3819.28	36
3819.67	46
3820.06	44
3820.45	41
3820.84	38
3821.23	30
3821.63	36
3822.02	40
3822.41	29
3822.8	34
3823.19	36
3823.58	37
3823.97	39
3824.36	41
3824.75	37
3825.14	39
3825.53	35
3825.92	37
3826.31	50
3826.7	35
3827.09	41
3827.48	44
3827.87	37
3828.26	35
3828.66	42
3829.04	38
3829.44	34
3829.83	41
3830.22	41
3830.61	38.5
3830.99	36
3831.39	36
3831.78	36
3832.16	45
3832.55	37
3832.94	40
3833.33	37
3833.72	31
3834.11	37
3834.5	40
3834.89	43
3835.28	43
3835.67	43
3836.06	30
3836.45	40
3836.84	43
3837.23	38
3837.62	40
3838.01	37
3838.4	35
3838.79	35
3839.17	36
3839.56	35
3839.95	38
3840.34	34
3840.73	41
3841.12	35
3841.51	37
3841.9	36
3842.29	33
3842.67	41
3843.06	39
3843.45	35
3843.84	37
3844.23	38
3844.62	33
3845.01	27
3845.4	39
3845.78	34
3846.17	44
3846.56	35
3846.95	40
3847.34	39
3847.72	38
3848.11	43
3848.5	41
3848.89	37
3849.28	34
3849.67	36
3850.05	41
3850.44	40
3850.83	35
3851.22	31
3851.61	38
3851.99	36
3852.38	49
3852.77	46
3853.16	28
3853.54	42
3853.93	40
3854.32	43
3854.71	40
3855.09	44
3855.48	40
3855.87	41
3856.26	46
3856.64	33
3857.03	30
3857.42	38
3857.81	36
3858.19	42
3858.58	43
3858.97	35
3859.35	46
3859.74	40
3860.13	39
3860.51	30
3860.9	41
3861.29	41
3861.67	43
3862.06	42
3862.45	42
3862.84	41
3863.22	39
3863.61	36
3864	38
3864.38	38
3864.77	39
3865.16	35
3865.54	35
3865.93	47
3866.31	40
3866.7	46
3867.09	38
3867.47	41
3867.86	38
3868.25	39
3868.63	39
3869.02	38
3869.4	32
3869.79	39
3870.18	33
3870.56	39
3870.95	39
3871.33	36
3871.72	41
3872.1	46
3872.49	36
3872.88	42
3873.26	44
3873.65	36
3874.03	36
3874.42	35
3874.8	37
3875.19	27
3875.57	33
3875.96	32
3876.35	36
3876.73	36
3877.12	41
3877.5	41
3877.89	40
3878.27	39
3878.66	30
3879.04	42
3879.43	41
3879.81	41
3880.2	38
3880.58	36
3880.97	39
3881.35	35
3881.74	37
3882.12	31
3882.51	34
3882.89	32
3883.27	43
3883.66	42
3884.04	40
3884.43	32
3884.81	43
3885.2	37
3885.58	43
3885.97	32
3886.35	32
3886.73	39
3887.12	38
3887.5	44
3887.89	36
3888.27	39
3888.65	47
3889.04	39
3889.42	38
3889.81	43
3890.19	42
3890.57	37
3890.96	45
3891.34	40
3891.73	37
3892.11	41
3892.49	35
3892.88	45
3893.26	44
3893.64	36
3894.03	42
3894.41	39
3894.79	43
3895.18	46
3895.56	30
3895.94	39
3896.33	39
3896.71	41
3897.09	48
3897.48	39
3897.86	38
3898.24	46
3898.63	37
3899.01	39
3899.39	45
3899.78	33
3900.16	38
3900.54	42
3900.92	40
3901.31	35
3901.69	39
3902.07	43
3902.46	42
3902.84	42
3903.22	42
3903.6	45
3903.99	42
3904.37	36
3904.75	40
3905.13	42
3905.52	34
3905.9	43
3906.28	33
3906.66	43
3907.04	32
3907.43	41
3907.81	38
3908.19	33
3908.57	34
3908.96	31
3909.34	42
3909.72	40
3910.1	38
3910.48	27
3910.86	38
3911.25	43
3911.63	33
3912.01	46
3912.39	41
3912.77	39
3913.15	31
3913.54	39
3913.92	34
3914.3	37
3914.68	36
3915.06	36
3915.44	39
3915.82	41
3916.21	45
3916.59	39
3916.97	34
3917.35	44
3917.73	34
3918.11	45
3918.49	38
3918.87	36
3919.25	42
3919.64	35
3920.02	42
3920.4	39
3920.78	41
3921.16	42
3921.54	39
3921.92	37
3922.3	31
3922.68	34
3923.06	40
3923.44	36
3923.82	34
3924.2	35
3924.58	43
3924.96	37
3925.34	40
3925.72	31
3926.1	39
3926.49	36
3926.87	36
3927.25	39
3927.63	40
3928.01	43
3928.39	44
3928.77	40
3929.15	37
3929.53	37
3929.91	37
3930.29	39
3930.67	37
3931.05	34
3931.43	42
3931.8	36
3932.18	48
3932.56	39
3932.94	34
3933.32	37
3933.7	43
3934.08	38
3934.46	37
3934.84	35
3935.22	31
3935.6	38
3935.98	39
3936.36	32
3936.74	41
3937.12	40
3937.5	35
3937.87	47
3938.25	45
3938.63	40
3939.01	39
3939.39	41
3939.77	37
3940.15	35
3940.53	44
3940.91	37
3941.28	40
3941.66	44
3942.04	41
3942.42	41
3942.8	41
3943.18	41
3943.56	36
3943.93	34
3944.31	41
3944.69	42
3945.07	36
3945.45	42
3945.83	45
3946.2	35
3946.58	39
3946.96	37
3947.34	35
3947.72	32
3948.1	38
3948.47	42
3948.85	40
3949.23	36
3949.61	39
3949.98	41
3950.36	44
3950.74	40
3951.12	36
3951.5	35
3951.87	43
3952.25	37
3952.63	42
3953.01	36
3953.38	35
3953.76	46
3954.14	43
3954.52	36
3954.89	44
3955.27	41
3955.65	31
3956.03	38
3956.4	43
3956.78	40
3957.16	43
3957.53	36
3957.91	43
3958.29	34
3958.66	35
3959.04	40
3959.42	34
3959.8	35
3960.17	40
3960.55	40
3960.93	41
3961.3	38
3961.68	45
3962.06	30
3962.43	42
3962.81	43
3963.19	37
3963.56	37
3963.94	34
3964.31	37
3964.69	37
3965.07	40
3965.44	38
3965.82	44
3966.2	35
3966.57	35
3966.95	44
3967.32	36
3967.7	40
3968.08	34
3968.45	34
3968.83	40
3969.2	34
3969.58	40
3969.96	39
3970.33	44
3970.71	43
3971.08	32
3971.46	44
3971.83	40
3972.21	47
3972.59	41
3972.96	38
3973.34	40
3973.71	37
3974.09	42
3974.46	44
3974.84	47
3975.21	35
3975.59	35
3975.96	39
3976.34	41
3976.71	41
3977.09	35
3977.46	40
3977.84	48
3978.21	40
3978.59	42
3978.96	43
3979.34	43
3979.71	42
3980.09	40
3980.46	41
3980.84	43
3981.21	30
3981.59	45
3981.96	35
3982.34	42
3982.71	40
3983.09	36
3983.46	40
3983.83	34
3984.21	40
3984.58	44
3984.96	35
3985.33	34
3985.71	44
3986.08	34
3986.45	35
3986.83	36
3987.2	44
3987.58	32
3987.95	39
3988.32	48
3988.7	30
3989.07	31
3989.45	43
3989.82	37
3990.19	41
3990.57	39
3990.94	38
3991.31	42
3991.69	42
3992.06	36
3992.44	43
3992.81	43
3993.18	40
3993.56	43
3993.93	47
3994.3	37
3994.68	42
3995.05	39
3995.42	41
3995.8	44
3996.17	37
3996.54	38
3996.91	33
3997.29	41
3997.66	36
3998.03	35
3998.41	44
3998.78	28
3999.15	34
3999.53	34
3999.9	42
