100.426	1995
101.709	1946
102.992	1950
104.275	1907
105.558	1900
106.841	1878
108.123	1870
109.405	1857
110.687	1848
111.969	1838
113.251	1853
114.532	1825
115.813	1767
117.094	1838
118.375	1779
119.655	1838
120.936	1775
122.216	1772
123.496	1786
124.774	1758
126.053	1793
127.333	1770
128.612	1732
129.891	1723
131.169	1731
132.448	1718
133.726	1657
135.004	1693
136.28	1695
137.558	1648
138.835	1706
140.112	1647
141.389	1714
142.666	1722
143.941	1680
145.218	1668
146.494	1682
147.77	1681
149.045	1654
150.319	1698
151.595	1681
152.87	1655
154.145	1690
155.418	1638
156.692	1604
157.967	1673
159.241	1624
160.513	1656
161.787	1624
163.06	1632
164.333	1590
165.605	1614
166.878	1597
168.15	1583
169.421	1582
170.694	1565
171.966	1591
173.236	1523
174.507	1562
175.779	1527
177.049	1480
178.319	1510
179.589	1520
180.859	1496
182.13	1536
183.398	1502
184.668	1512
185.936	1486
187.206	1484
188.474	1504
189.743	1470
191.012	1446
192.279	1439
193.548	1465
194.814	1459
196.082	1431
197.349	1413
198.616	1432
199.882	1407
201.15	1468
202.415	1418
203.682	1355
204.947	1356
206.214	1347
207.478	1403
208.744	1320
210.009	1364
211.273	1366
212.538	1314
213.802	1294
215.067	1304
216.33	1255
217.593	1266
218.858	1274
220.12	1304
221.384	1305
222.647	1301
223.909	1287
225.172	1305
226.434	1227
227.695	1208
228.958	1209
230.219	1210
231.48	1216
232.742	1201
234.002	1206
235.263	1210
236.523	1174
237.784	1195
239.044	1203
240.303	1206
241.564	1171
242.823	1165
244.082	1147
245.34	1122
246.6	1111
247.858	1117
249.116	1125
250.374	1069
251.632	1104
252.89	1137
254.148	1076
255.405	1080
256.661	1074
257.918	1000
259.174	1035
260.432	1065
261.688	1049
262.944	1055
264.199	1050
265.455	1031
266.71	1000
267.965	1003
269.219	999
270.474	1007
271.728	1037
272.984	979
274.238	1019
275.492	993
276.745	1011
277.998	986
279.252	979
280.504	1022
281.757	1029
283.01	936
284.262	1023
285.514	992
286.766	980
288.018	984
289.269	988
290.521	982
291.772	978
293.023	934
294.273	989
295.524	971
296.774	999
298.023	939
299.273	965
300.522	1027
301.772	945
303.021	956
304.27	967
305.519	1001
306.768	1023
308.016	919
309.263	960
310.511	936
311.759	982
313.007	939
314.254	972
315.501	935
316.747	912
317.994	917
319.241	912
320.487	922
321.733	914
322.978	927
324.224	925
325.469	920
326.715	890
327.959	952
329.204	918
330.449	972
331.692	964
332.936	930
334.181	872
335.425	933
336.667	926
337.911	927
339.154	939
340.396	922
341.639	920
342.882	928
344.123	995
345.366	930
346.608	919
347.849	895
349.09	908
350.331	905
351.572	921
352.813	907
354.053	926
355.294	903
356.533	913
357.774	898
359.012	875
360.252	849
361.491	860
362.731	887
363.969	858
365.208	847
366.447	878
367.684	915
368.923	862
370.16	811
371.397	861
372.635	869
373.871	880
375.109	881
376.345	862
377.583	838
378.818	859
380.055	845
381.29	820
382.525	845
383.762	865
384.996	887
386.232	884
387.466	876
388.701	825
389.936	851
391.17	866
392.403	846
393.638	882
394.871	869
396.104	848
397.338	862
398.57	851
399.803	919
401.036	876
402.268	853
403.5	834
404.731	890
405.964	856
407.195	852
408.426	857
409.657	851
410.889	881
412.119	889
413.349	856
414.579	856
415.809	871
417.04	832
418.269	879
419.498	883
420.727	871
421.956	867
423.184	851
424.414	882
425.642	852
426.87	905
428.098	845
429.326	844
430.553	864
431.78	856
433.007	827
434.234	864
435.462	858
436.688	845
437.915	821
439.141	861
440.366	840
441.592	860
442.817	862
444.043	838
445.268	865
446.492	833
447.717	841
448.941	812
450.166	846
451.39	856
452.614	877
453.837	818
455.061	831
456.284	836
457.507	845
458.729	839
459.951	834
461.174	792
462.396	810
463.618	821
464.84	844
466.062	848
467.283	818
468.505	819
469.724	820
470.945	774
472.166	804
473.386	789
474.607	810
475.827	812
477.045	810
478.265	807
479.485	786
480.704	794
481.923	777
483.141	812
484.36	759
485.578	799
486.797	794
488.013	800
489.231	755
490.449	768
491.665	772
492.883	779
494.1	785
495.317	787
496.533	764
497.749	785
498.966	790
500.181	779
501.397	783
502.611	744
503.827	783
505.042	811
506.256	789
507.471	803
508.686	754
509.9	758
511.114	781
512.327	763
513.541	741
514.754	796
515.967	765
517.181	786
518.393	771
519.606	767
520.818	778
522.031	788
523.242	807
524.454	775
525.665	803
526.877	784
528.087	726
529.299	787
530.509	787
531.719	818
532.93	754
534.14	775
535.35	753
536.559	799
537.77	743
538.978	744
540.187	782
541.397	761
542.605	771
543.814	770
545.022	736
546.229	745
547.438	752
548.645	770
549.852	730
551.06	778
552.267	735
553.473	711
554.68	739
555.887	717
557.093	670
558.298	712
559.505	710
560.711	749
561.916	682
563.121	738
564.327	714
565.531	700
566.735	698
567.94	745
569.143	714
570.349	721
571.552	713
572.755	695
573.959	710
575.162	702
576.364	707
577.568	712
578.771	697
579.973	688
581.175	705
582.377	685
583.578	727
584.78	680
585.981	684
587.182	686
588.383	707
589.585	681
590.786	701
591.986	710
593.186	702
594.386	705
595.586	697
596.785	677
597.985	685
599.184	693
600.383	684
601.582	681
602.78	655
603.979	667
605.177	696
606.375	679
607.572	714
608.769	691
609.967	651
611.164	729
612.361	642
613.558	703
614.755	667
615.951	669
617.148	672
618.344	707
619.538	663
620.734	667
621.93	669
623.125	644
624.32	692
625.515	656
626.709	676
627.903	661
629.098	700
630.292	668
631.486	682
632.679	685
633.872	652
635.066	687
636.259	651
637.451	684
638.644	630
639.837	644
641.028	666
642.22	683
643.413	683
644.605	611
645.795	647
646.987	621
648.178	689
649.368	654
650.559	650
651.749	673
652.939	647
654.13	652
655.319	666
656.509	659
657.699	685
658.887	668
660.077	655
661.265	655
662.454	647
663.642	642
664.83	635
666.018	630
667.206	631
668.393	620
669.581	652
670.768	647
671.955	658
673.142	648
674.329	650
675.515	660
676.702	663
677.887	681
679.074	633
680.259	651
681.445	660
682.63	646
683.814	650
685	653
686.184	644
687.369	681
688.553	662
689.736	656
690.921	649
692.104	628
693.287	661
694.471	625
695.654	612
696.836	643
698.02	625
699.202	658
700.384	640
701.567	651
702.749	622
703.93	621
705.111	640
706.293	643
707.474	634
708.655	598
709.835	659
711.017	642
712.197	655
713.377	618
714.556	635
715.736	636
716.916	627
718.096	656
719.274	627
720.453	641
721.632	629
722.81	620
723.988	623
725.168	645
726.345	619
727.523	591
728.701	625
729.878	603
731.055	643
732.232	593
733.408	597
734.585	629
735.761	631
736.938	648
738.113	624
739.289	606
740.465	627
741.64	608
742.816	563
743.991	616
745.165	604
746.34	613
747.515	602
748.689	644
749.863	619
751.037	654
752.211	631
753.384	621
754.558	630
755.731	617
756.903	631
758.076	637
759.248	611
760.421	619
761.593	641
762.765	603
763.937	641
765.108	654
766.279	636
767.451	631
768.622	638
769.793	642
770.962	646
772.133	633
773.303	623
774.474	627
775.642	622
776.812	640
777.982	629
779.152	664
780.32	632
781.489	651
782.658	645
783.825	650
784.994	623
786.163	597
787.331	627
788.498	608
789.666	587
790.832	646
792	642
793.167	608
794.333	594
795.5	620
796.667	642
797.832	630
798.998	598
800.163	606
801.329	612
802.494	607
803.66	617
804.824	601
805.989	612
807.153	613
808.318	626
809.483	596
810.646	610
811.81	607
812.974	615
814.137	596
815.301	604
816.463	624
817.627	594
818.789	597
819.952	572
821.114	592
822.275	592
823.438	594
824.599	597
825.761	591
826.922	587
828.083	590
829.244	552
830.405	605
831.565	578
832.726	610
833.886	599
835.045	605
836.206	599
837.365	600
838.524	592
839.683	619
840.843	608
842.001	637
843.159	651
844.318	603
845.477	602
846.635	606
847.792	603
848.949	590
850.108	602
851.265	603
852.422	599
853.578	623
854.735	601
855.891	603
857.049	637
858.205	590
859.36	634
860.516	607
861.671	617
862.827	617
863.982	639
865.137	620
866.291	615
867.446	621
868.601	617
869.756	604
870.909	639
872.063	615
873.217	603
874.37	594
875.524	594
876.677	606
877.83	606
878.982	617
880.135	610
881.287	582
882.439	608
883.59	597
884.742	589
885.894	605
887.045	614
888.196	595
889.347	608
890.498	604
891.649	582
892.8	617
893.95	601.5
895.099	586
896.249	555
897.399	616
898.549	602
899.698	590
900.848	573
901.995	601
903.144	579
904.293	587
905.442	573
906.589	584
907.737	569
908.885	602
910.033	590
911.18	563
912.327	605
913.475	570
914.622	574
915.768	600
916.914	581
918.061	569
919.206	587
920.353	594
921.499	580
922.643	598
923.789	629
924.933	608
926.079	603
927.224	597
928.368	582
929.513	561
930.656	621
931.801	607
932.945	614
934.088	565
935.232	624
936.375	592
937.518	618
938.661	599
939.804	606
940.946	584
942.089	624
943.23	597
944.373	630
945.514	605
946.656	644
947.797	634
948.939	612
950.079	599
951.22	593
952.361	613
953.501	624
954.642	635
955.782	626
956.921	588
958.061	619
959.2	642
960.339	633
961.479	611
962.618	624
963.756	620
964.896	642
966.034	662
967.171	604
968.31	636
969.448	630
970.585	616
971.722	650
972.86	634
973.997	634
975.134	611
976.27	621
977.406	638
978.544	633
979.68	646
980.815	610
981.951	607
983.086	620
984.223	582
985.358	622
986.493	634
987.627	629
988.762	646
989.896	652
991.03	613
992.164	624
993.298	647
994.433	629
995.566	582
996.7	619
997.833	629
998.966	638
1000.1	631
1001.23	626
1002.36	611
1003.5	604
1004.63	603
1005.76	650
1006.89	602
1008.02	629
1009.15	629
1010.29	633
1011.42	651
1012.55	599
1013.68	648
1014.81	629
1015.94	615
1017.07	630
1018.2	618
1019.33	616
1020.46	622
1021.59	605
1022.71	654
1023.84	590
1024.97	622
1026.1	637
1027.23	636
1028.36	632
1029.49	656
1030.61	666
1031.74	605
1032.87	651
1034	625
1035.12	625
1036.25	616
1037.38	654
1038.5	641
1039.63	625
1040.76	619
1041.88	612
1043.01	615
1044.13	650
1045.26	634
1046.38	639
1047.51	639
1048.63	623
1049.76	651
1050.88	644
1052.01	623
1053.13	616
1054.25	642
1055.38	618
1056.5	615
1057.63	646
1058.75	651
1059.87	634
1060.99	584
1062.12	657
1063.24	639
1064.36	631
1065.48	654
1066.61	647
1067.73	623
1068.85	668
1069.97	630
1071.09	610
1072.21	615
1073.33	633
1074.45	640
1075.57	660
1076.69	613
1077.82	635
1078.93	625
1080.05	649
1081.17	609
1082.29	650
1083.41	625
1084.53	635
1085.65	635
1086.77	648
1087.89	622
1089.01	664
1090.12	626
1091.24	631
1092.36	667
1093.48	648
1094.59	666
1095.71	642
1096.83	643
1097.94	655
1099.06	693
1100.18	643
1101.29	641
1102.41	629
1103.53	617
1104.64	651
1105.76	631
1106.87	667
1107.99	640
1109.1	645
1110.22	674
1111.33	643
1112.45	675
1113.56	661
1114.68	679
1115.79	636
1116.9	647
1118.02	664
1119.13	644
1120.24	674
1121.36	653
1122.47	637
1123.58	640
1124.69	648
1125.81	684
1126.92	664
1128.03	666
1129.14	656
1130.25	661
1131.37	646
1132.48	673
1133.59	654
1134.7	660
1135.81	633
1136.92	687
1138.03	628
1139.14	671
1140.25	655
1141.36	653
1142.47	663
1143.58	635
1144.69	640
1145.8	647
1146.9	691
1148.01	646
1149.12	677
1150.23	655
1151.34	645
1152.45	618
1153.55	627
1154.66	650
1155.77	649
1156.88	646
1157.98	641
1159.09	644
1160.2	646
1161.3	626
1162.41	631
1163.52	644
1164.62	629
1165.73	623
1166.83	632
1167.94	651
1169.04	624
1170.15	592
1171.25	593
1172.36	632
1173.46	643
1174.57	634
1175.67	627
1176.78	612
1177.88	618
1178.98	593
1180.09	621
1181.19	615
1182.29	601
1183.4	564
1184.5	587
1185.6	635
1186.7	629
1187.81	616
1188.91	608
1190.01	609
1191.11	607
1192.21	617
1193.31	601
1194.41	630
1195.52	585
1196.62	622.828
1197.72	567.753
1198.82	615.974
1199.92	611.092
1201.02	583.9
1202.12	578.389
1203.22	571.296
1204.32	582.22
1205.42	583.636
1206.52	544.169
1207.61	567.559
1208.71	606.37
1209.81	554.095
1210.91	558.432
1212.01	567.118
1213.11	549.774
1214.21	558.868
1215.3	550.802
1216.4	527.774
1217.5	538.486
1218.6	504.061
1219.69	529.246
1220.79	541.307
1221.89	516.388
1222.98	518.166
1224.08	535.982
1225.17	540.137
1226.27	537.658
1227.37	516.473
1228.46	537.293
1229.56	507.402
1230.65	531.913
1231.75	516.279
1232.84	521.43
1233.94	530.572
1235.03	514.347
1236.13	520.068
1237.22	519.959
1238.31	488.853
1239.41	476.511
1240.5	497.011
1241.6	505.261
1242.69	513.804
1243.78	494.857
1244.88	490.389
1245.97	501.684
1247.06	489.122
1248.15	468.776
1249.24	472.519
1250.34	471.69
1251.43	479.745
1252.52	457.629
1253.61	469.569
1254.7	475.008
1255.8	461.517
1256.89	477.779
1257.98	453.081
1259.07	444.944
1260.16	446.897
1261.25	441.431
1262.34	444.011
1263.43	451.398
1264.52	452.226
1265.61	435.384
1266.7	431.86
1267.79	427.004
1268.87	435.078
1269.96	439.608
1271.05	430.923
1272.14	417.594
1273.23	420.672
1274.32	412.372
1275.41	419.66
1276.49	414.536
1277.58	415.945
1278.67	402.221
1279.76	404.184
1280.84	395.702
1281.93	389.903
1283.02	398.943
1284.1	408.597
1285.19	400.671
1286.28	391.305
1287.36	384.257
1288.45	383.226
1289.53	383.571
1290.62	396.007
1291.71	389.692
1292.79	377.733
1293.88	375.784
1294.96	365.873
1296.05	359.265
1297.13	361.589
1298.21	359.426
1299.3	375.457
1300.38	375.035
1301.47	358.167
1302.55	335.115
1303.63	348.224
1304.72	348.221
1305.8	340.925
1306.88	358.532
1307.65	348
1308.74	345
1309.83	344
1310.92	333
1312	336
1313.09	350
1314.18	325
1315.26	352
1316.35	336
1317.44	324
1318.52	333
1319.61	344
1320.7	345
1321.78	328
1322.87	350
1323.95	337
1325.04	327
1326.12	340
1327.21	327
1328.29	344
1329.38	321
1330.46	331
1331.55	329
1332.63	345
1333.72	335
1334.8	307
1335.88	305
1336.97	357
1338.05	354
1339.13	333
1340.22	324
1341.3	348
1342.38	319
1343.47	314
1344.55	348
1345.63	315
1346.71	300
1347.79	332
1348.88	344
1349.96	337
1351.04	341
1352.12	306
1353.2	321
1354.28	317
1355.36	339
1356.44	334
1357.52	333
1358.6	337.5
1359.68	342
1360.76	323
1361.84	327
1362.92	324
1364	336
1365.08	330
1366.16	323
1367.24	330
1368.32	336
1369.39	314
1370.47	344
1371.55	342
1372.63	340
1373.71	313
1374.78	342
1375.86	332
1376.94	329
1378.02	316
1379.09	323
1380.17	353
1381.24	306
1382.32	342
1383.4	329
1384.47	316
1385.55	345
1386.62	322
1387.7	336
1388.78	340
1389.85	309
1390.93	337
1392	332
1393.08	347
1394.15	330
1395.22	332
1396.3	334
1397.37	333
1398.45	334
1399.52	340
1400.59	345
1401.67	318
1402.74	322
1403.81	306
1404.88	331
1405.96	346
1407.03	350
1408.1	344
1409.17	329
1410.25	342
1411.32	343
1412.39	331
1413.46	334
1414.53	332
1415.6	346
1416.67	317
1417.74	328
1418.82	328
1419.88	307
1420.96	326
1422.03	319
1423.1	335
1424.16	331
1425.23	307
1426.3	296
1427.37	312
1428.44	309
1429.51	321
1430.58	314
1431.65	321
1432.72	304
1433.79	316
1434.85	335
1435.92	318
1436.99	316
1438.06	301
1439.12	313
1440.19	327
1441.26	319
1442.32	324
1443.39	327
1444.46	324
1445.52	310
1446.59	353
1447.65	305
1448.72	322
1449.79	303
1450.85	316
1451.92	317
1452.98	331
1454.05	308
1455.11	316
1456.18	317
1457.24	309
1458.31	293
1459.37	308
1460.43	318
1461.5	328
1462.56	296
1463.63	320
1464.69	301
1465.75	309
1466.81	315
1467.88	307
1468.94	308
1470	298
1471.06	319
1472.13	282
1473.19	288
1474.25	316
1475.31	293
1476.37	292
1477.44	278
1478.5	316
1479.56	320
1480.62	306
1481.68	300
1482.74	312
1483.8	302
1484.86	290
1485.92	306
1486.98	308
1488.04	321
1489.1	300
1490.16	290
1491.22	295
1492.27	313
1493.33	281
1494.39	307
1495.45	312
1496.51	272
1497.57	306
1498.63	293
1499.68	291
1500.74	295
1501.8	308
1502.85	313
1503.91	281
1504.97	309
1506.03	298
1507.08	319
1508.14	310
1509.2	288
1510.25	312
1511.31	290
1512.36	306
1513.42	301
1514.47	310
1515.53	324
1516.58	319
1517.64	284
1518.69	282
1519.75	291
1520.8	302
1521.86	286
1522.91	296
1523.97	317
1525.02	290
1526.07	289
1527.13	280
1528.18	285
1529.23	299
1530.29	279
1531.34	287
1532.39	293
1533.44	298
1534.5	265
1535.55	290
1536.6	265
1537.65	303
1538.7	307
1539.75	289
1540.81	279
1541.86	291
1542.91	283
1543.96	261
1545.01	279
1546.06	260
1547.11	284
1548.16	269
1549.21	296
1550.26	285
1551.31	284
1552.36	282
1553.41	307
1554.46	283
1555.51	293
1556.56	284
1557.6	280
1558.65	287
1559.7	270
1560.75	288
1561.8	289
1562.85	298
1563.89	280
1564.94	306
1565.99	274
1567.03	294
1568.08	292
1569.13	277
1570.18	285
1571.22	270
1572.27	263
1573.31	285
1574.36	291
1575.41	277
1576.45	293
1577.5	276
1578.54	280
1579.59	305
1580.63	305
1581.68	302
1582.72	284
1583.77	308
1584.81	278
1585.86	292
1586.9	293
1587.94	314
1588.99	311
1590.03	296
1591.07	310
1592.12	311
1593.16	303
1594.2	304
1595.25	294
1596.29	314
1597.33	314
1598.37	297
1599.41	286
1600.46	316
1601.5	325
1602.54	296
1603.58	301
1604.62	305
1605.66	349
1606.71	311
1607.75	335
1608.79	335
1609.83	325
1610.87	314
1611.91	313
1612.95	317
1613.99	326
1615.03	331
1616.07	337
1617.11	339
1618.14	339
1619.18	309
1620.22	325
1621.26	342
1622.3	323
1623.34	307
1624.38	338
1625.42	325
1626.45	337
1627.49	339
1628.53	318
1629.56	343
1630.6	324
1631.64	328
1632.68	335
1633.71	321
1634.75	327
1635.79	318
1636.82	310
1637.86	335
1638.89	325
1639.93	328
1640.97	331
1642	316
1643.04	329
1644.07	316
1645.11	319
1646.14	323
1647.18	316
1648.21	330
1649.24	311
1650.28	314
1651.31	319
1652.35	316
1653.38	325
1654.41	321
1655.45	316
1656.48	305
1657.51	318
1658.55	301
1659.58	281
1660.61	319
1661.64	310
1662.67	290
1663.71	328
1664.74	287
1665.77	306
1666.8	292
1667.83	294
1668.86	291
1669.9	285
1670.93	298
1671.96	303
1672.99	290
1674.02	314
1675.05	278
1676.08	274
1677.11	276
1678.14	304
1679.17	289
1680.2	296
1681.23	279
1682.26	273
1683.28	274
1684.31	277
1685.34	270
1686.37	269
1687.4	272
1688.43	295
1689.46	295
1690.48	245
1691.51	282
1692.54	261
1693.57	275
1694.59	278
1695.62	259
1696.65	258
1697.67	271
1698.7	258
1699.73	257
1700.75	254
1701.78	267
1702.8	256
1703.83	256
1704.86	228
1705.88	260
1706.91	259
1707.93	270
1708.96	250
1709.98	244
1711.01	259
1712.03	245
1713.05	258
1714.08	247
1715.1	246
1716.13	228
1717.15	235
1718.17	249
1719.2	235
1720.22	240
1721.24	232
1722.27	230
1723.29	242
1724.31	230
1725.34	247
1726.36	240
1727.38	260
1728.4	250
1729.42	244
1730.44	233
1731.47	250
1732.49	262
1733.51	242
1734.53	237
1735.55	264
1736.57	238
1737.59	230
1738.61	236
1739.63	255
1740.65	234
1741.67	226
1742.69	240
1743.71	240
1744.73	233
1745.75	237
1746.77	239
1747.79	226
1748.81	236
1749.82	233
1750.84	230
1751.86	226
1752.88	238
1753.9	225
1754.92	241
1755.93	247
1756.95	238
1757.97	237
1758.99	239
1760	251
1761.02	241
1762.04	230
1763.05	230
1764.07	228
1765.09	246
1766.1	231
1767.12	233
1768.13	216
1769.15	246
1770.16	233
1771.18	224
1772.19	242
1773.21	236
1774.22	240
1775.24	233
1776.25	242
1777.27	255
1778.28	222
1779.3	210
1780.31	227
1781.32	237
1782.34	243
1783.35	244
1784.36	232
1785.38	228
1786.39	248
1787.4	247
1788.41	232
1789.43	223
1790.44	241
1791.45	236
1792.46	249
1793.48	238
1794.49	247
1795.5	247
1796.51	236
1797.52	239
1798.53	236
1799.54	248
1800.55	249
1801.56	228
1802.58	216
1803.58	220
1804.6	232
1805.61	225
1806.61	220
1807.62	227
1808.63	226
1809.64	241
1810.65	222
1811.66	237
1812.67	235
1813.68	214
1814.69	226
1815.7	246
1816.7	232
1817.71	228
1818.72	224
1819.73	223
1820.73	238
1821.74	230
1822.75	216
1823.76	229
1824.76	220
1825.77	216
1826.78	220
1827.78	206
1828.79	232
1829.8	212
1830.8	235
1831.81	225
1832.81	216
1833.82	222
1834.83	213
1835.83	218
1836.84	232
1837.84	218
1838.85	219
1839.85	217
1840.85	224
1841.86	203
1842.86	223
1843.87	213
1844.87	226
1845.87	219
1846.88	222
1847.88	222
1848.89	208
1849.89	204
1850.89	202
1851.89	222
1852.9	215
1853.9	234
1854.9	199
1855.9	214
1856.91	198
1857.91	194
1858.91	203
1859.91	218
1860.91	204
1861.91	201
1862.91	190
1863.92	213
1864.92	199
1865.92	209
1866.92	213
1867.92	214
1868.92	209
1869.92	213
1870.92	189
1871.92	210
1872.92	209
1873.92	203
1874.91	207
1875.91	218
1876.91	201
1877.91	220
1878.91	207
1879.91	207
1880.91	207
1881.9	214
1882.9	205.5
1883.9	197
1884.9	204
1885.9	195
1886.89	207
1887.89	200
1888.89	207
1889.88	190
1890.88	195
1891.88	200
1892.87	202
1893.87	205
1894.87	190
1895.86	203
1896.86	187
1897.85	198
1898.85	200
1899.84	200
1900.84	200
1901.83	213
1902.83	215
1903.83	219
1904.82	210
1905.81	205
1906.81	197
1907.8	218
1908.8	199
1909.79	190
1910.78	212
1911.78	212
1912.77	193
1913.76	206
1914.76	212
1915.75	211
1916.74	210
1917.74	237
1918.73	201
1919.72	191
1920.71	210
1921.7	210
1922.7	214
1923.69	213
1924.68	205
1925.67	198
1926.66	222
1927.65	202
1928.64	207
1929.64	207
1930.63	230
1931.62	206
1932.61	207
1933.6	229
1934.59	218.5
1935.58	208
1936.57	200
1937.56	186
1938.54	192
1939.53	215
1940.52	203
1941.51	226
1942.5	201
1943.49	202
1944.48	196
1945.47	213
1946.45	183
1947.44	208
1948.43	207
1949.42	197
1950.41	206
1951.39	215
1952.38	219
1953.37	221
1954.35	190
1955.34	193
1956.33	196
1957.32	206
1958.3	193
1959.29	205
1960.27	200
1961.26	209
1962.25	174
1963.23	217
1964.22	200
1965.2	179
1966.19	212
1967.17	202
1968.16	209
1969.14	192
1970.13	194
1971.11	193
1972.1	201
1973.08	208
1974.06	193
1975.05	211
1976.03	183
1977.01	191
1978	193
1978.98	193
1979.96	191
1980.95	203
1981.93	198
1982.91	202
1983.89	209
1984.88	205
1985.86	200
1986.84	206
1987.82	198
1988.8	186
1989.79	203
1990.77	206
1991.75	183
1992.73	207
1993.71	211
1994.69	177
1995.67	194
1996.65	193
1997.63	216
1998.61	188
1999.59	189
2000.57	199
2001.55	185
2002.53	200
2003.51	191
2004.49	216
2005.47	200
2006.45	200
2007.43	196
2008.41	196
2009.38	208
2010.36	200
2011.34	194
2012.32	208
2013.3	196
2014.28	199
2015.25	181
2016.23	207
2017.21	203
2018.18	187
2019.16	216
2020.14	212
2021.12	194
2022.09	202
2023.07	207
2024.04	205
2025.02	206
2026	215
2026.97	205
2027.95	209
2028.92	222
2029.9	213
2030.87	209
2031.85	205
2032.82	218
2033.8	192
2034.77	207
2035.75	195
2036.72	211
2037.7	210
2038.67	221
2039.64	220
2040.62	205
2041.59	189
2042.57	218
2043.54	219
2044.51	210
2045.48	213
2046.46	223
2047.43	210
2048.4	203
2049.37	208
2050.35	186
2051.32	209
2052.29	215
2053.26	214
2054.24	203
2055.21	210
2056.18	199
2057.15	208
2058.12	194
2059.09	207
2060.06	200
2061.03	216
2062	201
2062.97	223
2063.94	208
2064.91	212
2065.88	226
2066.85	207
2067.82	206
2068.79	218
2069.76	208
2070.73	205
2071.7	216
2072.67	204
2073.64	206
2074.61	222
2075.57	200
2076.54	201
2077.51	213
2078.48	214
2079.45	191
2080.41	204
2081.38	215
2082.35	206
2083.32	208
2084.28	206
2085.25	206
2086.22	206
2087.18	204
2088.15	185
2089.12	174
2090.08	208
2091.05	188
2092.01	204
2092.98	196
2093.95	201
2094.91	218
2095.88	197
2096.84	204
2097.81	221
2098.77	201
2099.74	185
2100.7	188
2101.67	208
2102.63	212
2103.59	194
2104.56	188
2105.52	202
2106.49	201
2107.45	217
2108.41	200
2109.38	206
2110.34	205
2111.3	186
2112.26	186
2113.23	205
2114.19	191
2115.15	219
2116.11	199
2117.08	195
2118.04	187
2119	194
2119.96	193
2120.92	198
2121.88	195
2122.85	186
2123.81	195
2124.77	197
2125.73	215
2126.69	185
2127.65	196
2128.61	190
2129.57	192
2130.53	202
2131.49	218
2132.45	192
2133.41	198
2134.37	220
2135.33	218
2136.29	191
2137.25	181
2138.21	189
2139.16	174
2140.12	187
2141.08	220
2142.04	207
2143	182
2143.95	193
2144.91	201
2145.87	195
2146.83	193.144
2147.79	205.143
2148.74	189.284
2149.7	194.752
2150.66	207.075
2151.61	191.33
2152.57	209.353
2153.53	192.163
2154.48	196.505
2155.44	198.046
2156.4	189.326
2157.35	198.811
2158.31	194.471
2159.26	197.117
2160.22	202.293
2161.17	192.826
2162.13	206.364
2163.08	183.839
2164.04	192.579
2164.99	182.353
2165.95	213.597
2166.9	189.743
2167.86	180.438
2168.81	200.488
2169.77	201.88
2170.72	198.524
2171.67	198.986
2172.63	203.523
2173.58	213.503
2174.53	196.363
2175.49	196.625
2176.44	199.171
2177.39	205.399
2178.34	198.123
2179.3	184.966
2180.25	201.266
2181.2	196.106
2182.15	199.023
2183.11	203.532
2184.06	183.969
2185.01	196.73
2185.96	198.7
2186.91	202.176
2187.86	188.536
2188.82	196.479
2189.77	209.01
2190.72	198.176
2191.67	200.565
2192.62	196.037
2193.57	202.493
2194.52	208.056
2195.47	204.36
2196.42	200.742
2197.37	190.916
2198.32	199.691
2199.27	198.299
2200.22	203.266
2201.17	198.395
2202.12	196.43
2203.07	202.54
2204.02	194.496
2204.96	201.429
2205.91	208.987
2206.86	211.314
2207.81	213.698
2208.76	204.301
2209.71	202.011
2210.65	214.528
2211.6	217.057
2212.55	201.505
2213.5	205.75
2214.44	202.37
2215.39	217.01
2216.34	211.514
2217.28	212.391
2218.23	204.449
2219.18	209.338
2220.12	210.898
2221.07	212.976
2222.02	207.311
2222.96	211.852
2223.91	212.426
2224.85	201.748
2225.8	208.292
2226.74	206.424
2227.69	203.482
2228.63	208.7
2229.58	215.33
2230.52	225.306
2231.47	220.755
2232.41	215.612
2233.36	224.512
2234.3	225.563
2235.25	218.958
2236.19	213.484
2237.14	219.265
2238.08	215.406
2239.02	229.705
2239.97	221.199
2240.91	207.144
2241.85	228.223
2242.5	225
2243.45	220
2244.39	224
2245.34	220
2246.29	212
2247.24	223
2248.18	210
2249.13	226
2250.08	216
2251.02	207
2251.97	229
2252.92	214
2253.86	226
2254.81	226
2255.76	202
2256.7	210
2257.65	226
2258.59	222
2259.54	219
2260.48	224
2261.43	222
2262.37	198
2263.32	215
2264.26	239
2265.21	219
2266.15	215
2267.1	223
2268.04	218
2268.98	216
2269.93	221
2270.87	224
2271.81	203
2272.76	215
2273.7	215
2274.64	222
2275.59	222
2276.53	232
2277.47	224
2278.42	213
2279.36	215
2280.3	206
2281.24	225
2282.18	221
2283.13	208
2284.07	205
2285.01	221
2285.95	226
2286.89	216
2287.83	216
2288.77	216
2289.72	227
2290.66	215
2291.6	208
2292.54	222
2293.48	215
2294.42	197
2295.36	221
2296.3	208
2297.24	215
2298.18	220
2299.12	223
2300.06	226
2301	206
2301.94	210
2302.87	226
2303.81	220
2304.75	216
2305.69	209
2306.63	225
2307.57	207
2308.5	226
2309.44	223
2310.38	217
2311.32	218
2312.26	228
2313.19	214
2314.13	224
2315.07	222
2316	229
2316.94	215
2317.88	239
2318.81	213
2319.75	208
2320.69	217
2321.62	210
2322.56	201
2323.5	234
2324.43	209
2325.37	218
2326.3	219
2327.24	229
2328.17	217
2329.11	243
2330.04	220
2330.98	230
2331.91	223
2332.85	231
2333.78	232
2334.72	217
2335.65	211
2336.58	217
2337.52	227
2338.45	215
2339.38	215
2340.32	220
2341.25	226
2342.18	236
2343.12	244
2344.05	213
2344.98	227
2345.91	229
2346.85	218
2347.78	227
2348.71	229
2349.64	210
2350.57	229
2351.51	220
2352.44	210
2353.37	221
2354.3	228
2355.23	238
2356.16	212
2357.09	227
2358.02	234
2358.96	231
2359.89	228
2360.82	231
2361.75	226
2362.68	236
2363.61	228
2364.54	217
2365.47	232
2366.4	230
2367.32	218
2368.25	222
2369.18	230
2370.11	225
2371.04	226
2371.97	219
2372.9	231
2373.83	230
2374.75	221
2375.68	212
2376.61	226
2377.54	247
2378.47	209
2379.39	231
2380.32	233
2381.25	206
2382.18	225
2383.1	215
2384.03	226
2384.96	229
2385.88	211
2386.81	212
2387.73	226
2388.66	220
2389.59	224
2390.51	218
2391.44	242
2392.36	233
2393.29	234
2394.22	226
2395.14	201
2396.07	226
2396.99	231
2397.92	230
2398.84	222
2399.76	231
2400.69	213
2401.61	235
2402.54	243
2403.46	220
2404.39	220
2405.31	220
2406.23	213
2407.16	232
2408.08	213
2409	235
2409.93	223
2410.85	219
2411.77	215
2412.69	222
2413.62	214
2414.54	226
2415.46	207
2416.38	230
2417.31	223
2418.23	238
2419.15	235
2420.07	211
2420.99	217
2421.91	210
2422.83	235
2423.76	222
2424.68	211
2425.6	226
2426.52	216
2427.44	224
2428.36	231
2429.28	227
2430.2	214
2431.12	242
2432.04	221
2432.96	216
2433.88	201
2434.8	228
2435.72	230
2436.64	187
2437.55	222
2438.47	225
2439.39	227
2440.31	199
2441.23	208
2442.15	226
2443.06	230
2443.98	227
2444.9	232
2445.82	200
2446.74	220
2447.65	210
2448.57	216
2449.49	205
2450.4	220
2451.32	229
2452.24	233
2453.16	221
2454.07	229
2454.99	214
2455.9	224
2456.82	207
2457.74	210
2458.65	224
2459.57	219
2460.48	214
2461.4	219
2462.31	221
2463.23	225
2464.14	232
2465.06	234
2465.97	218
2466.89	234
2467.8	229
2468.72	200
2469.63	222
2470.55	245
2471.46	221
2472.37	213
2473.29	234
2474.2	229
2475.11	212
2476.03	211
2476.94	212
2477.85	234
2478.77	222
2479.68	226
2480.59	219
2481.5	229
2482.42	227
2483.33	207
2484.24	221
2485.15	238
2486.06	208
2486.98	228
2487.89	216
2488.8	227
2489.71	236
2490.62	222
2491.53	217
2492.44	209
2493.35	230
2494.26	210
2495.18	216
2496.08	209
2497	216
2497.91	222
2498.82	226
2499.72	219
2500.64	218
2501.54	225
2502.45	219
2503.36	219
2504.27	216
2505.18	207
2506.09	225
2507	219
2507.91	216
2508.82	217
2509.72	212
2510.63	227
2511.54	216
2512.45	228
2513.36	212
2514.26	208
2515.17	219
2516.08	221
2516.99	210
2517.89	214
2518.8	216
2519.71	206
2520.61	204
2521.52	215
2522.43	224
2523.33	204
2524.24	220
2525.14	210
2526.05	222
2526.96	221
2527.86	207
2528.77	213
2529.67	186
2530.58	226
2531.48	190
2532.39	200
2533.29	224
2534.2	202
2535.1	201
2536.01	202
2536.91	229
2537.81	202
2538.72	206
2539.62	205
2540.53	231
2541.43	219
2542.33	205
2543.24	204
2544.14	207
2545.04	198
2545.95	208
2546.85	207
2547.75	229
2548.65	212
2549.56	209
2550.46	200
2551.36	209
2552.26	210
2553.17	204
2554.07	213
2554.97	199
2555.87	221
2556.77	238
2557.67	210
2558.57	206
2559.48	226
2560.38	222
2561.28	211
2562.18	210
2563.08	217
2563.98	223
2564.88	214
2565.78	230
2566.68	202
2567.58	207
2568.48	214
2569.38	200
2570.28	200
2571.18	215
2572.08	201
2572.97	209
2573.87	229
2574.77	223
2575.67	200
2576.57	231
2577.47	191
2578.37	205
2579.26	211
2580.16	206
2581.06	197
2581.96	209
2582.85	196
2583.75	213
2584.65	225
2585.55	209
2586.44	209
2587.34	223
2588.24	200
2589.13	206
2590.03	210
2590.93	205
2591.82	205
2592.72	206
2593.61	219
2594.51	218
2595.41	204
2596.3	208
2597.2	206
2598.09	216
2598.99	199
2599.88	195
2600.78	209
2601.67	204
2602.57	194
2603.46	214
2604.36	198
2605.25	205
2606.14	199
2607.04	220
2607.93	190
2608.83	218
2609.72	215
2610.61	201
2611.51	226
2612.4	199
2613.29	216
2614.19	219
2615.08	215
2615.97	212
2616.86	204
2617.76	224
2618.65	219
2619.54	199
2620.43	206
2621.32	198
2622.22	215
2623.11	202
2624	201
2624.89	201
2625.78	201
2626.67	224
2627.56	212
2628.46	207
2629.35	207
2630.24	204
2631.13	197
2632.02	207
2632.91	186
2633.8	222
2634.69	193
2635.58	195
2636.47	210
2637.36	201
2638.25	199
2639.14	186
2640.02	210
2640.91	206
2641.8	191
2642.69	198
2643.58	195
2644.47	209
2645.36	204
2646.25	200
2647.13	195
2648.02	197
2648.91	218
2649.8	195
2650.68	205
2651.57	182
2652.46	183
2653.35	192
2654.23	191
2655.12	196
2656.01	206
2656.89	200
2657.78	213
2658.67	214
2659.55	193
2660.44	207
2661.33	202
2662.21	176
2663.1	197
2663.98	210
2664.87	214
2665.75	208
2666.64	187
2667.52	200
2668.41	194
2669.29	207
2670.18	195
2671.06	220
2671.95	209
2672.83	211
2673.72	200
2674.6	202
2675.49	187
2676.37	188
2677.25	216
2678.14	199
2679.02	195
2679.9	186
2680.79	201
2681.67	195
2682.55	202
2683.44	199
2684.32	202
2685.2	200
2686.08	204
2686.97	194
2687.85	203
2688.73	209
2689.61	184
2690.49	203
2691.38	188
2692.26	198
2693.14	206
2694.02	203
2694.9	192
2695.78	189
2696.66	196
2697.54	197
2698.42	204
2699.3	192
2700.19	203
2701.07	189
2701.95	192
2702.83	197
2703.71	208
2704.58	193
2705.47	211
2706.34	201
2707.22	182
2708.1	199
2708.98	200
2709.86	183
2710.74	190
2711.62	195
2712.5	185
2713.38	196
2714.25	202
2715.13	189
2716.01	202
2716.89	206
2717.77	204
2718.64	195
2719.52	200
2720.4	179
2721.28	193
2722.15	194
2723.03	215
2723.91	188
2724.78	192
2725.66	184
2726.54	212
2727.41	176
2728.29	203
2729.17	193
2730.04	196
2730.92	182
2731.79	204
2732.67	210
2733.55	181
2734.42	190
2735.3	167
2736.17	209
2737.05	188
2737.92	195
2738.8	191
2739.67	182
2740.55	186
2741.42	194
2742.29	199
2743.17	209
2744.04	198
2744.92	199
2745.79	195.5
2746.66	192
2747.54	204
2748.41	181
2749.28	187
2750.16	191
2751.03	201
2751.9	193
2752.77	187
2753.65	204
2754.52	195
2755.39	192
2756.27	199
2757.14	202
2758.01	197
2758.88	197
2759.75	193
2760.62	196
2761.5	203
2762.37	200
2763.24	218
2764.11	201
2764.98	187
2765.85	206
2766.72	195
2767.59	197
2768.46	188
2769.33	194
2770.2	214
2771.07	216
2771.94	201
2772.81	198
2773.68	195
2774.55	217
2775.42	208
2776.29	206
2777.16	207
2778.03	197
2778.9	188
2779.77	218
2780.64	197
2781.51	212
2782.37	204
2783.24	204
2784.11	201
2784.98	208
2785.85	205
2786.71	197
2787.58	198
2788.45	197
2789.32	203
2790.18	208
2791.05	201
2791.92	194
2792.79	203
2793.65	225
2794.52	212
2795.39	202
2796.25	212
2797.12	204
2797.98	212
2798.85	193
2799.72	188
2800.58	212
2801.45	210
2802.31	205
2803.18	196
2804.04	206
2804.91	192
2805.77	207
2806.64	204
2807.5	205
2808.37	202
2809.23	211
2810.1	192
2810.96	201
2811.83	208
2812.69	207
2813.55	200
2814.42	201
2815.28	214
2816.15	215
2817.01	211
2817.87	223
2818.74	204
2819.6	215
2820.46	200
2821.32	218
2822.19	218
2823.05	217
2823.91	197
2824.77	231
2825.64	192
2826.5	203
2827.36	218
2828.22	206
2829.08	227
2829.95	211
2830.81	220
2831.67	213
2832.53	209
2833.39	206
2834.25	215
2835.11	216
2835.97	218
2836.83	218
2837.69	225
2838.55	206
2839.41	209
2840.27	214
2841.13	211
2841.99	227
2842.85	209
2843.71	224
2844.57	212
2845.43	211
2846.29	199
2847.15	211
2848.01	199
2848.87	208
2849.73	200
2850.59	206
2851.44	201
2852.3	216
2853.16	224
2854.02	206
2854.88	214
2855.73	218
2856.59	195
2857.45	210
2858.31	220
2859.16	212
2860.02	195
2860.88	216
2861.74	193
2862.59	208
2863.45	214
2864.31	224
2865.16	205
2866.02	202
2866.88	227
2867.73	210
2868.59	221
2869.44	224
2870.3	217
2871.15	206
2872.01	193
2872.86	211
2873.72	214
2874.58	214
2875.43	223
2876.28	213
2877.14	221
2877.99	216
2878.85	235
2879.7	222
2880.56	222
2881.41	206
2882.27	230
2883.12	209
2883.97	235
2884.83	210
2885.68	208
2886.53	213
2887.39	225
2888.24	213
2889.09	224
2889.95	214
2890.8	211
2891.65	219
2892.5	214
2893.36	200
2894.21	219
2895.06	204
2895.91	229
2896.76	216
2897.62	210
2898.47	205
2899.32	210
2900.17	225
2901.02	224
2901.87	206
2902.72	227
2903.58	228
2904.43	222
2905.28	221
2906.13	228
2906.98	222
2907.83	225
2908.68	250
2909.53	245
2910.38	225
2911.23	224
2912.08	230
2912.93	221
2913.78	201
2914.63	212
2915.48	214
2916.33	214
2917.17	229
2918.02	248
2918.87	238
2919.72	216
2920.57	245
2921.42	211
2922.27	214
2923.11	216
2923.96	247
2924.81	205
2925.66	219
2926.51	231
2927.35	239
2928.2	237
2929.05	224
2929.89	224
2930.74	221
2931.59	250
2932.43	230
2933.28	227
2934.13	220
2934.97	227
2935.82	233
2936.67	233
2937.51	210
2938.36	225
2939.2	233
2940.05	224
2940.9	240
2941.74	239
2942.59	222
2943.43	237
2944.28	230
2945.12	267
2945.97	220
2946.81	240
2947.66	232
2948.5	248
2949.35	244
2950.19	243
2951.03	246
2951.88	235
2952.72	231
2953.56	233
2954.41	241
2955.25	236
2956.09	241
2956.94	220
2957.78	247
2958.62	246
2959.47	253
2960.31	248
2961.15	250
2962	242
2962.84	249
2963.68	258
2964.52	263
2965.36	264
2966.21	255
2967.05	262
2967.89	250
2968.73	247
2969.57	227
2970.41	256
2971.26	271
2972.1	268
2972.94	254
2973.78	278
2974.62	246
2975.46	265
2976.3	256
2977.14	261.581
2977.98	275.777
2978.82	251.789
2979.66	273.639
2980.5	255.36
2981.34	272.47
2982.18	266.466
2983.02	290.957
2983.86	270.861
2984.7	276.439
2985.54	283.186
2986.38	298.241
2987.22	307.196
2988.05	299.078
2988.89	303.177
2989.73	278.786
2990.57	302.97
2991.41	307.366
2992.25	293.531
2993.08	303.71
2993.92	316.873
2994.76	311.131
2995.6	294.477
2996.44	307.264
2997.27	317.576
2998.11	317.155
2998.95	330.703
2999.78	308.112
3000.62	334.601
3001.46	324.472
3002.3	350.133
3003.13	341.672
3003.97	337.17
3004.8	342.627
3005.64	325.116
3006.48	352.87
3007.31	337.135
3008.15	339.36
3008.99	347.662
3009.82	350.863
3010.66	366.095
3011.49	356.987
3012.33	357.288
3013.16	358.559
3014	361.954
3014.83	368.879
3015.67	364.737
3016.5	378.549
3017.34	383.356
3018.17	373.794
3019.01	376.99
3019.84	390.244
3020.67	383.791
3021.51	374.777
3022.34	404.971
3023.18	394.349
3024.01	378.7
3024.84	399.62
3025.68	386.158
3026.51	391.939
3027.34	410.238
3028.18	406.69
3029.01	414.563
3029.84	414.425
3030.67	412.822
3031.51	412.756
3032.34	426.693
3033.17	435.457
3034	422.809
3034.84	427.153
3035.67	444.636
3036.5	435.935
3037.33	447.017
3038.16	440.17
3038.99	419.913
3039.83	432.144
3040.66	439.314
3041.49	445.673
3042.32	444.684
3043.15	446.504
3043.98	440.428
3044.81	445.748
3045.64	467.626
3046.47	465.271
3047.3	471.025
3048.13	474.352
3048.96	468.65
3049.79	468.741
3050.62	468.059
3051.45	477.368
3052.28	485.959
3053.11	493.424
3053.94	491.392
3054.77	472.222
3055.6	470.894
3056.43	482.153
3057.26	488.396
3058.09	484.525
3058.92	476.938
3059.74	497.629
3060.57	506.329
3060.94	500
3061.77	493
3062.61	525
3063.44	506
3064.27	511
3065.1	509
3065.94	506
3066.77	533
3067.6	535
3068.43	498
3069.26	530
3070.1	547
3070.93	539
3071.76	527
3072.59	536
3073.42	520
3074.25	528
3075.08	558
3075.91	536
3076.74	568
3077.57	558
3078.41	559
3079.24	558
3080.07	550
3080.9	562
3081.73	528
3082.56	588
3083.39	578
3084.22	565
3085.04	582
3085.87	564
3086.7	585
3087.53	563
3088.36	559
3089.19	586
3090.02	578
3090.85	604
3091.68	613
3092.51	611
3093.33	624
3094.16	563
3094.99	629
3095.82	624
3096.65	627
3097.47	634
3098.3	649
3099.13	631
3099.96	609
3100.78	605
3101.61	601
3102.44	630
3103.26	641
3104.09	643
3104.92	648
3105.74	628
3106.57	639
3107.4	634
3108.22	645
3109.05	652
3109.88	660
3110.7	649
3111.53	638
3112.35	671
3113.18	667
3114	674
3114.83	668
3115.65	656
3116.48	677
3117.3	663
3118.13	676
3118.95	653
3119.78	706
3120.6	685
3121.43	693
3122.25	720
3123.08	693
3123.9	709
3124.72	727
3125.55	708
3126.37	728
3127.2	744
3128.02	744
3128.84	725
3129.67	727
3130.49	708
3131.31	747
3132.13	728
3132.96	748
3133.78	731
3134.6	754
3135.42	731
3136.25	734
3137.07	734
3137.89	760
3138.71	766
3139.53	749
3140.36	738
3141.18	792
3142	793
3142.82	766
3143.64	764
3144.46	791
3145.28	758
3146.11	795
3146.93	779
3147.75	752
3148.57	808
3149.39	786
3150.21	767
3151.03	790
3151.85	797
3152.67	819
3153.49	817
3154.31	797
3155.13	791
3155.95	801
3156.77	827
3157.59	811
3158.41	806
3159.22	801
3160.04	803
3160.86	807
3161.68	845
3162.5	830
3163.32	839
3164.14	812
3164.96	841
3165.77	846
3166.59	859
3167.41	838
3168.23	874
3169.05	816
3169.86	846
3170.68	817
3171.5	856
3172.32	857
3173.13	857
3173.95	864
3174.77	881
3175.58	840
3176.4	883
3177.22	852
3178.03	904
3178.85	824
3179.67	854
3180.48	881
3181.3	881
3182.11	883
3182.93	889
3183.74	865
3184.56	875
3185.38	885
3186.19	864
3187.01	887
3187.82	896
3188.64	942
3189.45	883
3190.27	928
3191.08	906
3191.89	919
3192.71	890
3193.52	938
3194.34	921
3195.15	921
3195.97	866
3196.78	953
3197.59	925
3198.41	921
3199.22	918
3200.03	922
3200.85	934
3201.66	975
3202.47	957
3203.29	944
3204.1	939
3204.91	918
3205.72	926
3206.54	970
3207.35	962
3208.16	972
3208.97	975
3209.79	974
3210.6	986
3211.41	964
3212.22	941
3213.03	982
3213.84	959
3214.65	976
3215.47	980
3216.28	989
3217.09	956
3217.9	947
3218.71	999
3219.52	997
3220.33	970
3221.14	1000
3221.95	1000
3222.76	994
3223.57	973
3224.38	972
3225.19	981
3226	1020
3226.81	976
3227.62	1014
3228.43	994
3229.24	983
3230.05	1006
3230.86	994
3231.67	1014
3232.48	990
3233.28	1018
3234.09	1033
3234.9	980
3235.71	971
3236.52	1036
3237.33	976
3238.13	1058
3238.94	1004
3239.75	1038
3240.56	1019
3241.37	1001
3242.17	970
3242.98	1015
3243.79	1034
3244.59	990
3245.4	985
3246.21	1009
3247.02	971
3247.82	993
3248.63	1010
3249.44	1022
3250.24	1001
3251.05	1019
3251.85	1031
3252.66	1007
3253.47	1037
3254.27	1049
3255.08	1056
3255.88	1015
3256.69	1018
3257.49	1047
3258.3	1022
3259.1	1025
3259.91	1019
3260.71	1034
3261.52	1028
3262.32	1041
3263.13	1004
3263.93	1036
3264.74	1048
3265.54	1021
3266.35	1066
3267.15	996
3267.95	1053
3268.76	1023
3269.56	1051
3270.36	1033
3271.17	1052
3271.97	1024
3272.77	1021
3273.58	1023
3274.38	1014
3275.18	1039
3275.99	1034
3276.79	1000
3277.59	1051
3278.39	1003
3279.2	988
3280	1015
3280.8	1018
3281.6	1034
3282.4	971
3283.21	981
3284.01	993
3284.81	1071
3285.61	1021
3286.41	1034
3287.21	1041
3288.01	1016
3288.82	973
3289.62	1005
3290.42	1034
3291.22	977
3292.02	1026
3292.82	1015
3293.62	1028
3294.42	1014
3295.22	1031
3296.02	1031
3296.82	1031
3297.62	976
3298.42	1020
3299.22	1015
3300.02	1005
3300.82	1028
3301.62	981
3302.42	1024
3303.21	1005
3304.01	1042
3304.81	1032
3305.61	1034
3306.41	1029
3307.21	1039
3308.01	1048
3308.8	1032
3309.6	1021
3310.4	1009
3311.2	1033
3312	1023
3312.79	1002
3313.59	1050
3314.39	1037
3315.19	1018
3315.98	1036
3316.78	1016
3317.58	995
3318.37	1026
3319.17	1031
3319.97	1020
3320.76	1060
3321.56	1008
3322.36	1038
3323.15	1021
3323.95	1018
3324.75	1021
3325.54	1029
3326.34	1037
3327.13	1033
3327.93	1068
3328.72	1036
3329.52	1047
3330.31	1046
3331.11	1010
3331.9	1039
3332.7	1043
3333.49	1026
3334.29	1038
3335.08	1075
3335.88	1040
3336.67	1013
3337.47	1046
3338.26	1034
3339.05	971
3339.85	1041
3340.64	1064
3341.44	1008
3342.23	1038
3343.02	1050
3343.82	1056
3344.61	1051
3345.4	1051
3346.2	1035
3346.99	1039
3347.78	1058
3348.57	1023
3349.37	1074
3350.16	1075
3350.95	1019
3351.74	1019
3352.54	1043
3353.33	1050
3354.12	1053
3354.91	1059
3355.7	1036
3356.49	1039
3357.29	1042
3358.08	1036
3358.87	1051
3359.66	1069
3360.45	1058
3361.24	1100
3362.03	1051
3362.82	1051
3363.61	1090
3364.4	1081
3365.19	1024
3365.98	1029
3366.78	1004
3367.57	1071
3368.36	1072
3369.15	1053
3369.93	1063
3370.72	1045
3371.51	1070
3372.3	1035
3373.09	1046
3373.88	1057
3374.67	1090
3375.46	1053
3376.25	1074
3377.04	1068
3377.83	1047
3378.61	1071
3379.4	1053
3380.19	1069
3380.98	1014
3381.77	1035
3382.56	1077
3383.34	1053
3384.13	1035
3384.92	1025
3385.71	1030
3386.49	1070
3387.28	1047
3388.07	1050
3388.86	1020
3389.64	1033
3390.43	1014
3391.22	1036
3392	1041
3392.79	1036
3393.58	1040
3394.36	1042
3395.15	1054
3395.93	1010
3396.72	1034
3397.51	1052
3398.29	1066
3399.08	1058
3399.86	1054
3400.65	1059
3401.44	1042
3402.22	1020
3403.01	1000
3403.79	1059
3404.57	1027
3405.36	1045
3406.14	1022
3406.93	1065
3407.71	1028
3408.5	1031
3409.28	1048
3410.07	1015
3410.85	1019
3411.63	980
3412.42	1028
3413.2	1038
3413.99	996
3414.77	990
3415.55	1030
3416.34	1048
3417.12	995
3417.9	1010
3418.69	1027
3419.47	1016
3420.25	1005
3421.03	1015
3421.82	992
3422.6	1015
3423.38	1019
3424.16	994
3424.95	982
3425.73	1027
3426.51	1025
3427.29	1009
3428.07	1027
3428.85	994
3429.64	990
3430.42	1001
3431.2	1002
3431.98	979
3432.76	1017
3433.54	976
3434.32	952
3435.1	975
3435.88	980
3436.66	996
3437.45	969
3438.23	1040
3439.01	982
3439.79	983
3440.57	988
3441.35	1002
3442.13	981
3442.9	962
3443.68	962
3444.46	954
3445.24	968
3446.02	987
3446.8	982
3447.58	967
3448.36	950
3449.14	962
3449.92	945
3450.7	963
3451.47	988
3452.25	946
3453.03	954
3453.81	981
3454.59	956
3455.36	993
3456.14	970
3456.92	914
3457.7	974
3458.47	919
3459.25	948
3460.03	935
3460.81	930
3461.58	928
3462.36	902
3463.14	902
3463.91	934
3464.69	930
3465.47	939
3466.24	914
3467.02	937
3467.8	900
3468.57	885
3469.35	903
3470.12	915
3470.9	920
3471.68	892
3472.45	897
3473.23	872
3474	869
3474.78	902
3475.55	876
3476.33	907
3477.1	869
3477.88	863
3478.65	905
3479.43	900
3480.2	861
3480.98	911
3481.75	883
3482.52	873
3483.3	829
3484.07	886
3484.85	891
3485.62	832
3486.39	860
3487.17	828
3487.94	848
3488.71	830
3489.49	835
3490.26	857
3491.03	837
3491.81	820
3492.58	839
3493.35	814
3494.12	806
3494.9	789
3495.67	837
3496.44	848
3497.21	804
3497.99	784
3498.76	789
3499.53	791
3500.3	780
3501.07	781
3501.84	805
3502.62	763
3503.39	775
3504.16	776
3504.93	777
3505.7	747
3506.47	725
3507.24	768
3508.01	737
3508.78	794
3509.55	751
3510.32	746
3511.09	760
3511.86	773
3512.63	754
3513.41	751
3514.17	740
3514.94	757
3515.71	729
3516.48	753
3517.25	768
3518.02	737
3518.79	742
3519.56	732
3520.33	738
3521.1	728
3521.87	720
3522.64	695
3523.4	712
3524.17	726
3524.94	712
3525.71	746
3526.48	680
3527.25	688
3528.01	716
3528.78	671
3529.55	667
3530.32	699
3531.08	662
3531.85	687
3532.62	663
3533.39	674
3534.15	657
3534.92	661
3535.69	661
3536.45	695
3537.22	699
3537.99	691
3538.75	669
3539.52	636
3540.29	668
3541.05	642
3541.82	637
3542.58	651
3543.35	667
3544.12	674.5
3544.88	682
3545.65	665
3546.41	636
3547.18	625
3547.94	659
3548.71	623
3549.47	634
3550.24	619
3551	641
3551.77	632
3552.53	636
3553.3	647
3554.06	603
3554.83	592
3555.59	637
3556.35	592
3557.12	624
3557.88	633
3558.65	618
3559.41	623
3560.17	599
3560.94	582
3561.7	581
3562.46	606
3563.23	614
3563.99	605
3564.75	567
3565.51	595
3566.28	593
3567.04	572
3567.8	596
3568.56	596
3569.33	544
3570.09	581
3570.85	532
3571.61	577
3572.37	548
3573.14	563
3573.9	589
3574.66	573
3575.42	564
3576.18	540
3576.94	534
3577.7	554
3578.47	551
3579.23	565
3579.99	560
3580.75	573
3581.51	539
3582.27	522
3583.03	537
3583.79	536
3584.55	547
3585.31	536
3586.07	540
3586.83	531
3587.59	519
3588.35	496
3589.11	543
3589.87	516
3590.63	493
3591.39	540
3592.15	500
3592.91	530
3593.66	498
3594.42	521
3595.18	503
3595.94	515
3596.7	494
3597.46	507
3598.22	482
3598.97	483
3599.73	470
3600.49	501
3601.25	494
3602.01	507
3602.76	486
3603.52	489
3604.28	473
3605.04	477
3605.79	477
3606.55	489
3607.31	474
3608.06	437
3608.82	470
3609.58	458
3610.33	469
3611.09	452
3611.85	477
3612.6	468
3613.36	447
3614.12	457
3614.87	455
3615.63	457
3616.38	445
3617.14	453
3617.9	468
3618.65	436
3619.41	470
3620.16	429
3620.92	451
3621.67	433
3622.43	422
3623.18	422
3623.94	445
3624.69	442
3625.45	441
3626.2	411
3626.96	430
3627.71	433
3628.46	430
3629.22	434
3629.97	391
3630.72	415
3631.48	432
3632.23	396
3632.99	415
3633.74	430
3634.49	418
3635.25	420
3636	401
3636.75	412
3637.51	391
3638.26	403
3639.01	383
3639.76	405
3640.52	409
3641.27	393
3642.02	390
3642.77	388
3643.53	383
3644.28	362
3645.03	405
3645.78	380
3646.53	363
3647.28	378
3648.04	381
3648.79	403
3649.54	358
3650.29	367
3651.04	351
3651.79	375
3652.54	375
3653.29	336
3654.04	357
3654.8	333
3655.55	335
3656.3	321
3657.05	353
3657.8	339
3658.55	344
3659.3	342
3660.05	339
3660.8	340
3661.55	351
3662.3	332
3663.05	315
3663.79	314
3664.54	299
3665.29	311
3666.04	325
3666.79	330
3667.54	330
3668.29	311
3669.04	317
3669.79	312
3670.53	299
3671.28	301
3672.03	313
3672.78	302
3673.53	296
3674.27	291
3675.02	283
3675.77	288
3676.52	283
3677.27	274
3678.01	283
3678.76	290
3679.51	288
3680.26	281
3681	293
3681.75	290
3682.5	287
3683.24	289
3683.99	260
3684.74	260
3685.48	251
3686.23	266
3686.97	263
3687.72	272
3688.47	246
3689.21	255
3689.96	255
3690.7	242
3691.45	267
3692.2	254
3692.94	266
3693.69	261
3694.43	246
3695.18	247
3695.92	260
3696.67	239
3697.41	217
3698.16	229
3698.9	230
3699.65	226
3700.39	226
3701.13	243
3701.88	235
3702.62	220
3703.37	240
3704.11	224
3704.85	221
3705.6	220
3706.34	211
3707.08	221
3707.83	232
3708.57	222.79
3709.31	228.155
3710.06	218.515
3710.8	224.481
3711.54	211.874
3712.29	218.56
3713.03	238.513
3713.77	227.473
3714.51	228.203
3715.26	217.924
3716	214.14
3716.74	229.513
3717.48	224.294
3718.22	208.685
3718.97	196.799
3719.71	210.133
3720.45	217.659
3721.19	200.222
3721.93	204.774
3722.67	195.81
3723.42	213.481
3724.16	225.486
3724.9	206.729
3725.64	197.058
3726.38	185.435
3727.12	204.961
3727.86	197.718
3728.6	192.887
3729.34	200.198
3730.08	193.585
3730.82	193.77
3731.56	190.213
3732.3	209.416
3733.04	187.439
3733.78	186.485
3734.52	186.717
3735.26	193.461
3736	180.102
3736.74	181.771
3737.48	174.102
3738.22	175.584
3738.96	177.06
3739.7	184.749
3740.44	180.147
3741.18	172.338
3741.91	170.794
3742.65	168.639
3743.39	181.224
3744.13	183.404
3744.87	182.744
3745.61	173.079
3746.34	165.863
3747.08	179.199
3747.82	165.737
3748.56	159.647
3749.3	167.281
3750.03	172.674
3750.77	177.797
3751.51	168.267
3752.25	171.336
3752.98	165.952
3753.72	164.371
3754.46	155.169
3755.19	155.158
3755.93	161.034
3756.67	163.356
3757.41	168.657
3758.14	155.967
3758.88	167.402
3759.61	163.49
3760.35	160.537
3761.09	155.423
3761.82	151.756
3762.56	160.759
3763.29	164.832
3764.03	159.468
3764.77	159.787
3765.5	153.168
3766.24	156.407
3766.97	160.411
3767.71	161.307
3768.44	160.483
3769.18	150.922
3769.91	148.982
3770.65	145.918
3771.38	146.701
3772.12	144.155
3772.85	148.532
3773.59	142.588
3774.32	154.711
3775.05	157.092
3775.79	146.732
3776.52	148.446
3777.26	158.207
3777.99	154.712
3778.72	156.248
3779.46	152.879
3780.19	138.552
3780.93	147.268
3781.66	151.648
3782.39	149.553
3782.77	154
3783.51	145
3784.25	132
3784.98	145
3785.72	142
3786.46	151
3787.19	145
3787.93	151
3788.67	140
3789.4	154
3790.14	151
3790.88	140
3791.61	158
3792.35	147
3793.08	148
3793.82	150
3794.56	146
3795.29	146
3796.03	136
3796.76	141
3797.5	134
3798.23	131
3798.97	158
3799.7	133
3800.44	145
3801.17	166
3801.91	144
3802.64	142
3803.38	151
3804.11	146
3804.85	148
3805.58	133
3806.32	142
3807.05	148
3807.79	140
3808.52	145
3809.25	135
3809.99	150
3810.72	147
3811.45	147
3812.19	137
3812.92	149
3813.65	148
3814.39	149
3815.12	136
3815.85	139
3816.59	130
3817.32	160
3818.05	150
3818.78	140
3819.52	145
3820.25	141
3820.98	137
3821.71	146
3822.45	140
3823.18	153
3823.91	147
3824.64	135
3825.37	146
3826.11	138
3826.84	141
3827.57	144
3828.3	145
3829.03	134
3829.76	152
3830.49	142
3831.22	137
3831.96	141
3832.69	150
3833.42	137
3834.15	126
3834.88	137
3835.61	147
3836.34	135
3837.07	142
3837.8	147
3838.53	138
3839.26	137
3839.99	154
3840.72	151
3841.45	137
3842.18	150
3842.91	129
3843.64	143
3844.37	133
3845.09	135
3845.82	128
3846.55	146
3847.28	148
3848.01	148
3848.74	135
3849.47	133
3850.2	130
3850.92	135
3851.65	145
3852.38	145
3853.11	132
3853.84	147
3854.56	148
3855.29	119
3856.02	134
3856.75	141
3857.48	143
3858.2	130
3858.93	147
3859.66	133
3860.38	132
3861.11	148
3861.84	132
3862.56	125
3863.29	120
3864.02	126
3864.74	122
3865.47	150
3866.2	145
3866.92	143
3867.65	128
3868.38	139
3869.1	124
3869.83	130
3870.55	117
3871.28	120
3872	130
3872.73	132
3873.45	129
3874.18	143
3874.91	133
3875.63	122
3876.36	140
3877.08	144
3877.81	126
3878.53	137
3879.25	132
3879.98	143
3880.7	126
3881.43	125
3882.15	127
3882.88	141
3883.6	142
3884.32	146
3885.05	137
3885.77	132
3886.5	121
3887.22	132
3887.94	135
3888.67	126
3889.39	136
3890.11	148
3890.83	121
3891.56	129
3892.28	128
3893	118
3893.73	126
3894.45	127
3895.17	133
3895.89	142
3896.62	129
3897.34	130
3898.06	137
3898.78	142
3899.5	118
3900.23	139
3900.95	142
3901.67	119
3902.39	128
3903.11	133
3903.83	147
3904.55	142
3905.28	118
3906	128
3906.72	141
3907.44	139
3908.16	127
3908.88	122
3909.6	138
3910.32	136
3911.04	142
3911.76	122
3912.48	135
3913.2	132
3913.92	130
3914.64	138
3915.36	136
3916.08	138
3916.8	141
3917.52	134
3918.24	124
3918.96	129
3919.68	129
3920.4	153
3921.12	139
3921.84	120
3922.55	132
3923.27	128
3923.99	140
3924.71	132
3925.43	132
3926.15	138
3926.87	149
3927.58	121
3928.3	131
3929.02	128
3929.74	136
3930.46	132
3931.17	124
3931.89	147
3932.61	132
3933.33	132
3934.04	132
3934.76	107
3935.48	122
3936.2	124
3936.91	115
3937.63	132
3938.35	114
3939.06	147
3939.78	121
3940.49	134
3941.21	134
3941.93	140
3942.64	125
3943.36	131
3944.08	132
3944.79	135
3945.51	116
3946.22	119
3946.94	127
3947.65	127
3948.37	124
3949.09	124
3949.8	137
3950.52	123
3951.23	128
3951.95	128
3952.66	133
3953.38	129
3954.09	128
3954.8	120
3955.52	131
3956.23	134
3956.95	125
3957.66	131
3958.38	130
3959.09	132
3959.8	127
3960.52	132
3961.23	124
3961.95	109
3962.66	121
3963.37	134
3964.09	124
3964.8	129
3965.51	132
3966.23	122
3966.94	129
3967.65	124
3968.36	138
3969.08	136
3969.79	123
3970.5	128
3971.21	133
3971.93	118
3972.64	119
3973.35	135
3974.06	134
3974.78	143
3975.49	134
3976.2	141
3976.91	130
3977.62	136
3978.33	126
3979.04	132
3979.76	113
3980.47	151
3981.18	128
3981.89	133
3982.6	123
3983.31	140
3984.02	130
3984.73	125
3985.44	132
3986.15	111
3986.86	131
3987.57	127
3988.28	121
3988.99	116
3989.7	135
3990.41	113
3991.12	129
3991.83	137
3992.54	125
3993.25	121
3993.96	129
3994.67	117
3995.38	128
3996.09	126
3996.8	137
3997.51	117
3998.22	142
3998.93	132
3999.63	128
