100.898	11366
102.73	11001
104.561	10884
106.393	10808
108.226	10673
110.056	10644
111.886	10421
113.716	10305
115.548	10254
117.377	10194
119.206	10052
121.034	9949
122.864	9831
124.692	9832
126.519	9639
128.346	9615
130.173	9658
132.001	9515
133.827	9520
135.653	9486
137.478	9386
139.303	9369
141.127	9353
142.953	9393
144.777	9282
146.601	9258
148.424	9238
150.246	9313
152.069	9104
153.891	9141
155.712	9155
157.533	9067
159.356	9082
161.177	9043
162.997	8909
164.817	8770
166.636	8733
168.456	8756
170.274	8674
172.093	8503
173.911	8417
175.729	8356
177.546	8205
179.363	8080
181.179	8128
182.996	8013
184.812	7872
186.627	7831
188.442	7695
190.257	7696
192.072	7604
193.886	7413
195.7	7385
197.513	7188
199.326	7142
201.139	7070
202.951	6871
204.763	6900
206.575	6809
208.384	6622
210.195	6523
212.006	6432
213.816	6308
215.626	6291
217.436	6245
219.245	6032
221.054	5841
222.862	5863
224.668	5682
226.476	5635
228.284	5592
230.091	5476
231.897	5436
233.704	5423
235.508	5330
237.313	5257
239.119	5171
240.924	5092
242.728	4980
244.53	4943
246.334	4871
248.138	4832
249.941	4707
251.744	4755
253.545	4756
255.347	4639
257.148	4606
258.95	4427
260.749	4465
262.55	4421
264.35	4252
266.148	4266
267.948	4273
269.747	4148
271.546	4130
273.343	4065
275.141	4083
276.939	4094
278.735	4016
280.532	3884
282.329	3798
284.123	3914
285.92	3757
287.713	3706
289.509	3737
291.304	3682
293.097	3619
294.891	3608
296.686	3579
298.477	3593
300.271	3600
302.062	3505
303.854	3480
305.645	3468
307.437	3510
309.229	3485
311.018	3494
312.809	3393
314.597	3392
316.388	3386
318.176	3357
319.965	3397
321.752	3339
323.541	3450
325.328	3385
327.116	3468
328.902	3351
330.689	3460
332.475	3428
334.261	3354
336.046	3352
337.832	3421
339.616	3410
341.399	3356
343.184	3362
344.967	3338
346.751	3357
348.534	3343
350.317	3324
352.099	3397
353.88	3362
355.662	3340
357.443	3358
359.223	3415
361.004	3335
362.783	3334
364.564	3293
366.343	3305
368.121	3316
369.901	3327
371.679	3325
373.456	3318
375.233	3365
377.011	3340
378.788	3294
380.563	3359
382.341	3398
384.116	3376
385.891	3322
387.667	3348
389.442	3341
391.215	3334
392.989	3361
394.764	3392
396.537	3373
398.309	3417
400.081	3499
401.853	3406
403.626	3474
405.397	3361
407.168	3372
408.938	3411
410.708	3341
412.48	3434
414.249	3388
416.018	3381
417.787	3375
419.555	3335
421.323	3359
423.091	3361
424.86	3358
426.627	3373
428.394	3342
430.16	3354
431.926	3299
433.692	3356
435.457	3253
437.222	3307
438.986	3270
440.751	3320
442.515	3293
444.28	3274
446.043	3261
447.806	3301
449.569	3351
451.331	3299
453.093	3275
454.854	3280
456.616	3219
458.376	3249
460.137	3279
461.897	3208
463.657	3235
465.416	3254
467.176	3370
468.934	3234
470.693	3264
472.449	3320
474.207	3290
475.964	3266
477.721	3283
479.478	3242
481.235	3191
482.991	3344
484.746	3259
486.502	3243
488.257	3334
490.012	3237
491.764	3199
493.518	3277
495.272	3293
497.025	3237
498.779	3232
500.531	3245
502.282	3327
504.034	3236
505.785	3300
507.537	3278
509.288	3355
511.039	3299
512.787	3206
514.537	3219
516.287	3215
518.036	3208
519.783	3226
521.532	3318
523.28	3142
525.029	3209
526.774	3215
528.522	3192
530.269	3198
532.015	3188
533.76	3226
535.506	3211
537.251	3181
538.995	3204
540.74	3153
542.485	3214
544.227	3091
545.971	3221
547.715	3205
549.456	3227
551.199	3202
552.942	3140
554.682	3160
556.424	3203
558.164	3188
559.905	3208
561.646	3176
563.385	3197
565.125	3144
566.863	3193
568.603	3106
570.341	3220
572.08	3169
573.818	3219
575.555	3068
577.293	3112
579.028	3206
580.766	3124
582.501	3196
584.238	3160
585.972	3164
587.708	3125
589.442	3059
591.177	3123
592.91	3142
594.645	3094
596.377	3152
598.112	3081
599.843	3112
601.575	3072
603.308	3154
605.039	3086
606.771	3087
608.501	3055
610.233	3082
611.962	3057
613.691	3029
615.422	3062
617.151	3027
618.879	3003
620.609	3054
622.336	3063
624.063	3012
625.792	3007
627.518	3025
629.245	2996
630.972	3065
632.698	2995
634.423	3028
636.15	3040
637.874	3088
639.599	3057
641.324	3085
643.048	3098
644.771	3081
646.494	3032
648.219	3077
649.941	3029
651.663	3047
653.384	3074
655.107	3141
656.828	3131
658.549	3015
660.269	3045
661.989	3073
663.709	3108
665.43	3075
667.149	3079
668.868	3088
670.586	3089
672.304	3123
674.021	3094
675.741	3096
677.458	3068
679.174	3056
680.891	3038
682.607	3103
684.323	3073
686.038	3022
687.753	3031
689.468	2985
691.182	3075
692.898	3076
694.612	2978
696.325	3006
698.038	2953
699.751	2989
701.464	3002
703.176	3019
704.887	2950
706.599	3006
708.31	3032
710.021	3018
711.731	3027
713.442	2998
715.151	2952
716.861	2925
718.57	2966
720.279	3005
721.988	3035
723.694	2998
725.402	2963
727.109	2942
728.817	3017
730.523	2927
732.23	2934
733.936	2914
735.642	2958
737.348	2999
739.053	2904
740.756	2988
742.461	2956
744.165	2991
745.869	3024
747.573	2992
749.277	2992
750.978	3072
752.68	2987
754.383	3019
756.085	3051
757.787	2955
759.486	3001
761.187	3030
762.888	3031
764.589	3074
766.289	3039
767.987	3039
769.686	2978
771.385	3058
773.082	3012
774.781	3024
776.479	2970
778.177	2956
779.873	2990
781.57	3039
783.267	2966
784.962	2987
786.658	2970
788.354	2908
790.048	2948
791.743	2923
793.438	2964
795.131	2930
796.826	2902
798.52	2954
800.211	2891
801.905	2898
803.596	2856
805.289	2919
806.981	2930
808.672	2883
810.364	2914
812.053	2892
813.744	2859
815.433	2856
817.124	2844
818.812	2876
820.502	2881
822.19	2837
823.879	2880
825.566	2876
827.255	2826
828.941	2859
830.629	2877
832.315	2835
834.003	2862
835.688	2866
837.375	2924
839.059	2992
840.745	2979
842.429	2872
844.113	2919
845.798	2823
847.481	2851
849.165	2837
850.848	2925
852.53	2881
854.213	2863
855.895	2850
857.578	2917
859.258	2890
860.939	2892
862.621	2882
864.301	2836
865.98	2853
867.661	2840
869.34	2813
871.018	2844
872.697	2769
874.377	2771
876.054	2825
877.731	2819
879.41	2720
881.087	2718
882.763	2805
884.439	2733
886.117	2791
887.792	2758
889.467	2722
891.142	2712
892.816	2709
894.492	2701
896.166	2624
897.84	2621
899.513	2604
901.186	2654
902.86	2698
904.533	2576
906.205	2545
907.876	2597
909.547	2583
911.218	2612
912.889	2572
914.559	2525
916.231	2584
917.901	2563
919.571	2605
921.24	2515
922.909	2593
924.577	2569
926.245	2595
927.913	2539
929.581	2542
931.248	2603
932.915	2574
934.581	2580
936.248	2569
937.914	2552
939.579	2569
941.245	2583
942.91	2522
944.575	2560
946.239	2588
947.903	2594
949.567	2540
951.231	2558
952.894	2576
954.557	2578
956.219	2638
957.882	2603
959.544	2633
961.203	2605
962.865	2589
964.526	2599
966.186	2587
967.847	2574
969.507	2579
971.167	2641
972.826	2619
974.483	2596
976.142	2528
977.801	2623
979.459	2626
981.117	2531
982.773	2570
984.43	2596
986.087	2517
987.744	2570
989.4	2553
991.054	2529
992.71	2533
994.366	2542
996.021	2526
997.674	2487
999.328	2493
1000.98	2431
1002.63	2521
1004.29	2471
1005.94	2453
1007.59	2478
1009.25	2422
1010.9	2400
1012.55	2475
1014.2	2493
1015.85	2466
1017.5	2448
1019.15	2410
1020.8	2421
1022.45	2436
1024.1	2399
1025.75	2463
1027.4	2479
1029.05	2386
1030.69	2419
1032.34	2462
1033.99	2404
1035.64	2424
1037.28	2414
1038.93	2390
1040.57	2463
1042.22	2398
1043.87	2433
1045.51	2442
1047.16	2473
1048.8	2432
1050.44	2448
1052.09	2404
1053.73	2412
1055.37	2377
1057.02	2424
1058.66	2416
1060.3	2505
1061.94	2421
1063.58	2477
1065.23	2446
1066.87	2446
1068.51	2462
1070.15	2359
1071.79	2484
1073.43	2481
1075.07	2479
1076.7	2495
1078.34	2470
1079.98	2506
1081.62	2465
1083.26	2413
1084.9	2471
1086.53	2438
1088.17	2477
1089.81	2471
1091.44	2424
1093.08	2511
1094.71	2441
1096.35	2447
1097.98	2430
1099.62	2466
1101.25	2440
1102.89	2470
1104.52	2507
1106.15	2411
1107.79	2379
1109.42	2469
1111.05	2409
1112.68	2406
1114.31	2353
1115.95	2389
1117.58	2333
1119.21	2382
1120.84	2391
1122.47	2360
1124.1	2337
1125.73	2336
1127.36	2299
1128.98	2366
1130.61	2283
1132.24	2321
1133.87	2367
1135.5	2327
1137.12	2337
1138.75	2331
1140.38	2282
1142	2303
1143.63	2344
1145.26	2346
1146.88	2354
1148.51	2322
1150.13	2337
1151.76	2262
1153.38	2344
1155	2375
1156.63	2341
1158.25	2300
1159.87	2322
1161.5	2345
1163.12	2358
1164.74	2400
1166.36	2334
1167.98	2364
1169.6	2380
1171.22	2319
1172.84	2383
1174.46	2398
1176.08	2414
1177.7	2370
1179.32	2374
1180.94	2356
1182.56	2436
1184.18	2394
1185.8	2416
1187.41	2400
1189.03	2382
1190.65	2377
1192.26	2386
1193.88	2452
1195.5	2415
1197.11	2366
1198.73	2447
1200.34	2377
1201.96	2385
1203.57	2361
1205.19	2408
1206.8	2411
1208.41	2408
1210.03	2369
1211.64	2458
1213.25	2396
1214.86	2400
1216.48	2424
1218.09	2370
1219.7	2404
1221.31	2314
1222.92	2349
1224.53	2384
1226.14	2283
1227.75	2311
1229.36	2301
1230.97	2282
1232.58	2318
1234.19	2318
1235.79	2330
1237.4	2329
1239.01	2257
1240.62	2313
1242.23	2251
1243.83	2309
1245.44	2287
1247.04	2246
1248.65	2286
1250.25	2202
1251.86	2302
1253.46	2248
1255.07	2284
1256.67	2303
1258.28	2273
1259.88	2312
1261.48	2283
1263.09	2241
1264.69	2262
1266.29	2210
1267.89	2244
1269.5	2283
1271.1	2289
1272.7	2257
1274.3	2252
1275.9	2292
1277.5	2246
1279.1	2351
1280.7	2310
1282.3	2273
1283.9	2272
1285.5	2302
1287.09	2292
1288.69	2333
1290.29	2280
1291.89	2326
1293.48	2372
1295.08	2329
1296.68	2340
1298.27	2295
1299.87	2300
1301.47	2331
1303.06	2341
1304.66	2337
1306.25	2312.5
1307.85	2288
1309.44	2397
1311.03	2340
1312.63	2385
1314.22	2222
1315.81	2326
1317.4	2319
1319	2354
1320.59	2315
1322.18	2301
1323.77	2335
1325.36	2369
1326.95	2260
1328.54	2334
1330.13	2361
1331.72	2340
1333.31	2306
1334.9	2332
1336.49	2289
1338.08	2275
1339.67	2326
1341.26	2354
1342.84	2275
1344.43	2281
1346.02	2243
1347.6	2267
1349.19	2276
1350.78	2324
1352.36	2276
1353.95	2263
1355.53	2161
1357.12	2252
1358.7	2249
1360.29	2245
1361.87	2260
1363.46	2237
1365.04	2210
1366.62	2299
1368.2	2210
1369.79	2196
1371.37	2201
1372.95	2186
1374.53	2214
1376.11	2264
1377.69	2239
1379.28	2206
1380.85	2242
1382.43	2229
1384.01	2220
1385.59	2239
1387.17	2222
1388.75	2263
1390.33	2205
1391.91	2210
1393.49	2235
1395.07	2285
1396.64	2266
1398.22	2275
1399.8	2288
1401.37	2200
1402.95	2326
1404.52	2295
1406.1	2340
1407.68	2275
1409.25	2240
1410.82	2262
1412.4	2270
1413.97	2246
1415.55	2279
1417.12	2281
1418.69	2280
1420.27	2296
1421.84	2301
1423.41	2261
1424.98	2342
1426.55	2344
1428.13	2258
1429.7	2338
1431.27	2283
1432.84	2275
1434.41	2303
1435.98	2328
1437.55	2281
1439.12	2277
1440.69	2328
1442.25	2309
1443.82	2317
1445.39	2293
1446.96	2365
1448.52	2330
1450.09	2278
1451.66	2292
1453.23	2310
1454.79	2273
1456.36	2307
1457.92	2289
1459.49	2262
1461.05	2238
1462.62	2253
1464.18	2310
1465.75	2279
1467.31	2215
1468.87	2272
1470.44	2211
1472	2182
1473.56	2262
1475.13	2281
1476.69	2278
1478.25	2307
1479.81	2225
1481.37	2207
1482.93	2238
1484.49	2252
1486.05	2275
1487.61	2236
1489.17	2269
1490.73	2218
1492.29	2176
1493.85	2208
1495.41	2249
1496.97	2207
1498.53	2228
1500.08	2175
1501.64	2227
1503.2	2228
1504.76	2178
1506.31	2240
1507.87	2257
1509.42	2280
1510.98	2284
1512.53	2197
1514.09	2265
1515.64	2286
1517.2	2252
1518.75	2316
1520.31	2300
1521.86	2293
1523.41	2296
1524.96	2323
1526.52	2324
1528.07	2324
1529.62	2297
1531.17	2285
1532.73	2308
1534.28	2351
1535.83	2348
1537.38	2293
1538.93	2386
1540.48	2378
1542.03	2318
1543.58	2413
1545.13	2332
1546.68	2354
1548.22	2325
1549.77	2337
1551.32	2425
1552.87	2404
1554.41	2399
1555.96	2454
1557.51	2452
1559.05	2415
1560.6	2543
1562.15	2479
1563.69	2454
1565.24	2485
1566.78	2418
1568.33	2452
1569.87	2457
1571.42	2442
1572.96	2441
1574.5	2458
1576.04	2542
1577.59	2457
1579.13	2449
1580.67	2504
1582.21	2496
1583.76	2528
1585.3	2529
1586.84	2536
1588.38	2533
1589.92	2539
1591.46	2603
1593	2490
1594.54	2611
1596.08	2503
1597.62	2606
1599.16	2638
1600.7	2591
1602.24	2605
1603.77	2596
1605.31	2648
1606.85	2648
1608.39	2613
1609.92	2672
1611.46	2685
1612.99	2649
1614.53	2702
1616.07	2707
1617.6	2754
1619.14	2755
1620.67	2666
1622.21	2752
1623.74	2795
1625.27	2759
1626.81	2749
1628.34	2826
1629.87	2778
1631.41	2713
1632.94	2799
1634.47	2807
1636	2813
1637.53	2877
1639.07	2870
1640.6	2832
1642.13	2824
1643.66	2820
1645.19	2771
1646.72	2849
1648.25	2816.25
1649.78	2782.26
1651.31	2818.47
1652.83	2797.8
1654.36	2815.79
1655.89	2729.78
1657.42	2715.85
1658.95	2816.14
1660.47	2767.13
1662	2745.35
1663.53	2780.24
1665.05	2826.7
1666.58	2733.32
1668.11	2748
1669.63	2720.42
1671.16	2740.06
1672.68	2813.45
1674.21	2698.25
1675.73	2708.38
1677.25	2696.09
1678.78	2670.47
1680.3	2663.14
1681.83	2693.24
1683.35	2717.34
1684.87	2617.5
1686.39	2639.59
1687.92	2627.89
1689.44	2626.2
1690.96	2565.62
1692.48	2582.61
1694	2571.76
1695.52	2618.51
1697.04	2559.16
1698.56	2553.43
1700.08	2525.84
1701.6	2535.26
1703.12	2544.46
1704.64	2491.76
1706.16	2475.33
1707.68	2473.38
1709.19	2456.33
1710.71	2488.45
1712.23	2471.29
1713.75	2455.9
1715.26	2449.34
1716.78	2415.41
1718.3	2406.07
1719.81	2466.83
1721.33	2407.5
1722.84	2393.91
1724.36	2429.84
1725.87	2397.33
1727.39	2411.42
1728.9	2384.97
1730.42	2368.01
1731.93	2385.68
1733.44	2348.04
1734.96	2406.58
1736.47	2390.13
1737.98	2364.47
1739.49	2409.15
1741.01	2380.87
1742.52	2346.64
1744.03	2373.91
1745.54	2358.84
1747.05	2347.02
1748.56	2368.73
1750.07	2357.91
1751.58	2353.24
1753.09	2338.62
1754.6	2378.18
1756.11	2400.9
1757.62	2361.75
1759.13	2356
1760.64	2397.44
1762.15	2443.63
1763.65	2368.07
1765.16	2388.26
1766.67	2422.12
1768.18	2372.4
1769.68	2449.36
1771.19	2441.54
1772.7	2471.2
1774.2	2436.99
1775.71	2446.49
1777.21	2382.73
1778.72	2450.36
1780.22	2460.74
1781.73	2411.05
1783.23	2409.2
1784.73	2402.07
1786.24	2412.93
1787.74	2439.22
1789.24	2449.87
1790.75	2467.81
1792.25	2452.87
1793.75	2465.79
1795.25	2522.59
1796.75	2451.89
1798.26	2545.78
1798.36	2554
1799.86	2459
1801.37	2420
1802.88	2456
1804.39	2468
1805.89	2460
1807.4	2504
1808.91	2441
1810.41	2412
1811.92	2473
1813.42	2357
1814.93	2502
1816.43	2381
1817.93	2433
1819.44	2384
1820.94	2407
1822.45	2475
1823.95	2425
1825.45	2362
1826.95	2455
1828.46	2416
1829.96	2434
1831.46	2462
1832.96	2418
1834.46	2396
1835.97	2430
1837.47	2412
1838.97	2361
1840.47	2431
1841.97	2442
1843.47	2393
1844.97	2380
1846.47	2344
1847.96	2384
1849.46	2404
1850.96	2400
1852.46	2392
1853.96	2324
1855.45	2375
1856.95	2391
1858.45	2419
1859.94	2367
1861.44	2410
1862.94	2375
1864.43	2407
1865.93	2326
1867.42	2393
1868.92	2401
1870.41	2423
1871.91	2417.5
1873.4	2412
1874.89	2385
1876.39	2403
1877.88	2462
1879.37	2406
1880.87	2380
1882.36	2443
1883.85	2460
1885.34	2487
1886.83	2416
1888.33	2486
1889.82	2487.5
1891.31	2489
1892.8	2510
1894.29	2460
1895.78	2450
1897.27	2515
1898.76	2481
1900.25	2524
1901.73	2477
1903.22	2522
1904.71	2554
1906.2	2547
1907.69	2485
1909.17	2529
1910.66	2505
1912.15	2499
1913.64	2584
1915.12	2592
1916.61	2604
1918.09	2600
1919.58	2620
1921.06	2530
1922.55	2596
1924.03	2547
1925.52	2530
1927	2570
1928.49	2564
1929.97	2654
1931.45	2572
1932.94	2615
1934.42	2588
1935.9	2567
1937.39	2633
1938.87	2614
1940.35	2611
1941.83	2618
1943.31	2600
1944.79	2596
1946.27	2693
1947.75	2675
1949.23	2612
1950.71	2586
1952.19	2626
1953.67	2621
1955.15	2596
1956.63	2613
1958.11	2580
1959.58	2597
1961.06	2556
1962.54	2607
1964.02	2647
1965.49	2585
1966.97	2638
1968.45	2584
1969.93	2594
1971.4	2584
1972.88	2620
1974.35	2591
1975.83	2623
1977.3	2578
1978.78	2563
1980.25	2579
1981.72	2608
1983.2	2599
1984.67	2545
1986.15	2561
1987.62	2530
1989.09	2616
1990.56	2584
1992.04	2588
1993.51	2610
1994.98	2640
1996.45	2589
1997.92	2611
1999.39	2607
2000.86	2618
2002.33	2646
2003.8	2565
2005.27	2614
2006.74	2565
2008.21	2623
2009.68	2629
2011.15	2580
2012.62	2650
2014.09	2680
2015.55	2630
2017.02	2620
2018.49	2635
2019.96	2629
2021.42	2606
2022.89	2600
2024.36	2695
2025.82	2684
2027.29	2688
2028.75	2628
2030.22	2606
2031.68	2697
2033.15	2671
2034.61	2743
2036.08	2714
2037.54	2618
2039	2692
2040.47	2626
2041.93	2733
2043.39	2688
2044.86	2723
2046.32	2783
2047.78	2674
2049.24	2732
2050.7	2700
2052.16	2675
2053.62	2802
2055.08	2667
2056.54	2734
2058	2751
2059.46	2704
2060.92	2696
2062.38	2709
2063.84	2738
2065.3	2710
2066.76	2752
2068.22	2690
2069.68	2692
2071.13	2667
2072.59	2700
2074.05	2737
2075.51	2736
2076.96	2712
2078.42	2687
2079.87	2672
2081.33	2684
2082.79	2709
2084.24	2671
2085.7	2674
2087.15	2721
2088.61	2627
2090.06	2674
2091.51	2694
2092.97	2723
2094.42	2688
2095.87	2663
2097.33	2617
2098.78	2672
2100.23	2658
2101.68	2656
2103.14	2649
2104.59	2686
2106.04	2667
2107.49	2592
2108.94	2577
2110.39	2644
2111.84	2608
2113.29	2573
2114.74	2587
2116.19	2588
2117.64	2547
2119.09	2570
2120.54	2536
2121.99	2560
2123.43	2568
2124.88	2583
2126.33	2560
2127.78	2574
2129.22	2542
2130.67	2530
2132.12	2578
2133.56	2540
2135.01	2533
2136.46	2559
2137.9	2513
2139.35	2611
2140.79	2479
2142.23	2520
2143.68	2498
2145.12	2513
2146.57	2555
2148.01	2528
2149.45	2565
2150.9	2456
2152.34	2478
2153.78	2509
2155.22	2483
2156.67	2437
2158.11	2560
2159.55	2575
2160.99	2489
2162.43	2476
2163.87	2516
2165.31	2492
2166.76	2517
2168.19	2563
2169.63	2496
2171.07	2481
2172.51	2527
2173.95	2503
2175.39	2498
2176.83	2501
2178.27	2420
2179.71	2517
2181.14	2470
2182.58	2506
2184.02	2520
2185.45	2482
2186.89	2565
2188.33	2504
2189.76	2506
2191.2	2464
2192.63	2512
2194.07	2466
2195.5	2479
2196.94	2531
2198.37	2482
2199.81	2465
2201.24	2465
2202.67	2467
2204.11	2456
2205.54	2477
2206.97	2433
2208.41	2454
2209.84	2450
2211.27	2442
2212.7	2450
2214.13	2392
2215.57	2410
2217	2433
2218.43	2452
2219.86	2411
2221.29	2389
2222.72	2371
2224.15	2395
2225.58	2375
2227.01	2359
2228.44	2349
2229.86	2382
2231.29	2356
2232.72	2423
2234.15	2332
2235.58	2282
2237	2424
2238.43	2348
2239.86	2300
2241.29	2322
2242.71	2323
2244.14	2302
2245.56	2354
2246.99	2292
2248.42	2297
2249.84	2307
2251.27	2326
2252.69	2293
2254.11	2278
2255.54	2295
2256.96	2300
2258.39	2275
2259.81	2290
2261.23	2298
2262.66	2278
2264.08	2274
2265.5	2244
2266.92	2228
2268.34	2291
2269.76	2243
2271.19	2242
2272.61	2196
2274.03	2234
2275.45	2215
2276.87	2226
2278.29	2201
2279.71	2290
2281.13	2216
2282.55	2233
2283.96	2204
2285.38	2180
2286.8	2194
2288.22	2195
2289.64	2193
2291.06	2234
2292.47	2180
2293.89	2152
2295.31	2178
2296.72	2211
2298.14	2161
2299.56	2133
2300.97	2144
2302.39	2179
2303.8	2212
2305.22	2171
2306.63	2200
2308.05	2184
2309.46	2144
2310.88	2193
2312.29	2111
2313.7	2161
2315.12	2128
2316.53	2169
2317.94	2176
2319.35	2109
2320.77	2210
2322.18	2239
2323.59	2175
2325	2156
2326.41	2154
2327.82	2211
2329.24	2122
2330.65	2096
2332.06	2188
2333.47	2140
2334.88	2077
2336.28	2108
2337.69	2088
2339.1	2106
2340.51	2088
2341.92	2128
2343.33	2114
2344.74	2036
2346.14	2139
2347.55	2111
2348.96	2081
2350.37	2070
2351.77	2084
2353.18	2121
2354.58	2056
2355.99	2045
2357.4	2037
2358.8	2093
2360.21	2037
2361.61	2024
2363.02	1981
2364.42	2028
2365.82	2021
2367.23	2014
2368.63	2040
2370.04	2060
2371.44	2003
2372.84	2015
2374.25	1979
2375.65	2046
2377.05	1978
2378.45	2029
2379.85	2026
2381.25	1968
2382.66	2045
2384.06	2050
2385.46	1992
2386.86	2005
2388.26	2020
2389.66	1960
2391.06	1966
2392.46	1989
2393.85	2002
2395.25	1948
2396.65	1954
2398.05	1966
2399.45	1954
2400.85	1959
2402.24	1938
2403.64	1966
2405.04	1962
2406.44	1936
2407.83	2000
2409.23	2008
2410.62	1912
2412.02	1998
2413.41	1984
2414.81	1947
2416.21	1981
2417.6	2008
2419	1968
2420.39	1982
2421.78	1964
2423.18	2006
2424.57	1955
2425.96	1916
2427.36	2037
2428.75	1980
2430.14	1952
2431.53	2034
2432.93	2003
2434.32	1969
2435.71	2042
2437.1	1964
2438.49	2010
2439.88	1965
2441.27	2000
2442.66	2002
2444.05	1991
2445.44	1955
2446.83	1996
2448.22	1974
2449.61	1986
2451	2013
2452.39	1984
2453.78	1967
2455.16	2000
2456.55	1930
2457.94	1982
2459.33	1994
2460.72	1998
2462.1	1962
2463.49	2043
2464.87	1988
2466.26	1940
2467.65	1998
2469.03	1992
2470.42	2046
2471.8	1943
2473.19	1988
2474.57	1992
2475.96	1972
2477.34	1978
2478.72	2004
2480.11	2037
2481.49	1944
2482.87	1963
2484.26	1939
2485.64	1940
2487.02	1957
2488.4	1966
2489.79	1994
2491.17	1988
2492.55	1955
2493.93	1993
2495.31	1919
2496.69	1910
2498.07	1905
2499.45	1930
2500.83	1886
2502.21	2003
2503.59	1919
2504.97	1868
2506.35	1897
2507.73	1927
2509.1	1926
2510.48	1917
2511.86	1898
2513.24	1941
2514.62	1915
2515.99	1983
2517.37	1932
2518.75	1909
2520.12	1971
2521.5	1873
2522.88	1887
2524.25	1901
2525.63	1939
2527	1968
2528.38	1915
2529.75	1907
2531.13	1941
2532.5	1900
2533.87	1930
2535.25	1878
2536.62	1931
2537.99	1876
2539.37	1908
2540.74	1972
2542.11	1911
2543.48	1931
2544.86	1901
2546.23	1890
2547.6	1922
2548.97	1889
2550.34	1871
2551.71	1900
2553.08	1909
2554.45	1947
2555.82	1871
2557.19	1937
2558.56	1922
2559.93	1938
2561.3	1944
2562.67	1902
2564.04	1882
2565.41	1966
2566.78	1893
2568.14	1937
2569.51	1924
2570.88	1928
2572.25	1905
2573.61	1907
2574.98	1894
2576.34	1874
2577.71	1887
2579.08	1913
2580.44	1897
2581.81	1884
2583.17	1869
2584.54	1932
2585.9	1923
2587.27	1910
2588.63	1887
2589.99	1886
2591.36	1901
2592.72	1928
2594.08	1955
2595.45	1888
2596.81	1902
2598.17	1878
2599.54	1953
2600.9	1945
2602.26	1930
2603.62	1849
2604.98	1957
2606.34	1925
2607.7	1899
2609.06	1916
2610.42	1900
2611.78	1890
2613.14	1924
2614.5	1861
2615.86	1916
2617.22	1862
2618.58	1851
2619.94	1851
2621.3	1897
2622.66	1886
2624.01	1820
2625.37	1870
2626.73	1916
2628.09	1902
2629.44	1851
2630.8	1842
2632.16	1905
2633.51	1857
2634.87	1861
2636.22	1894
2637.58	1856
2638.93	1819
2640.29	1834
2641.64	1913
2643	1853
2644.35	1852
2645.71	1890
2647.06	1816
2648.42	1835
2649.77	1879
2651.12	1777
2652.47	1898
2653.83	1815
2655.18	1878
2656.53	1837
2657.88	1838
2659.23	1851
2660.59	1856
2661.94	1822
2663.29	1857.5
2664.64	1893
2665.99	1909
2667.34	1884
2668.69	1889
2670.04	1867
2671.39	1819
2672.74	1833
2674.09	1867
2675.43	1847
2676.78	1854
2678.13	1850
2679.48	1795
2680.83	1849
2682.18	1938
2683.52	1844
2684.87	1908
2686.22	1911
2687.56	1879
2688.91	1832
2690.25	1872
2691.6	1940
2692.95	1885
2694.29	1891
2695.64	1899
2696.98	1861
2698.33	1888
2699.67	1869
2701.02	1845
2702.36	1848
2703.7	1835
2705.05	1846
2706.39	1894
2707.73	1865
2709.08	1876
2710.42	1929
2711.76	1847
2713.1	1920
2714.44	1905
2715.78	1859
2717.13	1857
2718.47	1885
2719.81	1950
2721.15	1868
2722.49	1844
2723.83	1890
2725.17	1965
2726.51	1887
2727.85	1902
2729.19	1855
2730.53	1864
2731.87	1942
2733.2	1879
2734.54	1909
2735.88	1941
2737.22	1940
2738.56	1884
2739.89	1891
2741.23	1876
2742.57	1895
2743.9	1895
2745.24	1892
2746.58	1856
2747.91	1868
2749.25	1849
2750.58	1918
2751.92	1905
2753.25	1886
2754.59	1896
2755.92	1843
2757.26	1955
2758.59	1905
2759.92	1904
2761.26	1878
2762.59	1895
2763.92	1856
2765.26	1889
2766.59	1895
2767.92	1903
2769.25	1931
2770.59	1924
2771.92	1873
2773.25	1864
2774.58	1960
2775.91	1869
2777.24	1883
2778.57	1910
2779.9	1885
2781.23	1885
2782.56	1926
2783.89	1880
2785.22	1891
2786.55	1934
2787.88	1904
2789.21	1895
2790.54	1918
2791.86	1892
2793.19	1927
2794.52	1935
2795.85	1977
2797.17	1930
2798.5	1884
2799.83	1929
2801.16	1901
2802.48	1991
2803.81	1956
2805.13	1958
2806.46	1895
2807.78	1923
2809.11	1986
2810.43	1921
2811.76	1945
2813.08	1952
2814.41	1995
2815.73	1990
2817.05	1923
2818.38	1951
2819.7	1955
2821.02	2027
2822.35	1996
2823.67	2016
2824.99	1974
2826.31	2037
2827.63	1999
2828.96	2046
2830.28	2058
2831.6	1980
2832.92	2047
2834.24	2046
2835.56	2042
2836.88	1987
2838.2	2045
2839.52	2077
2840.84	2076
2842.16	2106
2843.48	2026
2844.8	2134
2846.12	2112
2847.43	2096
2848.75	2096
2850.07	2154
2851.39	2116
2852.71	2182
2854.02	2125
2855.34	2107
2856.66	2120
2857.97	2158
2859.29	2115
2860.6	2173
2861.92	2156
2863.24	2259
2864.55	2190
2865.87	2210
2867.18	2296
2868.5	2238
2869.81	2243
2871.12	2247
2872.44	2259
2873.75	2280
2875.07	2347
2876.38	2317
2877.69	2307
2879.01	2320
2880.32	2268
2881.63	2340
2882.94	2340
2884.25	2339
2885.57	2393
2886.88	2378
2888.19	2387
2889.5	2352
2890.81	2387
2892.12	2428
2893.43	2401
2894.74	2416
2896.05	2444
2897.36	2478
2898.67	2436
2899.98	2418
2901.29	2466
2902.6	2472
2903.9	2451
2905.21	2473
2906.52	2499
2907.83	2474
2909.14	2522
2910.44	2553
2911.75	2540
2913.06	2548
2914.36	2491
2915.67	2592
2916.98	2547
2918.28	2539
2919.59	2581
2920.89	2609
2922.2	2640
2923.5	2632
2924.81	2707
2926.11	2630
2927.42	2664
2928.72	2702
2930.02	2694
2931.33	2644
2932.63	2689
2933.93	2760
2935.24	2786
2936.54	2762
2937.84	2772
2939.14	2845
2940.45	2880
2941.75	2812
2943.05	2858
2944.35	2848
2945.65	2918
2946.95	2997
2948.25	3023
2949.55	3055
2950.85	2955
2952.15	2984.37
2953.45	2988.89
2954.75	3119.69
2956.05	3071.42
2957.35	3180.08
2958.65	3201.54
2959.95	3213.43
2961.25	3241.85
2962.55	3269.9
2963.84	3373.4
2965.14	3324.4
2966.44	3347.75
2967.74	3331.04
2969.03	3417.22
2970.33	3426.46
2971.63	3489.02
2972.92	3528.77
2974.22	3515.33
2975.51	3581.44
2976.81	3588.48
2978.11	3576.14
2979.4	3582.79
2980.7	3680.3
2981.99	3736.38
2983.29	3726.69
2984.58	3765.7
2985.87	3858.69
2987.17	3887.68
2988.46	3871.92
2989.75	3984.63
2991.05	3950.37
2992.34	4018.51
2993.63	4083.21
2994.93	4079.8
2996.22	4152.61
2997.51	4190.99
2998.8	4237.75
3000.09	4272.57
3001.39	4310.53
3002.68	4384.18
3003.97	4399.07
3005.26	4497.86
3006.55	4573.17
3007.84	4610.24
3009.13	4595.16
3010.42	4649.71
3011.71	4703.14
3013	4791.57
3014.29	4845.99
3015.57	4880.2
3016.86	4969.9
3018.15	5068.38
3019.44	5047.73
3020.73	5087.76
3022.02	5166.57
3023.3	5267.98
3024.59	5303.19
3025.88	5237.51
3027.17	5377.65
3028.45	5467.47
3029.74	5511.62
3031.02	5564.79
3032.31	5691.52
3033.59	5752.97
3034.88	5781.7
3036.17	5868.91
3037.45	5927.19
3038.74	6007.19
3040.02	6064.27
3041.31	6170.7
3042.59	6211.25
3043.87	6204.45
3045.16	6383.88
3046.44	6434.5
3047.72	6522.79
3049.01	6622.94
3050.29	6664.2
3051.57	6794.82
3052.85	6839.87
3054.14	6908.18
3055.42	7012.63
3056.7	7063.83
3057.98	7209.3
3059.26	7258.78
3060.54	7417.14
3061.83	7462.29
3063.11	7580.21
3064.39	7680.7
3065.67	7839.27
3066.95	7924.75
3068.23	8032.7
3069.51	8086.3
3070.79	8215.54
3072.06	8292.13
3073.34	8499.27
3074.62	8490.35
3075.9	8687.51
3077.18	8707.88
3078.46	8756.63
3079.73	9010.17
3081.01	9079.7
3082.21	9155
3083.5	9263
3084.78	9429
3086.06	9539
3087.34	9769
3088.63	9809
3089.91	9991
3091.19	10086
3092.47	10240
3093.75	10395
3095.03	10333
3096.31	10486
3097.59	10708
3098.88	10703
3100.16	10975
3101.44	11101
3102.72	11362
3104	11368
3105.27	11563
3106.55	11616
3107.83	11712
3109.11	11887
3110.39	12046
3111.67	12209
3112.95	12280
3114.22	12417
3115.5	12569
3116.78	12632
3118.06	12797
3119.33	12957
3120.61	13129
3121.88	13293
3123.16	13502
3124.44	13746
3125.71	13893
3126.99	14004
3128.26	14175
3129.54	14334
3130.81	14501
3132.09	14707
3133.36	14763
3134.64	14993
3135.91	15123
3137.19	15219
3138.46	15444
3139.73	15522
3141.01	15842
3142.28	15974
3143.55	16137
3144.82	16300
3146.1	16413
3147.37	16506
3148.64	16772
3149.91	16937
3151.18	17121
3152.45	17262
3153.73	17423
3155	17710
3156.27	17925
3157.54	17886
3158.81	18025.5
3160.08	18165
3161.35	18478
3162.62	18627
3163.89	18652
3165.15	18860
3166.42	19033
3167.69	19225
3168.96	19352
3170.23	19630
3171.5	19647
3172.76	19650
3174.03	19865
3175.3	20175
3176.57	20390
3177.83	20396
3179.1	20626
3180.37	20664
3181.63	20758
3182.9	20989
3184.16	21069
3185.43	21303
3186.69	21324
3187.96	21754
3189.22	21741
3190.49	21902
3191.75	21951
3193.02	21849
3194.28	22099
3195.55	22204
3196.81	22387
3198.07	22453
3199.34	22848
3200.6	22752
3201.86	22656
3203.12	23109
3204.39	23011
3205.65	23194
3206.91	23406
3208.17	23372
3209.43	23473
3210.69	23512
3211.96	23445
3213.22	23657
3214.48	23641
3215.74	23926
3217	23883
3218.26	23952
3219.52	24176
3220.78	23951
3222.04	24043
3223.3	24332
3224.55	24185
3225.81	24305
3227.07	24384
3228.33	24542
3229.59	24450
3230.84	24818
3232.1	24524
3233.36	24629
3234.62	24859
3235.87	24821
3237.13	24647
3238.39	24785
3239.64	24838
3240.9	25047
3242.15	24869
3243.41	24935
3244.67	24886
3245.92	25065
3247.18	25067
3248.43	25137
3249.69	25188
3250.94	25220
3252.19	25002
3253.45	25225
3254.7	25168
3255.95	25170
3257.21	25306
3258.46	25301
3259.72	25361
3260.97	25439
3262.22	25352
3263.47	25288
3264.72	25415
3265.98	25562
3267.23	25234
3268.48	25491
3269.73	25321
3270.98	25328
3272.23	25258
3273.48	25389
3274.73	25364
3275.98	25599
3277.23	25604
3278.48	25431
3279.73	25430
3280.98	25449
3282.23	25616
3283.48	25576
3284.73	25401
3285.98	25508
3287.22	25533
3288.47	25494
3289.72	25470
3290.97	25595
3292.21	25706
3293.46	25519
3294.71	25486
3295.96	25354
3297.2	25646
3298.45	25351
3299.69	25479
3300.94	25561
3302.19	25709
3303.43	25640
3304.68	25633
3305.92	25562
3307.17	25793
3308.41	25449
3309.66	25612
3310.9	25658
3312.14	25697
3313.39	25439
3314.63	25551
3315.87	25621
3317.12	25697
3318.36	25944
3319.6	25894
3320.84	25772
3322.09	25881
3323.33	25879
3324.57	25858
3325.81	25768
3327.05	25800
3328.29	25891
3329.54	26389
3330.78	26065
3332.02	25984
3333.26	26021
3334.5	26267
3335.74	26151
3336.98	26090
3338.22	26191
3339.46	26115
3340.69	25992
3341.93	26261
3343.17	26350
3344.41	26448
3345.65	26306
3346.89	26751
3348.12	26416
3349.36	26387
3350.6	26864
3351.84	26894
3353.07	26616
3354.31	26558
3355.55	26969
3356.78	27063
3358.02	26993
3359.26	26942
3360.49	26927
3361.73	27143
3362.96	27009
3364.2	27089
3365.43	27032
3366.67	27223
3367.9	27376
3369.14	27306
3370.37	27245
3371.6	27549
3372.84	27223
3374.07	27397
3375.3	27724
3376.54	27659
3377.77	27649
3379	27677
3380.24	27638
3381.47	27808
3382.7	27642
3383.93	27972
3385.16	28114
3386.39	28074
3387.62	27986
3388.86	28143
3390.09	27942
3391.32	28013
3392.55	28178
3393.78	28191
3395.01	28332
3396.24	28112
3397.47	28244
3398.7	28111
3399.93	28342
3401.15	28235
3402.38	28127
3403.61	28351
3404.84	28194
3406.07	28257
3407.29	28334
3408.52	28380
3409.75	28310
3410.98	28307
3412.2	28229
3413.43	28300
3414.66	28266
3415.88	28107
3417.11	28337
3418.34	28123
3419.56	28157
3420.79	28225
3422.01	28201
3423.24	28122
3424.46	28061
3425.69	27933
3426.91	28026
3428.14	27820
3429.36	27841
3430.58	27900
3431.81	27701
3433.03	27582
3434.25	27723
3435.48	27516
3436.7	27465
3437.92	27361
3439.15	27505
3440.37	27251
3441.59	27192
3442.81	27076
3444.03	27188
3445.25	27020
3446.48	26815
3447.7	26868
3448.92	26670
3450.14	26758
3451.36	26717
3452.58	26570
3453.8	26253
3455.02	26323
3456.24	26364
3457.46	26325
3458.68	25909
3459.89	25850
3461.11	25708
3462.33	25725
3463.55	25618
3464.77	25390
3465.99	25444
3467.2	25160
3468.42	25262
3469.64	25344
3470.86	24943
3472.07	24729
3473.29	24654
3474.51	24620
3475.72	24338
3476.94	24369
3478.15	24097
3479.37	24096
3480.59	23950
3481.8	23867
3483.02	23525
3484.23	23475
3485.45	23397
3486.66	23257
3487.87	23304
3489.09	22788
3490.3	22866
3491.52	22630
3492.73	22523
3493.94	22432
3495.15	22677
3496.37	22214
3497.58	22024
3498.79	21873
3500	21823
3501.22	21538
3502.43	21436
3503.64	21288
3504.85	21301
3506.06	20985
3507.27	21089
3508.48	20893
3509.69	20830
3510.91	20401
3512.12	20454
3513.32	20403
3514.53	20005
3515.74	20059
3516.95	19923
3518.16	19844
3519.37	19587
3520.58	19555
3521.79	19370
3523	19326
3524.21	19064
3525.41	19091
3526.62	18808
3527.83	18771
3529.04	18596
3530.24	18552
3531.45	18367
3532.66	18238
3533.86	17982
3535.07	18079
3536.27	17884
3537.48	17848
3538.69	17598
3539.89	17496
3541.1	17274
3542.3	17154
3543.51	17095
3544.71	17123
3545.92	16835
3547.12	16745
3548.32	16664
3549.53	16503
3550.73	16501
3551.94	16132
3553.14	16048
3554.34	16037
3555.54	15805
3556.75	15832
3557.95	15712
3559.15	15492
3560.35	15422
3561.56	15336
3562.76	15126
3563.96	15088
3565.16	15018
3566.36	14822
3567.56	14630
3568.76	14645
3569.96	14549
3571.16	14310
3572.36	14336
3573.56	14154
3574.76	14196
3575.96	14024
3577.16	13840
3578.36	13567
3579.56	13580
3580.76	13562
3581.96	13250
3583.15	13232
3584.35	13177
3585.55	13058
3586.75	12965
3587.95	12863
3589.14	12709
3590.34	12703
3591.54	12447
3592.73	12400
3593.93	12187
3595.13	12252
3596.32	12134
3597.52	12077
3598.71	11898
3599.91	12005
3601.1	11700
3602.3	11655
3603.49	11516
3604.69	11446
3605.88	11319
3607.08	11299
3608.27	11207
3609.46	11031
3610.66	11066
3611.85	10962
3613.04	10843
3614.24	10718
3615.43	10654
3616.62	10571
3617.81	10500
3619.01	10381
3620.2	10167
3621.39	10230
3622.58	10030
3623.77	9904
3624.97	9825
3626.16	9703
3627.35	9741
3628.54	9582
3629.73	9421
3630.92	9379
3632.11	9304
3633.3	9259
3634.49	9002
3635.68	8910
3636.87	8910
3638.06	8781
3639.24	8603
3640.43	8560
3641.62	8418
3642.81	8418
3644	8158
3645.19	8149
3646.37	8014
3647.56	7899
3648.75	7750
3649.94	7610
3651.12	7535
3652.31	7398
3653.5	7315
3654.68	7153
3655.87	7105
3657.05	6917
3658.24	6915
3659.42	6652
3660.61	6477
3661.79	6444
3662.98	6309
3664.16	6184
3665.35	5946
3666.53	5872
3667.72	5709
3668.9	5685
3670.08	5586
3671.27	5479
3672.45	5175
3673.63	5324
3674.82	5082
3676	4873
3677.18	4881
3678.36	4728
3679.55	4637
3680.73	4530
3681.91	4420
3683.09	4326
3684.27	4130
3685.45	4074
3686.63	4076
3687.82	3948
3689	3976
3690.18	3788
3691.36	3646
3692.54	3659
3693.72	3585
3694.9	3502
3696.07	3344
3697.25	3323
3698.43	3277
3699.61	3246
3700.79	3117
3701.97	3112
3703.15	3073
3704.32	2898
3705.5	2860
3706.68	2913
3707.86	2756
3709.03	2760
3710.21	2624
3711.39	2686
3712.57	2635
3713.74	2532
3714.92	2562
3716.09	2457
3717.27	2454
3718.45	2432
3719.62	2394
3720.8	2372
3721.97	2308
3723.15	2269
3724.32	2210
3725.49	2221
3726.67	2255
3727.84	2212
3729.02	2134
3730.19	2096
3731.36	2111
3732.54	2027
3733.71	2054
3734.88	2051
3736.06	2042
3737.23	1979
3738.4	1973
3739.57	1942
3740.75	1882
3741.92	1859
3743.09	1853
3744.26	1834
3745.43	1892
3746.6	1793
3747.77	1797
3748.94	1737
3750.11	1794
3751.28	1764
3752.45	1797
3753.62	1715
3754.79	1732
3755.96	1755
3757.13	1757
3758.3	1702
3759.47	1694
3760.64	1686
3761.81	1597
3762.97	1600
3764.14	1651
3765.31	1609
3766.48	1667
3767.65	1536
3768.81	1610
3769.98	1577
3771.15	1595
3772.31	1533
3773.48	1540
3774.65	1574
3775.81	1542
3776.98	1509
3778.14	1535
3779.31	1488
3780.48	1525
3781.64	1508
3782.8	1442
3783.97	1543
3785.13	1441
3786.3	1485
3787.46	1512
3788.63	1485
3789.79	1456
3790.95	1494
3792.12	1449
3793.28	1429
3794.44	1475
3795.61	1435
3796.77	1441
3797.93	1441
3799.09	1428
3800.26	1425
3801.42	1438
3802.58	1426
3803.74	1402
3804.9	1416
3806.06	1420
3807.22	1391
3808.38	1345
3809.55	1317
3810.71	1394
3811.87	1363
3813.03	1384
3814.18	1374
3815.34	1385
3816.5	1368
3817.66	1353
3818.82	1395
3819.98	1362
3821.14	1329
3822.3	1411
3823.46	1337
3824.61	1375
3825.77	1372
3826.93	1294
3828.09	1332
3829.24	1368
3830.4	1341
3831.56	1358
3832.71	1333
3833.87	1310
3835.03	1335
3836.18	1304
3837.34	1366
3838.5	1349
3839.65	1341
3840.81	1330
3841.96	1312
3843.12	1320
3844.27	1294
3845.43	1349
3846.58	1325
3847.73	1294
3848.89	1348
3850.04	1333
3851.2	1334
3852.35	1313
3853.5	1339
3854.66	1332
3855.81	1319
3856.96	1335
3858.11	1327
3859.27	1316
3860.42	1295
3861.57	1373
3862.72	1361
3863.87	1299
3865.02	1275
3866.18	1290
3867.33	1279
3868.48	1279
3869.63	1313
3870.78	1298
3871.93	1267
3873.08	1321
3874.23	1273
3875.38	1318
3876.53	1253
3877.68	1270
3878.83	1264
3879.97	1298
3881.12	1319
3882.27	1297
3883.42	1305
3884.57	1301
3885.72	1348
3886.86	1278
3888.01	1297
3889.16	1317
3890.31	1290
3891.45	1300
3892.6	1333
3893.75	1292
3894.89	1339
3896.04	1325
3897.18	1299
3898.33	1324
3899.48	1305
3900.62	1274
3901.77	1313
3902.91	1272
3904.06	1325
3905.2	1264
3906.35	1282
3907.49	1336
3908.63	1327
3909.78	1313
3910.92	1301
3912.07	1344
3913.21	1294
3914.35	1259
3915.5	1350
3916.64	1333
3917.78	1279
3918.92	1303
3920.07	1311
3921.21	1299
3922.35	1317
3923.49	1317
3924.63	1307
3925.77	1294
3926.92	1320
3928.06	1325
3929.2	1319
3930.34	1339
3931.48	1313
3932.62	1346
3933.76	1312
3934.9	1346
3936.04	1299
3937.18	1303
3938.32	1327
3939.46	1335
3940.59	1325
3941.73	1311
3942.87	1350
3944.01	1309
3945.15	1339
3946.29	1321
3947.42	1321
3948.56	1329
3949.7	1354
3950.84	1325
3951.97	1287
3953.11	1339
3954.25	1331
3955.38	1316
3956.52	1317
3957.66	1335
3958.79	1357
3959.93	1268
3961.06	1334
3962.2	1305
3963.33	1336
3964.47	1284
3965.6	1288
3966.74	1360
3967.87	1317
3969.01	1343
3970.14	1311
3971.27	1339
3972.41	1310
3973.54	1278
3974.68	1303
3975.81	1299
3976.94	1313
3978.07	1304
3979.21	1324
3980.34	1300
3981.47	1343
3982.6	1328
3983.73	1369
3984.87	1336
3986	1285
3987.13	1298
3988.26	1279
3989.39	1265
3990.52	1340
3991.65	1334
3992.78	1302
3993.91	1347
3995.04	1275
3996.17	1232
3997.3	1346
3998.43	1310
3999.56	1267
