100.426	15654
101.709	15378
102.992	15613
104.275	15555
105.558	15410
106.841	15263
108.123	15331
109.405	15072
110.687	15114
111.969	14999
113.251	14868
114.532	14951
115.813	14830
117.094	14760
118.375	14669
119.655	14607
120.936	14694
122.216	14728
123.496	14491
124.774	14550
126.053	14558
127.333	14557
128.612	14427
129.891	14452
131.169	14296
132.448	14213
133.726	14323
135.004	14165
136.28	14218
137.558	14105
138.835	14195
140.112	14274
141.389	14119
142.666	13960
143.941	14085
145.218	14003
146.494	14028
147.77	14159
149.045	14023
150.319	14204
151.595	14157
152.87	14000
154.145	14091
155.418	13995
156.692	13981
157.967	14131
159.241	13912
160.513	13891
161.787	13847
163.06	13831
164.333	13835
165.605	13750
166.878	13602
168.15	13523
169.421	13724
170.694	13688
171.966	13554
173.236	13562
174.507	13477
175.779	13314
177.049	13368
178.319	13364
179.589	13420
180.859	13466
182.13	13356
183.398	13464
184.668	13496
185.936	13341
187.206	13391
188.474	13279
189.743	13397
191.012	13362
192.279	13396
193.548	13477
194.814	13395
196.082	13424
197.349	13365
198.616	13526
199.882	13482
201.15	13557
202.415	13415
203.682	13360
204.947	13231
206.214	13339
207.478	13417
208.744	13239
210.009	13137
211.273	13319
212.538	13195
213.802	13041
215.067	13308
216.33	13192
217.593	13211
218.858	13151
220.12	13187
221.384	12993
222.647	13094
223.909	13076
225.172	13078
226.434	12903
227.695	12984
228.958	13107
230.219	13001
231.48	12971
232.742	13149
234.002	13155
235.263	12913
236.523	12867
237.784	13090
239.044	12823
240.303	12827
241.564	12832
242.823	12824
244.082	12805
245.34	12761
246.6	12750
247.858	12757
249.116	12660
250.374	12740
251.632	12560
252.89	12632
254.148	12597
255.405	12447
256.661	12225
257.918	12369
259.174	12443
260.432	12424
261.688	12304
262.944	12327
264.199	12386
265.455	12197
266.71	12239
267.965	12185
269.219	12265
270.474	12129
271.728	12058
272.984	12086
274.238	12186
275.492	12094
276.745	12142
277.998	12149
279.252	12150
280.504	12015
281.757	12043
283.01	12252
284.262	12241
285.514	12102
286.766	12174
288.018	12181
289.269	12188
290.521	12190
291.772	12114
293.023	12345
294.273	12260
295.524	12153
296.774	12171
298.023	12123
299.273	12088
300.522	12350
301.772	12124
303.021	12156
304.27	12188
305.519	12261
306.768	12008
308.016	12167
309.263	12185
310.511	12088
311.759	12188
313.007	12183
314.254	11921
315.501	12080
316.747	12108
317.994	12123
319.241	12027
320.487	12123
321.733	11926
322.978	11980
324.224	11960
325.469	12060
326.715	12031
327.959	11954
329.204	12134
330.449	11957
331.692	11981
332.936	11958
334.181	11965
335.425	11974
336.667	11883
337.911	11931
339.154	11935
340.396	11845
341.639	11816
342.882	11694
344.123	11930
345.366	11971
346.608	11766
347.849	11792
349.09	11878
350.331	11850
351.572	11742
352.813	11635
354.053	11639
355.294	11527
356.533	11627
357.774	11533
359.012	11539
360.252	11442
361.491	11336
362.731	11459
363.969	11411
365.208	11206
366.447	11231
367.684	11189
368.923	11189
370.16	11081
371.397	10978
372.635	11037
373.871	10874
375.109	10914
376.345	10958
377.583	10997
378.818	10813
380.055	10804
381.29	10947
382.525	10838
383.762	10821
384.996	10885
386.232	10772
387.466	10857
388.701	10587
389.936	10690
391.17	10784
392.403	10708
393.638	10771
394.871	10772
396.104	10761
397.338	10789
398.57	10795
399.803	10763
401.036	10696
402.268	10905
403.5	10783
404.731	10802
405.964	10736
407.195	10694
408.426	10730
409.657	10828
410.889	10862
412.119	10724
413.349	10896
414.579	10847
415.809	10779
417.04	10742
418.269	10793
419.498	10797
420.727	10923
421.956	10768
423.184	10655
424.414	10960
425.642	10822
426.87	10765
428.098	10844
429.326	10730
430.553	10705
431.78	10753
433.007	10680
434.234	10739
435.462	10697
436.688	10729
437.915	10718
439.141	10723
440.366	10694
441.592	10623
442.817	10574
444.043	10482
445.268	10546
446.492	10550
447.717	10544
448.941	10402
450.166	10534
451.39	10478
452.614	10582
453.837	10525
455.061	10423
456.284	10389
457.507	10269
458.729	10442
459.951	10430
461.174	10245
462.396	10340
463.618	10287
464.84	10252
466.062	10213
467.283	10307
468.505	10076
469.724	10138
470.945	10152
472.166	10163
473.386	10171
474.607	10066
475.827	10054
477.045	9975
478.265	10058
479.485	10123
480.704	9982
481.923	9946
483.141	9981
484.36	9970
485.578	9883
486.797	9963
488.013	9913
489.231	9781
490.449	9901
491.665	9820
492.883	9865
494.1	9834
495.317	9748
496.533	9751
497.749	9681
498.966	9746
500.181	9692
501.397	9658
502.611	9787
503.827	9747
505.042	9702
506.256	9645
507.471	9717
508.686	9682
509.9	9677
511.114	9666
512.327	9775
513.541	9627
514.754	9751
515.967	9632
517.181	9655
518.393	9713
519.606	9792
520.818	9745
522.031	9736
523.242	9730
524.454	9606
525.665	9689
526.877	9713
528.087	9618
529.299	9694
530.509	9637
531.719	9732
532.93	9666
534.14	9822
535.35	9580
536.559	9582
537.77	9564
538.978	9490
540.187	9528
541.397	9611
542.605	9567
543.814	9528
545.022	9431
546.229	9374
547.438	9464
548.645	9412
549.852	9415
551.06	9315
552.267	9182
553.473	9246
554.68	9150
555.887	9284
557.093	9198
558.298	9139
559.505	9216
560.711	9007
561.916	8890
563.121	8955
564.327	8810
565.531	8960
566.735	8907
567.94	8806
569.143	8936
570.349	8765
571.552	8650
572.755	8771
573.959	8694
575.162	8829
576.364	8661
577.568	8653
578.771	8643
579.973	8614
581.175	8597
582.377	8571
583.578	8578
584.78	8556
585.981	8692
587.182	8475
588.383	8496
589.585	8570
590.786	8447
591.986	8412
593.186	8376
594.386	8457
595.586	8519
596.785	8472
597.985	8464
599.184	8496
600.383	8425
601.582	8468
602.78	8369
603.979	8385
605.177	8509
606.375	8477
607.572	8516
608.769	8355
609.967	8437
611.164	8263
612.361	8361
613.558	8373
614.755	8382
615.951	8263
617.148	8333
618.344	8354
619.538	8405
620.734	8225
621.93	8345
623.125	8374
624.32	8302
625.515	8306
626.709	8163
627.903	8351
629.098	8389
630.292	8162
631.486	8213
632.679	8225
633.872	8165
635.066	8248
636.259	8051
637.451	8106
638.644	8171
639.837	7987
641.028	8109
642.22	8149
643.413	8043
644.605	8149
645.795	7993
646.987	7823
648.178	8015
649.368	8002
650.559	7915
651.749	7817
652.939	7890
654.13	7950
655.319	8007
656.509	7853
657.699	8006
658.887	7963
660.077	7896
661.265	7860
662.454	7812
663.642	7855
664.83	7955
666.018	7886
667.206	7831
668.393	7832
669.581	7864
670.768	7831
671.955	7877
673.142	7893
674.329	7977
675.515	7907
676.702	7882
677.887	7829
679.074	7892
680.259	7964
681.445	7882
682.63	7879
683.814	7796
685	7838
686.184	7902
687.369	7821
688.553	7829
689.736	7781
690.921	7721
692.104	7874
693.287	7947
694.471	7822
695.654	7823
696.836	7764
698.02	7802
699.202	7763
700.384	7820
701.567	7809
702.749	7614
703.93	7765
705.111	7703
706.293	7698
707.474	7682
708.655	7718
709.835	7799
711.017	7647
712.197	7691
713.377	7616
714.556	7611
715.736	7579
716.916	7492
718.096	7529
719.274	7578
720.453	7383
721.632	7404
722.81	7365
723.988	7508
725.168	7460
726.345	7453
727.523	7485
728.701	7386
729.878	7351
731.055	7363
732.232	7322
733.408	7337
734.585	7281
735.761	7275
736.938	7313
738.113	7310
739.289	7359
740.465	7268
741.64	7262
742.816	7332
743.991	7292
745.165	7325
746.34	7252
747.515	7244
748.689	7220
749.863	7197
751.037	7262
752.211	7244
753.384	7253
754.558	7323
755.731	7227
756.903	7450
758.076	7223
759.248	7279
760.421	7254
761.593	7200
762.765	7287
763.937	7301
765.108	7236
766.279	7286
767.451	7246
768.622	7266
769.793	7233
770.962	7222
772.133	7126
773.303	7298
774.474	7293
775.642	7210
776.812	7159
777.982	7267
779.152	7165
780.32	7218
781.489	7249
782.658	7050
783.825	7087
784.994	7199
786.163	7091
787.331	7133
788.498	7119
789.666	6989
790.832	7037
792	7059
793.167	6934
794.333	7065
795.5	6979
796.667	6898
797.832	6887
798.998	6811
800.163	6879
801.329	6948
802.494	6863
803.66	6810
804.824	6899
805.989	6917
807.153	6716
808.318	6789
809.483	6811
810.646	6811
811.81	6766
812.974	6728
814.137	6671
815.301	6670
816.463	6719
817.627	6610
818.789	6606
819.952	6661
821.114	6630
822.275	6664
823.438	6586
824.599	6593
825.761	6622
826.922	6549
828.083	6598
829.244	6510
830.405	6631
831.565	6492
832.726	6456
833.886	6527
835.045	6508
836.206	6479
837.365	6530
838.524	6577
839.683	6548
840.843	6520
842.001	6550
843.159	6486
844.318	6520
845.477	6537
846.635	6563
847.792	6531
848.949	6481
850.108	6470
851.265	6536
852.422	6469
853.578	6560
854.735	6478
855.891	6505
857.049	6523
858.205	6412
859.36	6453
860.516	6516
861.671	6442
862.827	6355
863.982	6482
865.137	6457
866.291	6436
867.446	6464
868.601	6443
869.756	6442
870.909	6386
872.063	6378
873.217	6408
874.37	6443
875.524	6439
876.677	6442
877.83	6466
878.982	6550
880.135	6370
881.287	6374
882.439	6407
883.59	6287
884.742	6243
885.894	6179
887.045	6233
888.196	6105
889.347	6186
890.498	6135
891.649	5974
892.8	6044
893.95	6080.5
895.099	6117
896.249	5957
897.399	5971
898.549	5847
899.698	5974
900.848	5886
901.995	5828
903.144	5791
904.293	5851
905.442	5835
906.589	5833
907.737	5726
908.885	5652
910.033	5801
911.18	5741
912.327	5696
913.475	5827
914.622	5672
915.768	5603
916.914	5699
918.061	5665
919.206	5638
920.353	5578
921.499	5656
922.643	5640
923.789	5616
924.933	5685
926.079	5645
927.224	5676
928.368	5646
929.513	5683
930.656	5695
931.801	5602
932.945	5662
934.088	5687
935.232	5615
936.375	5703
937.518	5691
938.661	5762
939.804	5607
940.946	5685
942.089	5807
943.23	5720
944.373	5741
945.514	5672
946.656	5740
947.797	5705
948.939	5683
950.079	5764
951.22	5775
952.361	5757
953.501	5749.5
954.642	5742
955.782	5755
956.921	5764
958.061	5841
959.2	5800
960.339	5674
961.479	5733
962.618	5635
963.756	5756
964.896	5678
966.034	5719
967.171	5737
968.31	5691
969.448	5744
970.585	5641
971.722	5668
972.86	5638
973.997	5703
975.134	5742
976.27	5568
977.406	5609
978.544	5578
979.68	5630
980.815	5593
981.951	5696
983.086	5579
984.223	5584
985.358	5714
986.493	5605
987.627	5624
988.762	5611
989.896	5658
991.03	5513
992.164	5567
993.298	5482
994.433	5521
995.566	5504
996.7	5611
997.833	5625
998.966	5605
1000.1	5541
1001.23	5606
1002.36	5645
1003.5	5633
1004.63	5762
1005.76	5710
1006.89	5786
1008.02	5914
1009.15	5913
1010.29	5923
1011.42	5962
1012.55	6053
1013.68	6109
1014.81	6150
1015.94	6212
1017.07	6217
1018.2	6304
1019.33	6280
1020.46	6351
1021.59	6439
1022.71	6438
1023.84	6428
1024.97	6470
1026.1	6434
1027.23	6393
1028.36	6365
1029.49	6264
1030.61	6408
1031.74	6359
1032.87	6202
1034	6133
1035.12	6060
1036.25	5863
1037.38	5946
1038.5	5878
1039.63	5801
1040.76	5604
1041.88	5618
1043.01	5506
1044.13	5430
1045.26	5456
1046.38	5389
1047.51	5330
1048.63	5300
1049.76	5208
1050.88	5244
1052.01	5201
1053.13	5076
1054.25	5104
1055.38	5144
1056.5	5099
1057.63	5057
1058.75	5065
1059.87	4957
1060.99	4973
1062.12	4962
1063.24	5044
1064.36	4941
1065.48	4908
1066.61	5029
1067.73	4918
1068.85	4991
1069.97	4961
1071.09	5017
1072.21	5000
1073.33	4895
1074.45	4892
1075.57	4894
1076.69	4878
1077.82	4983
1078.93	4884
1080.05	4913
1081.17	4919
1082.29	4910
1083.41	4905
1084.53	4848
1085.65	4771
1086.77	4903
1087.89	4973
1089.01	4801
1090.12	4956
1091.24	4885
1092.36	4880
1093.48	4857
1094.59	4789
1095.71	4824
1096.83	4830
1097.94	4901
1099.06	4835
1100.18	4941
1101.29	4850
1102.41	4905
1103.53	4870
1104.64	4950
1105.76	4911
1106.87	4933
1107.99	4870
1109.1	4968
1110.22	4790
1111.33	4874
1112.45	4910
1113.56	4879
1114.68	4899
1115.79	4958
1116.9	4963
1118.02	4938
1119.13	4911
1120.24	4837
1121.36	4815
1122.47	4860
1123.58	4894
1124.69	4777
1125.81	4746
1126.92	4757
1128.03	4763
1129.14	4818
1130.25	4795
1131.37	4822
1132.48	4784
1133.59	4737
1134.7	4732
1135.81	4814
1136.92	4751
1138.03	4767
1139.14	4789
1140.25	4726
1141.36	4724
1142.47	4702
1143.58	4670
1144.69	4609
1145.8	4706
1146.9	4664
1148.01	4635
1149.12	4613
1150.23	4606
1151.34	4576
1152.45	4569
1153.55	4634
1154.66	4580
1155.77	4521
1156.88	4615
1157.98	4658
1159.09	4584
1160.2	4612
1161.3	4616
1162.41	4489
1163.52	4514
1164.62	4495
1165.73	4537
1166.83	4486
1167.94	4423
1169.04	4413
1170.15	4377
1171.25	4457
1172.36	4412
1173.46	4371
1174.57	4355
1175.67	4335
1176.78	4317
1177.88	4371
1178.98	4282
1180.09	4275
1181.19	4196
1182.29	4261
1183.4	4238
1184.5	4250
1185.6	4139
1186.7	4223
1187.81	4281
1188.91	4124
1190.01	4186
1191.11	4175
1192.21	4172
1193.31	4056
1194.41	4155
1195.52	4118
1196.62	4144.32
1197.72	4095.56
1198.82	4129.34
1199.92	4074.34
1201.02	4121.42
1202.12	4140.86
1203.22	4101.64
1204.32	4136.18
1205.42	4065.53
1206.52	4149.31
1207.61	4190.85
1208.71	4098.05
1209.81	4109.29
1210.91	4092.69
1212.01	4106.82
1213.11	4124.42
1214.21	4138.61
1215.3	4102.1
1216.4	4125.59
1217.5	4121.89
1218.6	4074.87
1219.69	4072.83
1220.79	4145.46
1221.89	4113.26
1222.98	4171.23
1224.08	4139.45
1225.17	4151.02
1226.27	4149.03
1227.37	4184.35
1228.46	4235.23
1229.56	4154.74
1230.65	4140.84
1231.75	4179.68
1232.84	4174.15
1233.94	4165.21
1235.03	4175.71
1236.13	4187.95
1237.22	4189.21
1238.31	4190.15
1239.41	4177.91
1240.5	4181.41
1241.6	4150.14
1242.69	4164.18
1243.78	4174.18
1244.88	4208.04
1245.97	4176.12
1247.06	4225.62
1248.15	4191.89
1249.24	4250.88
1250.34	4175.46
1251.43	4202.53
1252.52	4213.95
1253.61	4171.88
1254.7	4211.67
1255.8	4193.52
1256.89	4183.03
1257.98	4248.66
1259.07	4271.88
1260.16	4231.05
1261.25	4233.78
1262.34	4276.81
1263.43	4258.91
1264.52	4225.46
1265.61	4198.68
1266.7	4225.33
1267.79	4194.95
1268.87	4265.67
1269.96	4212.77
1271.05	4202.01
1272.14	4245.67
1273.23	4213.69
1274.32	4252.46
1275.41	4240.93
1276.49	4264.67
1277.58	4240.95
1278.67	4228.64
1279.76	4221.32
1280.84	4176.91
1281.93	4190.34
1283.02	4223.28
1284.1	4154.54
1285.19	4190.7
1286.28	4179.76
1287.36	4147.72
1288.45	4187.81
1289.53	4149.96
1290.62	4108.33
1291.71	4135.82
1292.79	4125.61
1293.88	4136.78
1294.96	4131.53
1296.05	4122.69
1297.13	4125.64
1298.21	4042
1299.3	4007.42
1300.38	4083
1301.47	4065.16
1302.55	4032.96
1303.63	4020.52
1304.72	4041.32
1305.8	4069.78
1306.88	4023.99
1307.65	3998
1308.74	4004
1309.83	3955
1310.92	3983
1312	4060
1313.09	4025
1314.18	3895
1315.26	3982
1316.35	3922
1317.44	3951
1318.52	3952
1319.61	3974
1320.7	3989
1321.78	3913
1322.87	3866
1323.95	3940
1325.04	3846
1326.12	3902
1327.21	3937
1328.29	3839
1329.38	3907
1330.46	3938
1331.55	3897
1332.63	3824
1333.72	3910
1334.8	3756
1335.88	3908
1336.97	3821
1338.05	3879
1339.13	3824
1340.22	3818
1341.3	3757
1342.38	3793
1343.47	3861
1344.55	3832
1345.63	3833
1346.71	3790
1347.79	3804
1348.88	3831
1349.96	3792
1351.04	3821
1352.12	3876
1353.2	3814
1354.28	3850
1355.36	3861
1356.44	3939
1357.52	3811
1358.6	3833
1359.68	3855
1360.76	3823
1361.84	3840
1362.92	3893
1364	3859
1365.08	3864
1366.16	3806
1367.24	3898
1368.32	3841
1369.39	3943
1370.47	3872
1371.55	3887.5
1372.63	3903
1373.71	3924
1374.78	3909
1375.86	3895
1376.94	3901
1378.02	3942
1379.09	3912
1380.17	3857
1381.24	3884
1382.32	3911
1383.4	3919
1384.47	3955
1385.55	3918
1386.62	4015
1387.7	3937
1388.78	3908
1389.85	3907
1390.93	3960
1392	3837
1393.08	3955
1394.15	3929
1395.22	3993
1396.3	3948
1397.37	3912
1398.45	3892
1399.52	3971
1400.59	3896
1401.67	4017
1402.74	3868
1403.81	3957
1404.88	3990
1405.96	3924
1407.03	3930
1408.1	3877
1409.17	3891
1410.25	3992
1411.32	3902
1412.39	3902
1413.46	3909
1414.53	3925
1415.6	3859
1416.67	3827
1417.74	3870
1418.82	3909
1419.88	3749
1420.96	3726
1422.03	3875
1423.1	3824
1424.16	3750
1425.23	3846
1426.3	3834
1427.37	3799
1428.44	3783
1429.51	3836
1430.58	3762
1431.65	3812
1432.72	3844
1433.79	3782
1434.85	3704
1435.92	3830
1436.99	3795
1438.06	3863
1439.12	3806
1440.19	3842
1441.26	3853
1442.32	3785
1443.39	3899
1444.46	3929
1445.52	3878
1446.59	4008
1447.65	4052
1448.72	4020
1449.79	3994
1450.85	4074
1451.92	4033
1452.98	4088
1454.05	4104
1455.11	4041
1456.18	4034
1457.24	4105
1458.31	4020
1459.37	4054
1460.43	3985
1461.5	4043
1462.56	3979
1463.63	4028
1464.69	3966
1465.75	3947
1466.81	3924
1467.88	3842
1468.94	3922
1470	3933
1471.06	3865
1472.13	3959
1473.19	3898
1474.25	3891
1475.31	3834
1476.37	3863
1477.44	3795
1478.5	3854
1479.56	3892
1480.62	3832
1481.68	3879
1482.74	3831
1483.8	3760
1484.86	3754
1485.92	3712
1486.98	3817
1488.04	3712
1489.1	3741
1490.16	3682
1491.22	3661
1492.27	3715
1493.33	3566
1494.39	3708
1495.45	3567
1496.51	3508
1497.57	3542
1498.63	3570
1499.68	3551
1500.74	3486
1501.8	3539
1502.85	3534
1503.91	3546
1504.97	3499
1506.03	3476
1507.08	3437
1508.14	3410
1509.2	3444
1510.25	3449
1511.31	3497
1512.36	3405
1513.42	3314
1514.47	3442
1515.53	3365
1516.58	3377
1517.64	3357
1518.69	3393
1519.75	3351
1520.8	3213
1521.86	3270
1522.91	3272
1523.97	3298
1525.02	3312
1526.07	3254
1527.13	3290
1528.18	3202
1529.23	3210
1530.29	3230
1531.34	3204
1532.39	3190
1533.44	3177
1534.5	3250
1535.55	3177
1536.6	3184
1537.65	3142
1538.7	3125
1539.75	3090
1540.81	3156
1541.86	3153
1542.91	3052
1543.96	3046
1545.01	3079
1546.06	3134
1547.11	3005
1548.16	3061
1549.21	2967
1550.26	3063
1551.31	3058
1552.36	3040
1553.41	2985
1554.46	3023
1555.51	3145
1556.56	3009
1557.6	3046
1558.65	3018
1559.7	2989
1560.75	2926
1561.8	2976
1562.85	2980
1563.89	2989
1564.94	2939
1565.99	2979
1567.03	2963
1568.08	2975
1569.13	2957
1570.18	2965
1571.22	2913
1572.27	2992
1573.31	2918
1574.36	2986
1575.41	2977
1576.45	2875
1577.5	2914
1578.54	2915
1579.59	2943
1580.63	2906
1581.68	3025
1582.72	2969
1583.77	2963
1584.81	2952
1585.86	2981
1586.9	2956
1587.94	3005
1588.99	2933
1590.03	2922
1591.07	2940
1592.12	2966
1593.16	2986
1594.2	2966
1595.25	2965
1596.29	2966
1597.33	3030
1598.37	3055
1599.41	2932
1600.46	2963
1601.5	2979
1602.54	2946
1603.58	3004
1604.62	2958
1605.66	3102
1606.71	3000
1607.75	2994
1608.79	2922
1609.83	3002
1610.87	3030
1611.91	2968
1612.95	2975
1613.99	2994
1615.03	2941
1616.07	2994
1617.11	3000
1618.14	2931
1619.18	2945
1620.22	2973
1621.26	2968
1622.3	2920
1623.34	3006
1624.38	2964
1625.42	3032
1626.45	2975
1627.49	2962
1628.53	2927
1629.56	2972
1630.6	3006
1631.64	2975
1632.68	2935
1633.71	2947
1634.75	2937
1635.79	2927
1636.82	3004
1637.86	2933
1638.89	2929
1639.93	2878
1640.97	2851
1642	2870
1643.04	2907
1644.07	2871
1645.11	2902
1646.14	2869
1647.18	2868
1648.21	2874
1649.24	2842
1650.28	2912
1651.31	2903
1652.35	2792
1653.38	2874
1654.41	2830
1655.45	2826
1656.48	2818
1657.51	2837
1658.55	2838
1659.58	2777
1660.61	2804
1661.64	2775
1662.67	2742
1663.71	2741
1664.74	2722
1665.77	2782
1666.8	2743
1667.83	2702
1668.86	2697
1669.9	2736
1670.93	2692
1671.96	2718
1672.99	2747
1674.02	2710
1675.05	2711
1676.08	2657
1677.11	2675
1678.14	2691
1679.17	2673
1680.2	2642
1681.23	2640
1682.26	2657
1683.28	2632
1684.31	2696
1685.34	2645
1686.37	2595
1687.4	2572
1688.43	2557
1689.46	2617
1690.48	2540
1691.51	2552
1692.54	2575
1693.57	2537
1694.59	2517
1695.62	2545
1696.65	2550
1697.67	2569
1698.7	2554
1699.73	2556
1700.75	2525
1701.78	2516
1702.8	2525
1703.83	2500
1704.86	2472
1705.88	2471
1706.91	2454
1707.93	2431
1708.96	2506
1709.98	2497
1711.01	2464
1712.03	2510
1713.05	2498
1714.08	2485
1715.1	2480
1716.13	2447
1717.15	2468
1718.17	2487
1719.2	2487
1720.22	2510
1721.24	2450
1722.27	2429
1723.29	2375
1724.31	2475
1725.34	2403
1726.36	2390
1727.38	2368
1728.4	2407
1729.42	2417
1730.44	2445
1731.47	2443
1732.49	2441
1733.51	2380
1734.53	2384
1735.55	2461
1736.57	2437
1737.59	2428
1738.61	2398
1739.63	2371
1740.65	2358
1741.67	2435
1742.69	2344
1743.71	2444
1744.73	2441
1745.75	2401
1746.77	2382
1747.79	2429
1748.81	2398
1749.82	2452
1750.84	2370
1751.86	2423
1752.88	2348
1753.9	2380
1754.92	2381
1755.93	2390
1756.95	2415
1757.97	2376
1758.99	2430
1760	2390
1761.02	2412
1762.04	2424
1763.05	2443
1764.07	2447
1765.09	2397
1766.1	2430
1767.12	2400
1768.13	2372
1769.15	2397
1770.16	2472
1771.18	2423
1772.19	2429
1773.21	2402
1774.22	2482
1775.24	2436
1776.25	2497
1777.27	2485
1778.28	2453
1779.3	2465
1780.31	2474
1781.32	2438
1782.34	2445
1783.35	2432
1784.36	2494
1785.38	2455
1786.39	2473
1787.4	2407
1788.41	2442
1789.43	2448
1790.44	2483
1791.45	2432
1792.46	2445
1793.48	2460
1794.49	2447
1795.5	2427
1796.51	2388
1797.52	2468
1798.53	2479
1799.54	2473
1800.55	2446
1801.56	2423
1802.58	2458
1803.58	2406
1804.6	2466
1805.61	2472
1806.61	2458
1807.62	2448
1808.63	2382
1809.64	2448
1810.65	2412
1811.66	2448
1812.67	2406
1813.68	2415
1814.69	2350
1815.7	2352
1816.7	2353
1817.71	2331
1818.72	2358
1819.73	2404
1820.73	2393
1821.74	2347
1822.75	2350
1823.76	2335
1824.76	2384
1825.77	2333
1826.78	2407
1827.78	2367
1828.79	2301
1829.8	2373
1830.8	2224
1831.81	2321
1832.81	2273
1833.82	2321
1834.83	2240
1835.83	2249
1836.84	2329
1837.84	2246
1838.85	2240
1839.85	2296
1840.85	2260
1841.86	2228
1842.86	2240
1843.87	2225
1844.87	2243
1845.87	2211
1846.88	2184
1847.88	2191
1848.89	2165
1849.89	2149
1850.89	2143
1851.89	2149
1852.9	2173
1853.9	2102
1854.9	2128
1855.9	2149
1856.91	2147
1857.91	2092
1858.91	2147
1859.91	2110
1860.91	2119
1861.91	2071
1862.91	2149
1863.92	2084
1864.92	2172
1865.92	2061
1866.92	2120
1867.92	2115
1868.92	2081
1869.92	2150
1870.92	2113
1871.92	2130
1872.92	2044
1873.92	2092
1874.91	2109
1875.91	2047
1876.91	2109
1877.91	2114
1878.91	2075
1879.91	2050
1880.91	2120
1881.9	2094
1882.9	2075
1883.9	2056
1884.9	2131
1885.9	2079
1886.89	2106
1887.89	2113
1888.89	2116
1889.88	2050
1890.88	2129
1891.88	2073
1892.87	2097
1893.87	2121
1894.87	2060
1895.86	2102
1896.86	2096
1897.85	2112
1898.85	2100
1899.84	2090
1900.84	2009
1901.83	2087
1902.83	2103
1903.83	2073
1904.82	2067
1905.81	2083
1906.81	2000
1907.8	2087
1908.8	2057
1909.79	2134
1910.78	2137
1911.78	2087
1912.77	2104
1913.76	2144
1914.76	2134
1915.75	2087
1916.74	2107
1917.74	2092
1918.73	2099
1919.72	2146
1920.71	2101
1921.7	2019
1922.7	2093
1923.69	2071
1924.68	2165
1925.67	2110
1926.66	2100
1927.65	2114
1928.64	2002
1929.64	2055
1930.63	2091
1931.62	2075
1932.61	2052
1933.6	2064
1934.59	2053.5
1935.58	2043
1936.57	2024
1937.56	2042
1938.54	2092
1939.53	2017
1940.52	2072
1941.51	2049
1942.5	2011
1943.49	2013
1944.48	2013
1945.47	2018
1946.45	2018
1947.44	2037
1948.43	2016
1949.42	1982
1950.41	2013
1951.39	2022
1952.38	1984
1953.37	2046
1954.35	1994
1955.34	1983
1956.33	1987
1957.32	1949
1958.3	2048
1959.29	1963
1960.27	1956
1961.26	1937
1962.25	1924
1963.23	1941
1964.22	1938
1965.2	1985
1966.19	1864
1967.17	1966
1968.16	1973
1969.14	1945
1970.13	1940
1971.11	1924
1972.1	1969
1973.08	1930
1974.06	1865
1975.05	1913
1976.03	1975
1977.01	1963
1978	1882
1978.98	1896
1979.96	1901
1980.95	1881
1981.93	1936
1982.91	1885
1983.89	1903
1984.88	1896
1985.86	1958
1986.84	1945
1987.82	1880
1988.8	1899
1989.79	1846
1990.77	1878
1991.75	1892
1992.73	1901
1993.71	1928
1994.69	1852
1995.67	1889
1996.65	1888
1997.63	1891
1998.61	1917
1999.59	1942
2000.57	1942
2001.55	1926
2002.53	1889
2003.51	1956
2004.49	1882
2005.47	1898
2006.45	1899
2007.43	1979
2008.41	1887
2009.38	1968
2010.36	1968
2011.34	1878
2012.32	1925
2013.3	1938
2014.28	1915
2015.25	2034
2016.23	1957
2017.21	2028
2018.18	1943
2019.16	1975
2020.14	1927
2021.12	1918
2022.09	1969
2023.07	2000
2024.04	1980
2025.02	1954
2026	1999
2026.97	2016
2027.95	1949
2028.92	1988
2029.9	2013
2030.87	2021
2031.85	1918
2032.82	1981
2033.8	1933
2034.77	2006
2035.75	1967
2036.72	1961
2037.7	1981
2038.67	1982
2039.64	2009
2040.62	1989
2041.59	1949
2042.57	1973
2043.54	1993
2044.51	1930
2045.48	1964
2046.46	2005
2047.43	1972
2048.4	1993
2049.37	1981
2050.35	1992
2051.32	2016
2052.29	1996
2053.26	1987
2054.24	1967
2055.21	1923
2056.18	1969
2057.15	1947
2058.12	1973
2059.09	1932
2060.06	1935
2061.03	1950
2062	1917
2062.97	2013
2063.94	1942
2064.91	1937
2065.88	2003
2066.85	1966
2067.82	1922
2068.79	1937
2069.76	1997
2070.73	1920
2071.7	1950
2072.67	1918
2073.64	1943
2074.61	1915
2075.57	1890
2076.54	1939
2077.51	1956
2078.48	1935
2079.45	1981
2080.41	1850
2081.38	1915
2082.35	1892
2083.32	1908
2084.28	1875
2085.25	1898
2086.22	1878
2087.18	1860
2088.15	1855
2089.12	1874
2090.08	1850
2091.05	1836
2092.01	1840
2092.98	1888
2093.95	1881
2094.91	1858
2095.88	1873
2096.84	1877
2097.81	1800
2098.77	1823
2099.74	1876
2100.7	1794
2101.67	1843
2102.63	1913
2103.59	1834
2104.56	1839
2105.52	1831
2106.49	1874
2107.45	1893
2108.41	1887
2109.38	1813
2110.34	1811
2111.3	1834
2112.26	1768
2113.23	1825
2114.19	1805
2115.15	1834
2116.11	1734
2117.08	1825
2118.04	1825
2119	1831
2119.96	1766
2120.92	1823
2121.88	1809
2122.85	1789
2123.81	1805
2124.77	1797
2125.73	1809
2126.69	1798
2127.65	1802
2128.61	1848
2129.57	1768
2130.53	1786
2131.49	1756
2132.45	1779
2133.41	1818
2134.37	1798
2135.33	1774
2136.29	1774
2137.25	1811
2138.21	1836
2139.16	1798
2140.12	1760
2141.08	1711
2142.04	1801
2143	1774
2143.95	1751
2144.91	1773
2145.87	1772
2146.83	1742.09
2147.79	1734.46
2148.74	1746.7
2149.7	1742.01
2150.66	1698.5
2151.61	1742.91
2152.57	1774.03
2153.53	1757.01
2154.48	1756.5
2155.44	1760.92
2156.4	1738.04
2157.35	1787.43
2158.31	1748.48
2159.26	1752.56
2160.22	1728.78
2161.17	1762.56
2162.13	1756.92
2163.08	1777.23
2164.04	1756.81
2164.99	1741.03
2165.95	1762.1
2166.9	1762.12
2167.86	1746.66
2168.81	1748.33
2169.77	1724.32
2170.72	1794.28
2171.67	1752.91
2172.63	1728.28
2173.58	1780.77
2174.53	1768.89
2175.49	1752.5
2176.44	1738.89
2177.39	1753.38
2178.34	1798.13
2179.3	1769.66
2180.25	1751.63
2181.2	1738.61
2182.15	1731.34
2183.11	1749.27
2184.06	1726.88
2185.01	1755.66
2185.96	1734.13
2186.91	1750.88
2187.86	1756.09
2188.82	1732.42
2189.77	1765.02
2190.72	1739.95
2191.67	1748.01
2192.62	1742.81
2193.57	1753.23
2194.52	1731.89
2195.47	1772.79
2196.42	1759.42
2197.37	1750.52
2198.32	1779.63
2199.27	1770.52
2200.22	1737.56
2201.17	1751.76
2202.12	1790.23
2203.07	1755.24
2204.02	1745.2
2204.96	1772.73
2205.91	1796.67
2206.86	1795.71
2207.81	1765.02
2208.76	1771.42
2209.71	1781.78
2210.65	1806.67
2211.6	1805.68
2212.55	1786.94
2213.5	1776.15
2214.44	1796.14
2215.39	1797.73
2216.34	1783.45
2217.28	1796.24
2218.23	1796.57
2219.18	1789.49
2220.12	1813.02
2221.07	1812.12
2222.02	1807.87
2222.96	1801.06
2223.91	1802.17
2224.85	1845.97
2225.8	1864.11
2226.74	1827.35
2227.69	1850.61
2228.63	1856.48
2229.58	1830.71
2230.52	1877.97
2231.47	1851.7
2232.41	1836.37
2233.36	1844.92
2234.3	1860.87
2235.25	1858.37
2236.19	1858.47
2237.14	1865.17
2238.08	1871.4
2239.02	1902.61
2239.97	1915.62
2240.91	1887.18
2241.85	1921.34
2242.5	1912
2243.45	1894
2244.39	1934
2245.34	1868
2246.29	1910
2247.24	1903
2248.18	1842
2249.13	1932
2250.08	1914
2251.02	1861
2251.97	1918
2252.92	1923
2253.86	1951
2254.81	1912
2255.76	1890
2256.7	1956
2257.65	1925
2258.59	1919
2259.54	1879
2260.48	1892
2261.43	1937
2262.37	1950
2263.32	1923
2264.26	1850
2265.21	1895
2266.15	1907
2267.1	1882
2268.04	1897
2268.98	1916
2269.93	1931
2270.87	1894
2271.81	1840
2272.76	1926
2273.7	1988
2274.64	1942
2275.59	1911
2276.53	1856
2277.47	1863
2278.42	1890
2279.36	1928
2280.3	1920
2281.24	1887
2282.18	1858
2283.13	1873
2284.07	1879
2285.01	1842
2285.95	1914
2286.89	1910
2287.83	1897
2288.77	1884
2289.72	1864
2290.66	1872
2291.6	1821
2292.54	1866
2293.48	1880
2294.42	1856
2295.36	1917
2296.3	1877
2297.24	1927
2298.18	1914
2299.12	1913
2300.06	1912
2301	1900
2301.94	1878
2302.87	1865
2303.81	1893
2304.75	1904
2305.69	1879
2306.63	1887
2307.57	1907
2308.5	1836
2309.44	1900
2310.38	1921
2311.32	1909
2312.26	1944
2313.19	1905
2314.13	1942
2315.07	1959
2316	1868
2316.94	1846
2317.88	1880
2318.81	1933
2319.75	1940
2320.69	1908
2321.62	1876
2322.56	1899
2323.5	2001
2324.43	1983
2325.37	1994
2326.3	1975
2327.24	1959
2328.17	2016
2329.11	2002
2330.04	2042
2330.98	2091
2331.91	2002
2332.85	1981
2333.78	1947
2334.72	2002
2335.65	1957
2336.58	1944
2337.52	1904
2338.45	1913
2339.38	1963
2340.32	2010
2341.25	1908
2342.18	1963
2343.12	1980
2344.05	1968
2344.98	1894
2345.91	1992
2346.85	1964
2347.78	1899
2348.71	1973
2349.64	1976
2350.57	1950
2351.51	1964
2352.44	1970
2353.37	1964
2354.3	1978
2355.23	1994
2356.16	1969
2357.09	1953
2358.02	1997
2358.96	1952
2359.89	2005
2360.82	1959
2361.75	2011
2362.68	1973
2363.61	1974
2364.54	1999
2365.47	1977
2366.4	2002
2367.32	2022
2368.25	1964
2369.18	1986
2370.11	2028
2371.04	2014
2371.97	1989
2372.9	2044
2373.83	1969
2374.75	2015
2375.68	2009
2376.61	1993
2377.54	2007
2378.47	1972
2379.39	1932
2380.32	1947
2381.25	1973
2382.18	1963
2383.1	1946
2384.03	1984
2384.96	1951
2385.88	1920
2386.81	1943
2387.73	1998
2388.66	1970
2389.59	2020
2390.51	1983
2391.44	1942
2392.36	1957
2393.29	2005
2394.22	2022
2395.14	1998
2396.07	1983
2396.99	1943
2397.92	1983
2398.84	1946
2399.76	1896
2400.69	1964
2401.61	1946
2402.54	2002
2403.46	1961
2404.39	1958
2405.31	1958
2406.23	1947
2407.16	1969
2408.08	1964
2409	1976
2409.93	1934
2410.85	1981
2411.77	1956
2412.69	1944
2413.62	1951
2414.54	1989
2415.46	1976
2416.38	1939
2417.31	1965
2418.23	1913
2419.15	1971
2420.07	1922
2420.99	1933
2421.91	1981
2422.83	1930
2423.76	1932
2424.68	2014
2425.6	1979
2426.52	1921
2427.44	2038
2428.36	1912
2429.28	1889
2430.2	1911
2431.12	1922
2432.04	1947
2432.96	1957
2433.88	1900
2434.8	1928
2435.72	1925
2436.64	1892
2437.55	1911
2438.47	1949
2439.39	1872
2440.31	1959
2441.23	1920
2442.15	1907
2443.06	1898
2443.98	1907
2444.9	1928
2445.82	1964
2446.74	1956
2447.65	2005
2448.57	1909
2449.49	1913
2450.4	1910
2451.32	1940
2452.24	1980
2453.16	1897
2454.07	1941
2454.99	1934
2455.9	1880
2456.82	1943
2457.74	1904
2458.65	1904
2459.57	1917
2460.48	1864
2461.4	1910
2462.31	1933
2463.23	2007
2464.14	1894
2465.06	1868
2465.97	1944
2466.89	1932
2467.8	1924
2468.72	1979
2469.63	1993
2470.55	1936
2471.46	1921
2472.37	1879
2473.29	2007
2474.2	2001
2475.11	1911
2476.03	1885
2476.94	1940
2477.85	1918
2478.77	1969
2479.68	1870
2480.59	1933
2481.5	1935
2482.42	1921
2483.33	1904
2484.24	1883
2485.15	1874
2486.06	1918
2486.98	1982
2487.89	1906
2488.8	1949
2489.71	1906
2490.62	1929
2491.53	1905
2492.44	1922
2493.35	1942
2494.26	1914
2495.18	1950
2496.08	1890
2497	1886
2497.91	1928
2498.82	1940
2499.72	1894
2500.64	1967
2501.54	1926
2502.45	1958
2503.36	1943
2504.27	1912
2505.18	1877
2506.09	1941
2507	1953
2507.91	1889
2508.82	1924
2509.72	1907
2510.63	1957
2511.54	1925
2512.45	1946
2513.36	1890
2514.26	1865
2515.17	1948
2516.08	1908
2516.99	1892
2517.89	1962
2518.8	1910
2519.71	1920
2520.61	1926
2521.52	1912
2522.43	1915
2523.33	1860
2524.24	1882
2525.14	1880
2526.05	1959
2526.96	1872
2527.86	1908
2528.77	1922
2529.67	1886
2530.58	1890
2531.48	1919
2532.39	1893
2533.29	1899
2534.2	1876
2535.1	1864
2536.01	1883
2536.91	1909
2537.81	1866
2538.72	1932
2539.62	1938
2540.53	1885
2541.43	1952
2542.33	1901
2543.24	1913
2544.14	1933
2545.04	1901
2545.95	1882
2546.85	1913
2547.75	1877
2548.65	1847
2549.56	1938
2550.46	1885
2551.36	1858
2552.26	1876
2553.17	1875
2554.07	1915
2554.97	1900
2555.87	1864
2556.77	1911
2557.67	1899
2558.57	1911
2559.48	1892
2560.38	1899
2561.28	1891
2562.18	1904
2563.08	1845
2563.98	1866
2564.88	1798
2565.78	1892
2566.68	1886
2567.58	1830
2568.48	1819
2569.38	1927
2570.28	1866
2571.18	1859
2572.08	1837
2572.97	1903
2573.87	1889
2574.77	1837
2575.67	1869
2576.57	1792
2577.47	1847
2578.37	1909
2579.26	1858
2580.16	1824
2581.06	1846
2581.96	1847
2582.85	1874
2583.75	1901
2584.65	1841
2585.55	1855
2586.44	1877
2587.34	1876
2588.24	1844
2589.13	1870
2590.03	1826
2590.93	1894
2591.82	1824
2592.72	1889
2593.61	1844
2594.51	1849
2595.41	1847
2596.3	1830
2597.2	1884
2598.09	1857
2598.99	1849
2599.88	1859
2600.78	1838
2601.67	1867
2602.57	1903
2603.46	1780
2604.36	1834
2605.25	1853
2606.14	1881
2607.04	1823
2607.93	1839
2608.83	1818
2609.72	1883
2610.61	1837
2611.51	1847
2612.4	1827
2613.29	1842
2614.19	1830
2615.08	1851
2615.97	1891
2616.86	1836
2617.76	1875
2618.65	1800
2619.54	1865
2620.43	1824
2621.32	1818
2622.22	1815
2623.11	1800
2624	1817
2624.89	1772
2625.78	1821
2626.67	1814
2627.56	1794
2628.46	1811
2629.35	1789
2630.24	1829
2631.13	1802
2632.02	1789
2632.91	1805
2633.8	1753
2634.69	1804
2635.58	1808
2636.47	1802
2637.36	1782
2638.25	1796
2639.14	1730
2640.02	1788
2640.91	1768
2641.8	1786
2642.69	1710
2643.58	1749
2644.47	1729
2645.36	1781
2646.25	1763
2647.13	1744
2648.02	1742
2648.91	1808
2649.8	1769
2650.68	1761
2651.57	1763
2652.46	1777
2653.35	1730
2654.23	1788
2655.12	1751
2656.01	1777
2656.89	1783
2657.78	1734
2658.67	1723
2659.55	1713
2660.44	1780
2661.33	1747
2662.21	1730
2663.1	1719
2663.98	1748
2664.87	1717
2665.75	1694
2666.64	1725
2667.52	1714
2668.41	1751
2669.29	1743
2670.18	1753
2671.06	1757
2671.95	1739
2672.83	1744
2673.72	1741
2674.6	1737
2675.49	1769
2676.37	1726
2677.25	1760
2678.14	1746
2679.02	1763
2679.9	1746
2680.79	1731
2681.67	1690
2682.55	1746
2683.44	1733
2684.32	1683
2685.2	1711
2686.08	1764
2686.97	1762
2687.85	1746
2688.73	1736
2689.61	1663
2690.49	1715
2691.38	1676
2692.26	1672
2693.14	1718
2694.02	1729
2694.9	1712
2695.78	1695
2696.66	1740
2697.54	1668
2698.42	1732
2699.3	1683
2700.19	1693
2701.07	1698
2701.95	1643
2702.83	1706
2703.71	1693
2704.58	1666
2705.47	1694
2706.34	1697
2707.22	1670
2708.1	1710
2708.98	1679
2709.86	1675
2710.74	1702
2711.62	1683
2712.5	1683
2713.38	1687
2714.25	1696
2715.13	1727
2716.01	1649
2716.89	1664
2717.77	1644
2718.64	1657
2719.52	1656
2720.4	1708
2721.28	1699
2722.15	1690
2723.03	1661
2723.91	1696
2724.78	1663
2725.66	1628
2726.54	1686
2727.41	1641
2728.29	1631
2729.17	1699
2730.04	1700
2730.92	1671
2731.79	1727
2732.67	1682
2733.55	1699
2734.42	1720
2735.3	1672
2736.17	1697
2737.05	1750
2737.92	1692
2738.8	1676
2739.67	1700
2740.55	1691
2741.42	1670
2742.29	1695
2743.17	1700
2744.04	1651
2744.92	1687
2745.79	1687
2746.66	1687
2747.54	1676
2748.41	1691
2749.28	1648
2750.16	1734
2751.03	1681
2751.9	1745
2752.77	1733
2753.65	1769
2754.52	1737
2755.39	1680
2756.27	1713
2757.14	1738
2758.01	1692
2758.88	1722
2759.75	1696
2760.62	1754
2761.5	1681
2762.37	1780
2763.24	1743
2764.11	1707
2764.98	1745
2765.85	1760
2766.72	1759
2767.59	1776
2768.46	1719
2769.33	1741
2770.2	1780
2771.07	1836
2771.94	1741
2772.81	1747
2773.68	1746
2774.55	1754
2775.42	1727
2776.29	1808
2777.16	1785
2778.03	1785
2778.9	1776
2779.77	1793
2780.64	1772
2781.51	1802
2782.37	1821
2783.24	1792
2784.11	1839
2784.98	1784
2785.85	1800
2786.71	1855
2787.58	1751
2788.45	1857
2789.32	1813
2790.18	1791
2791.05	1806.5
2791.92	1822
2792.79	1832
2793.65	1821
2794.52	1859
2795.39	1841
2796.25	1874
2797.12	1844
2797.98	1830
2798.85	1831
2799.72	1851
2800.58	1871
2801.45	1872
2802.31	1852
2803.18	1845
2804.04	1891
2804.91	1859
2805.77	1954
2806.64	1890
2807.5	1955
2808.37	1938
2809.23	1950
2810.1	1923
2810.96	1905
2811.83	1968
2812.69	1954
2813.55	1989
2814.42	2002
2815.28	2044
2816.15	2053
2817.01	2071
2817.87	2118
2818.74	2120
2819.6	2097
2820.46	2159
2821.32	2111
2822.19	2199
2823.05	2270
2823.91	2260
2824.77	2393
2825.64	2367
2826.5	2507
2827.36	2510
2828.22	2587
2829.08	2711
2829.95	2730
2830.81	2891
2831.67	2921
2832.53	2957
2833.39	3111
2834.25	3266
2835.11	3286
2835.97	3495
2836.83	3466
2837.69	3535
2838.55	3565
2839.41	3540
2840.27	3555
2841.13	3631
2841.99	3589
2842.85	3578
2843.71	3445
2844.57	3319
2845.43	3368
2846.29	3263
2847.15	3114
2848.01	3133
2848.87	2913
2849.73	2888
2850.59	2757
2851.44	2726
2852.3	2573
2853.16	2549
2854.02	2525
2854.88	2414
2855.73	2399
2856.59	2332
2857.45	2275
2858.31	2278
2859.16	2221
2860.02	2229
2860.88	2197
2861.74	2181
2862.59	2128
2863.45	2112
2864.31	2111
2865.16	2168
2866.02	2093
2866.88	2097
2867.73	2062
2868.59	2100
2869.44	2113
2870.3	2038
2871.15	2052
2872.01	2027
2872.86	2032
2873.72	2045
2874.58	2072
2875.43	2096
2876.28	2070
2877.14	2079
2877.99	2063
2878.85	2122
2879.7	2084
2880.56	2056
2881.41	2072
2882.27	2112
2883.12	2071
2883.97	2073
2884.83	2098
2885.68	2071
2886.53	2077
2887.39	2089
2888.24	2050
2889.09	2101
2889.95	2060
2890.8	2073
2891.65	2041
2892.5	2043
2893.36	2092
2894.21	2061
2895.06	2118
2895.91	2109
2896.76	2061
2897.62	2089
2898.47	2031
2899.32	2069
2900.17	2044
2901.02	2018
2901.87	2105
2902.72	2180
2903.58	2098
2904.43	2117
2905.28	2153
2906.13	2146
2906.98	2169
2907.83	2250
2908.68	2167
2909.53	2214
2910.38	2142
2911.23	2222
2912.08	2224
2912.93	2313
2913.78	2296
2914.63	2308
2915.48	2292
2916.33	2368
2917.17	2324
2918.02	2378
2918.87	2380
2919.72	2334
2920.57	2354
2921.42	2408
2922.27	2400
2923.11	2494
2923.96	2447
2924.81	2483
2925.66	2585
2926.51	2605
2927.35	2575
2928.2	2560
2929.05	2641
2929.89	2676
2930.74	2763
2931.59	2742
2932.43	2742
2933.28	2836
2934.13	2774
2934.97	2829
2935.82	2881
2936.67	2856
2937.51	2932
2938.36	2921
2939.2	2922
2940.05	3003
2940.9	2930
2941.74	3017
2942.59	3007
2943.43	3112
2944.28	3112
2945.12	3182
2945.97	3182
2946.81	3113
2947.66	3092
2948.5	3204
2949.35	3193
2950.19	3224
2951.03	3199
2951.88	3081
2952.72	3141
2953.56	3113
2954.41	3055
2955.25	3011
2956.09	2884
2956.94	2854
2957.78	2799
2958.62	2811
2959.47	2791
2960.31	2638
2961.15	2627
2962	2616
2962.84	2548
2963.68	2473
2964.52	2456
2965.36	2401
2966.21	2365
2967.05	2392
2967.89	2363
2968.73	2309
2969.57	2325
2970.41	2330
2971.26	2236
2972.1	2287
2972.94	2263
2973.78	2228
2974.62	2235
2975.46	2159
2976.3	2185
2977.14	2286.09
2977.98	2162.34
2978.82	2199.33
2979.66	2155.5
2980.5	2156.1
2981.34	2127.87
2982.18	2244.05
2983.02	2208.44
2983.86	2177.37
2984.7	2150.85
2985.54	2166.81
2986.38	2128.25
2987.22	2196.43
2988.05	2083.25
2988.89	2023.63
2989.73	2109.37
2990.57	2112.25
2991.41	2089.16
2992.25	2090.03
2993.08	2087.79
2993.92	2047.61
2994.76	2046.29
2995.6	2051.99
2996.44	2044.42
2997.27	2051.39
2998.11	2028.35
2998.95	2016.07
2999.78	1989.9
3000.62	2001.04
3001.46	2068.19
3002.3	2016.61
3003.13	1939.19
3003.97	1949.61
3004.8	1976.69
3005.64	1912.51
3006.48	1956.28
3007.31	1945.57
3008.15	1928.05
3008.99	1956.31
3009.82	1955.37
3010.66	1934.34
3011.49	1893.87
3012.33	1907.7
3013.16	1890.63
3014	1878.37
3014.83	1877.55
3015.67	1873.81
3016.5	1887.54
3017.34	1861.37
3018.17	1828.87
3019.01	1872.56
3019.84	1856.7
3020.67	1845.98
3021.51	1853.97
3022.34	1856.38
3023.18	1860.33
3024.01	1813.77
3024.84	1838.5
3025.68	1832.76
3026.51	1830.42
3027.34	1800.16
3028.18	1809.65
3029.01	1792
3029.84	1777.41
3030.67	1793.03
3031.51	1792.73
3032.34	1793.6
3033.17	1791.74
3034	1796.39
3034.84	1800.8
3035.67	1784.19
3036.5	1789.57
3037.33	1793.66
3038.16	1799.86
3038.99	1803.35
3039.83	1789.37
3040.66	1766.28
3041.49	1790.16
3042.32	1796.45
3043.15	1821.42
3043.98	1810.36
3044.81	1797.1
3045.64	1777.83
3046.47	1757.45
3047.3	1733.96
3048.13	1756.31
3048.96	1781.65
3049.79	1765.16
3050.62	1756.54
3051.45	1761.69
3052.28	1757.49
3053.11	1766.17
3053.94	1761.27
3054.77	1734.67
3055.6	1764.4
3056.43	1820.96
3057.26	1834.61
3058.09	1935.85
3058.92	2013.04
3059.74	2058.23
3060.57	2175.53
3060.94	2243
3061.77	2360
3062.61	2378
3063.44	2375
3064.27	2217
3065.1	2304
3065.94	2285
3066.77	2149
3067.6	2105
3068.43	1957
3069.26	1754
3070.1	1748
3070.93	1723
3071.76	1744
3072.59	1768
3073.42	1742
3074.25	1755
3075.08	1766
3075.91	1776
3076.74	1716
3077.57	1768
3078.41	1751
3079.24	1744
3080.07	1735
3080.9	1760
3081.73	1738
3082.56	1745
3083.39	1753
3084.22	1752
3085.04	1756
3085.87	1731
3086.7	1701
3087.53	1750
3088.36	1732
3089.19	1728
3090.02	1792
3090.85	1790
3091.68	1706
3092.51	1743
3093.33	1742
3094.16	1762
3094.99	1755
3095.82	1757
3096.65	1741
3097.47	1756
3098.3	1774
3099.13	1724
3099.96	1731
3100.78	1706.5
3101.61	1682
3102.44	1696
3103.26	1756
3104.09	1723
3104.92	1697
3105.74	1741
3106.57	1740
3107.4	1764
3108.22	1740
3109.05	1720
3109.88	1686
3110.7	1681.5
3111.53	1677
3112.35	1716
3113.18	1763
3114	1702
3114.83	1710
3115.65	1751
3116.48	1764
3117.3	1726
3118.13	1721
3118.95	1704
3119.78	1758
3120.6	1682
3121.43	1742
3122.25	1740
3123.08	1713
3123.9	1714
3124.72	1741
3125.55	1745
3126.37	1705
3127.2	1726
3128.02	1756
3128.84	1722
3129.67	1716
3130.49	1703
3131.31	1669
3132.13	1677
3132.96	1686
3133.78	1727
3134.6	1671
3135.42	1711
3136.25	1657
3137.07	1724
3137.89	1701
3138.71	1705
3139.53	1724
3140.36	1669
3141.18	1673
3142	1706
3142.82	1679
3143.64	1668
3144.46	1683
3145.28	1696
3146.11	1717
3146.93	1708
3147.75	1675
3148.57	1674
3149.39	1673
3150.21	1667
3151.03	1634
3151.85	1666
3152.67	1702
3153.49	1641
3154.31	1676
3155.13	1689
3155.95	1689
3156.77	1678
3157.59	1672
3158.41	1687
3159.22	1694
3160.04	1658
3160.86	1661
3161.68	1603
3162.5	1682
3163.32	1648
3164.14	1681
3164.96	1668
3165.77	1670
3166.59	1609
3167.41	1627
3168.23	1623
3169.05	1628
3169.86	1650
3170.68	1641
3171.5	1620
3172.32	1663
3173.13	1671
3173.95	1596
3174.77	1660
3175.58	1657
3176.4	1675
3177.22	1616
3178.03	1662
3178.85	1642
3179.67	1654
3180.48	1662
3181.3	1672
3182.11	1635
3182.93	1643
3183.74	1667
3184.56	1640
3185.38	1655
3186.19	1682
3187.01	1651
3187.82	1622
3188.64	1661
3189.45	1614
3190.27	1613
3191.08	1591
3191.89	1620
3192.71	1621
3193.52	1650
3194.34	1651
3195.15	1645
3195.97	1660
3196.78	1648
3197.59	1662
3198.41	1667
3199.22	1659
3200.03	1658
3200.85	1691
3201.66	1647
3202.47	1678
3203.29	1635
3204.1	1669
3204.91	1618
3205.72	1655
3206.54	1644
3207.35	1677
3208.16	1641
3208.97	1695
3209.79	1673
3210.6	1668
3211.41	1646
3212.22	1671
3213.03	1666
3213.84	1637
3214.65	1660
3215.47	1682
3216.28	1668
3217.09	1604
3217.9	1660
3218.71	1661
3219.52	1641
3220.33	1684
3221.14	1644
3221.95	1623
3222.76	1669
3223.57	1687
3224.38	1694
3225.19	1687
3226	1666
3226.81	1679
3227.62	1650
3228.43	1727
3229.24	1673
3230.05	1710
3230.86	1617
3231.67	1680
3232.48	1692
3233.28	1688
3234.09	1664
3234.9	1683
3235.71	1688
3236.52	1681
3237.33	1737
3238.13	1711
3238.94	1662
3239.75	1666
3240.56	1653
3241.37	1688
3242.17	1658
3242.98	1645
3243.79	1715
3244.59	1703
3245.4	1692
3246.21	1650
3247.02	1639
3247.82	1660
3248.63	1691
3249.44	1706
3250.24	1673
3251.05	1716
3251.85	1687
3252.66	1717
3253.47	1684
3254.27	1699
3255.08	1646
3255.88	1629
3256.69	1666
3257.49	1680
3258.3	1697
3259.1	1688
3259.91	1735
3260.71	1669
3261.52	1711
3262.32	1731
3263.13	1639
3263.93	1676
3264.74	1703
3265.54	1716
3266.35	1678
3267.15	1688
3267.95	1716
3268.76	1695
3269.56	1618
3270.36	1680
3271.17	1682
3271.97	1718
3272.77	1686
3273.58	1651
3274.38	1651
3275.18	1744
3275.99	1642
3276.79	1690
3277.59	1692
3278.39	1724
3279.2	1708
3280	1669
3280.8	1651
3281.6	1640
3282.4	1709
3283.21	1662
3284.01	1681
3284.81	1673
3285.61	1691
3286.41	1648
3287.21	1681
3288.01	1686
3288.82	1666
3289.62	1667
3290.42	1681
3291.22	1681
3292.02	1678
3292.82	1684
3293.62	1660
3294.42	1714
3295.22	1703
3296.02	1635
3296.82	1695
3297.62	1618
3298.42	1720
3299.22	1614
3300.02	1667
3300.82	1671
3301.62	1657
3302.42	1616
3303.21	1670
3304.01	1649
3304.81	1667
3305.61	1638
3306.41	1688
3307.21	1712
3308.01	1609
3308.8	1639
3309.6	1672
3310.4	1642
3311.2	1636
3312	1614
3312.79	1612
3313.59	1607
3314.39	1670
3315.19	1690
3315.98	1666
3316.78	1620
3317.58	1659
3318.37	1661
3319.17	1657
3319.97	1716
3320.76	1657
3321.56	1649
3322.36	1632
3323.15	1653
3323.95	1668
3324.75	1612
3325.54	1659
3326.34	1698
3327.13	1668
3327.93	1675
3328.72	1672
3329.52	1662
3330.31	1669
3331.11	1683
3331.9	1703
3332.7	1593
3333.49	1677
3334.29	1604
3335.08	1645
3335.88	1639
3336.67	1667
3337.47	1678
3338.26	1614
3339.05	1657
3339.85	1651
3340.64	1634
3341.44	1698
3342.23	1599
3343.02	1661
3343.82	1639
3344.61	1635
3345.4	1666
3346.2	1629
3346.99	1673
3347.78	1626
3348.57	1683
3349.37	1654
3350.16	1634
3350.95	1593
3351.74	1627
3352.54	1719
3353.33	1593
3354.12	1641
3354.91	1613
3355.7	1649
3356.49	1646
3357.29	1622
3358.08	1655
3358.87	1648
3359.66	1617
3360.45	1646
3361.24	1662
3362.03	1642
3362.82	1633
3363.61	1656
3364.4	1644
3365.19	1606
3365.98	1632
3366.78	1645
3367.57	1635
3368.36	1655
3369.15	1616
3369.93	1619
3370.72	1614
3371.51	1628
3372.3	1623
3373.09	1610
3373.88	1608
3374.67	1671
3375.46	1645
3376.25	1631
3377.04	1611
3377.83	1606
3378.61	1667
3379.4	1625
3380.19	1630
3380.98	1604
3381.77	1600
3382.56	1631
3383.34	1631
3384.13	1629
3384.92	1619
3385.71	1593
3386.49	1639
3387.28	1591
3388.07	1602
3388.86	1611
3389.64	1627
3390.43	1600
3391.22	1596
3392	1604
3392.79	1615
3393.58	1570
3394.36	1619
3395.15	1616
3395.93	1579
3396.72	1638
3397.51	1628
3398.29	1579
3399.08	1580
3399.86	1591
3400.65	1587
3401.44	1600
3402.22	1602
3403.01	1547
3403.79	1571
3404.57	1597
3405.36	1574
3406.14	1585
3406.93	1567
3407.71	1593
3408.5	1589
3409.28	1570
3410.07	1587
3410.85	1587
3411.63	1541
3412.42	1580
3413.2	1548
3413.99	1552
3414.77	1549
3415.55	1560
3416.34	1548
3417.12	1519
3417.9	1544
3418.69	1561
3419.47	1555
3420.25	1576
3421.03	1568
3421.82	1503
3422.6	1558
3423.38	1550
3424.16	1541
3424.95	1570
3425.73	1621
3426.51	1543
3427.29	1532
3428.07	1526
3428.85	1557
3429.64	1556
3430.42	1531
3431.2	1519
3431.98	1564
3432.76	1508
3433.54	1558
3434.32	1544
3435.1	1562
3435.88	1543
3436.66	1541
3437.45	1535
3438.23	1530
3439.01	1539
3439.79	1503
3440.57	1497
3441.35	1569
3442.13	1541
3442.9	1525
3443.68	1520
3444.46	1498
3445.24	1510
3446.02	1509
3446.8	1520
3447.58	1475
3448.36	1549
3449.14	1505
3449.92	1522
3450.7	1535
3451.47	1582
3452.25	1553
3453.03	1524
3453.81	1506
3454.59	1578
3455.36	1480
3456.14	1577
3456.92	1481
3457.7	1525
3458.47	1481
3459.25	1546
3460.03	1541
3460.81	1478
3461.58	1459
3462.36	1501
3463.14	1504
3463.91	1482
3464.69	1493
3465.47	1481
3466.24	1548
3467.02	1501
3467.8	1510
3468.57	1483
3469.35	1465
3470.12	1464
3470.9	1452
3471.68	1515
3472.45	1419
3473.23	1483
3474	1495
3474.78	1465
3475.55	1490
3476.33	1493
3477.1	1463
3477.88	1464
3478.65	1474
3479.43	1448
3480.2	1462
3480.98	1423
3481.75	1417
3482.52	1464
3483.3	1501
3484.07	1486
3484.85	1404
3485.62	1481
3486.39	1448
3487.17	1438
3487.94	1457
3488.71	1442
3489.49	1422
3490.26	1368
3491.03	1418
3491.81	1395
3492.58	1509
3493.35	1424
3494.12	1445
3494.9	1475
3495.67	1426
3496.44	1433
3497.21	1485
3497.99	1398
3498.76	1484
3499.53	1359
3500.3	1433
3501.07	1415
3501.84	1444
3502.62	1373
3503.39	1444
3504.16	1424
3504.93	1404
3505.7	1384
3506.47	1402
3507.24	1410
3508.01	1416
3508.78	1344
3509.55	1422
3510.32	1382
3511.09	1401
3511.86	1320
3512.63	1347
3513.41	1388
3514.17	1382
3514.94	1411
3515.71	1426
3516.48	1354
3517.25	1343
3518.02	1389
3518.79	1362
3519.56	1349
3520.33	1356
3521.1	1385
3521.87	1389
3522.64	1382
3523.4	1368
3524.17	1303
3524.94	1348
3525.71	1381
3526.48	1330
3527.25	1378
3528.01	1375
3528.78	1360
3529.55	1372
3530.32	1351
3531.08	1368
3531.85	1379
3532.62	1336
3533.39	1306
3534.15	1330
3534.92	1349
3535.69	1326
3536.45	1355
3537.22	1343
3537.99	1362
3538.75	1322
3539.52	1269
3540.29	1302
3541.05	1282
3541.82	1349
3542.58	1347
3543.35	1356
3544.12	1335.5
3544.88	1315
3545.65	1319
3546.41	1346
3547.18	1311
3547.94	1317
3548.71	1352
3549.47	1373
3550.24	1307
3551	1313
3551.77	1336
3552.53	1286
3553.3	1288
3554.06	1303
3554.83	1285
3555.59	1299
3556.35	1301
3557.12	1331
3557.88	1288
3558.65	1332
3559.41	1288
3560.17	1310
3560.94	1296
3561.7	1255
3562.46	1334
3563.23	1280
3563.99	1294
3564.75	1268
3565.51	1305
3566.28	1309
3567.04	1297
3567.8	1321
3568.56	1289
3569.33	1267
3570.09	1310
3570.85	1265
3571.61	1277
3572.37	1288
3573.14	1298
3573.9	1272
3574.66	1267
3575.42	1270
3576.18	1249
3576.94	1245
3577.7	1286
3578.47	1247
3579.23	1343
3579.99	1292
3580.75	1284
3581.51	1287
3582.27	1247
3583.03	1241
3583.79	1264
3584.55	1273
3585.31	1272
3586.07	1294
3586.83	1281
3587.59	1247
3588.35	1299
3589.11	1261
3589.87	1263
3590.63	1254
3591.39	1231
3592.15	1292
3592.91	1250
3593.66	1259
3594.42	1196
3595.18	1221
3595.94	1247
3596.7	1245
3597.46	1222
3598.22	1269
3598.97	1223
3599.73	1213
3600.49	1222
3601.25	1259
3602.01	1248
3602.76	1197
3603.52	1223
3604.28	1247
3605.04	1238
3605.79	1175
3606.55	1256
3607.31	1185
3608.06	1228
3608.82	1256
3609.58	1221
3610.33	1225
3611.09	1221
3611.85	1204
3612.6	1220
3613.36	1211
3614.12	1209
3614.87	1191
3615.63	1200
3616.38	1199
3617.14	1176
3617.9	1245
3618.65	1196
3619.41	1172
3620.16	1208
3620.92	1210
3621.67	1195
3622.43	1186
3623.18	1181
3623.94	1163
3624.69	1202
3625.45	1226
3626.2	1136
3626.96	1202
3627.71	1170
3628.46	1181
3629.22	1192
3629.97	1125
3630.72	1161
3631.48	1174
3632.23	1191
3632.99	1146
3633.74	1173
3634.49	1179
3635.25	1204
3636	1141
3636.75	1188
3637.51	1171
3638.26	1093
3639.01	1146
3639.76	1151
3640.52	1182
3641.27	1127
3642.02	1163
3642.77	1165
3643.53	1142
3644.28	1141
3645.03	1156
3645.78	1158
3646.53	1154
3647.28	1136
3648.04	1150
3648.79	1105
3649.54	1126
3650.29	1131
3651.04	1124
3651.79	1136
3652.54	1067
3653.29	1099
3654.04	1138
3654.8	1169
3655.55	1115
3656.3	1123
3657.05	1137
3657.8	1109
3658.55	1148
3659.3	1127
3660.05	1167
3660.8	1132
3661.55	1157
3662.3	1149
3663.05	1143
3663.79	1130
3664.54	1107
3665.29	1126
3666.04	1129
3666.79	1104
3667.54	1141
3668.29	1088
3669.04	1139
3669.79	1113
3670.53	1131
3671.28	1091
3672.03	1113
3672.78	1130
3673.53	1149
3674.27	1102
3675.02	1095
3675.77	1150
3676.52	1130
3677.27	1151
3678.01	1127
3678.76	1147
3679.51	1077
3680.26	1076
3681	1146
3681.75	1109
3682.5	1128
3683.24	1151
3683.99	1114
3684.74	1102
3685.48	1099
3686.23	1088
3686.97	1111
3687.72	1097
3688.47	1102
3689.21	1121
3689.96	1081
3690.7	1078
3691.45	1131
3692.2	1036
3692.94	1093
3693.69	1085
3694.43	1117
3695.18	1086
3695.92	1084
3696.67	1072
3697.41	1079
3698.16	1065
3698.9	1074
3699.65	1093
3700.39	1113
3701.13	1099
3701.88	1068
3702.62	1067
3703.37	1065
3704.11	1067
3704.85	1085
3705.6	1051
3706.34	1077
3707.08	1045
3707.83	1093
3708.57	1058.54
3709.31	1073.27
3710.06	1097.67
3710.8	1093.77
3711.54	1060.66
3712.29	1092.91
3713.03	1070.81
3713.77	1052.65
3714.51	1075.06
3715.26	1078.99
3716	1089.88
3716.74	1071.53
3717.48	1054.81
3718.22	1043.34
3718.97	1076.97
3719.71	1079.45
3720.45	1075.01
3721.19	1055.95
3721.93	1046.69
3722.67	1058.98
3723.42	1044.58
3724.16	1061.47
3724.9	1036.3
3725.64	1026.88
3726.38	1029.56
3727.12	1054.06
3727.86	1059.83
3728.6	1038.77
3729.34	1047.02
3730.08	1068.92
3730.82	1028.46
3731.56	1046.64
3732.3	1054.53
3733.04	1040.05
3733.78	1076.13
3734.52	1064.81
3735.26	1056.85
3736	1072.42
3736.74	1076.86
3737.48	1053.91
3738.22	1039.46
3738.96	1040.79
3739.7	1059.47
3740.44	1061.4
3741.18	1051.32
3741.91	1066.4
3742.65	1046.52
3743.39	1031.76
3744.13	1035.72
3744.87	1034.63
3745.61	1034.77
3746.34	1048.13
3747.08	1067.98
3747.82	1047.53
3748.56	1070.12
3749.3	1054.87
3750.03	1030.01
3750.77	1042.48
3751.51	1064.88
3752.25	1059.12
3752.98	1052.16
3753.72	1050.7
3754.46	1037.48
3755.19	1055.15
3755.93	1058.42
3756.67	1005.52
3757.41	1045
3758.14	1066.42
3758.88	1074.62
3759.61	1049.01
3760.35	1064.19
3761.09	1061.89
3761.82	1040.03
3762.56	1048.95
3763.29	1056.57
3764.03	1051.61
3764.77	1060.52
3765.5	1053.72
3766.24	1049.2
3766.97	1059.15
3767.71	1065.17
3768.44	1063.5
3769.18	1085.61
3769.91	1064.91
3770.65	1048.92
3771.38	1045.75
3772.12	1047.71
3772.85	1089.87
3773.59	1069.2
3774.32	1047.64
3775.05	1074.22
3775.79	1070.44
3776.52	1073.93
3777.26	1070.7
3777.99	1040.74
3778.72	1028.59
3779.46	1048.87
3780.19	1068.68
3780.93	1068.75
3781.66	1076.09
3782.39	1075.99
3782.77	1065
3783.51	1111
3784.25	1067
3784.98	1115
3785.72	1077
3786.46	1071
3787.19	1098
3787.93	1046
3788.67	1085
3789.4	1107
3790.14	1098
3790.88	1103
3791.61	1098
3792.35	1085
3793.08	1062
3793.82	1113
3794.56	1086
3795.29	1109
3796.03	1098
3796.76	1087
3797.5	1072
3798.23	1100
3798.97	1075
3799.7	1076
3800.44	1111
3801.17	1073
3801.91	1097
3802.64	1100
3803.38	1103
3804.11	1062
3804.85	1050
3805.58	1039
3806.32	1088
3807.05	1054
3807.79	1066
3808.52	1076
3809.25	1094
3809.99	1086
3810.72	1075
3811.45	1095
3812.19	1051
3812.92	1101
3813.65	1079
3814.39	1070
3815.12	1123
3815.85	1103
3816.59	1110
3817.32	1102
3818.05	1101.5
3818.78	1101
3819.52	1092
3820.25	1083
3820.98	1119
3821.71	1102
3822.45	1118
3823.18	1083
3823.91	1120
3824.64	1060
3825.37	1081
3826.11	1060
3826.84	1054
3827.57	1048
3828.3	1071
3829.03	1049
3829.76	1101
3830.49	1030
3831.22	1065
3831.96	1080
3832.69	1073
3833.42	1078
3834.15	1086
3834.88	1067
3835.61	1072
3836.34	1060
3837.07	1014
3837.8	1075
3838.53	1047
3839.26	1052
3839.99	1043
3840.72	1059
3841.45	1021
3842.18	1066
3842.91	1046
3843.64	1068
3844.37	1040
3845.09	1038
3845.82	1063
3846.55	1035
3847.28	1034
3848.01	1068
3848.74	1030
3849.47	1030
3850.2	1078
3850.92	1043
3851.65	1024
3852.38	1044
3853.11	1022
3853.84	1031
3854.56	1033
3855.29	979
3856.02	1033
3856.75	1052
3857.48	1014
3858.2	1029
3858.93	1039
3859.66	1040
3860.38	1000
3861.11	987
3861.84	988
3862.56	1034
3863.29	1013
3864.02	1010
3864.74	1009
3865.47	1011
3866.2	992
3866.92	976
3867.65	994
3868.38	1009
3869.1	1015
3869.83	994
3870.55	1002
3871.28	942
3872	969
3872.73	970
3873.45	992
3874.18	991
3874.91	940
3875.63	946
3876.36	1003
3877.08	968
3877.81	1011
3878.53	978
3879.25	999
3879.98	976
3880.7	962
3881.43	1002
3882.15	954
3882.88	982
3883.6	979
3884.32	998
3885.05	972
3885.77	947
3886.5	1015
3887.22	956
3887.94	958
3888.67	991
3889.39	953
3890.11	980
3890.83	973
3891.56	949
3892.28	1013
3893	946
3893.73	950
3894.45	997
3895.17	999
3895.89	980
3896.62	986
3897.34	1002
3898.06	966
3898.78	970
3899.5	1012
3900.23	968
3900.95	1004
3901.67	1013
3902.39	936
3903.11	964
3903.83	947
3904.55	983
3905.28	913
3906	980
3906.72	951
3907.44	988
3908.16	976
3908.88	936
3909.6	911
3910.32	992
3911.04	987
3911.76	995
3912.48	969
3913.2	999
3913.92	1006
3914.64	990
3915.36	924
3916.08	951
3916.8	1012
3917.52	961
3918.24	964
3918.96	1014
3919.68	978
3920.4	943
3921.12	967
3921.84	950
3922.55	978
3923.27	954
3923.99	941
3924.71	915
3925.43	934
3926.15	981
3926.87	946
3927.58	981
3928.3	974
3929.02	941
3929.74	964
3930.46	951
3931.17	949
3931.89	943
3932.61	959
3933.33	976
3934.04	979
3934.76	950
3935.48	973
3936.2	1003
3936.91	940
3937.63	935
3938.35	955
3939.06	952
3939.78	987
3940.49	967
3941.21	984
3941.93	957
3942.64	966
3943.36	978
3944.08	979
3944.79	946
3945.51	979
3946.22	949
3946.94	971
3947.65	941
3948.37	936
3949.09	944
3949.8	963
3950.52	959
3951.23	924
3951.95	928
3952.66	910
3953.38	957
3954.09	994
3954.8	952
3955.52	950
3956.23	948
3956.95	931
3957.66	938
3958.38	939
3959.09	928
3959.8	959
3960.52	950
3961.23	949
3961.95	938
3962.66	970
3963.37	942
3964.09	942
3964.8	945
3965.51	947
3966.23	971
3966.94	932
3967.65	943
3968.36	952
3969.08	933
3969.79	917
3970.5	915
3971.21	948
3971.93	910
3972.64	938
3973.35	949
3974.06	930
3974.78	895
3975.49	947
3976.2	936
3976.91	972
3977.62	932
3978.33	926
3979.04	912
3979.76	925
3980.47	912
3981.18	969
3981.89	927
3982.6	935
3983.31	924
3984.02	925
3984.73	955
3985.44	903
3986.15	925
3986.86	944
3987.57	916
3988.28	898
3988.99	919
3989.7	921
3990.41	958
3991.12	885
3991.83	910
3992.54	949
3993.25	931
3993.96	893
3994.67	926
3995.38	903
3996.09	931
3996.8	923
3997.51	921
3998.22	865
3998.93	935
3999.63	917
