100.426	23857
101.709	23630
102.992	23552
104.275	23436
105.558	23346
106.841	23330
108.123	23034
109.405	22688
110.687	22757
111.969	22431
113.251	22323
114.532	22299
115.813	22380
117.094	22030
118.375	22224
119.655	21998
120.936	21864
122.216	21728
123.496	21909
124.774	21600
126.053	21753
127.333	21493
128.612	21347
129.891	21299
131.169	21314
132.448	21202
133.726	21215
135.004	21027
136.28	21079
137.558	20965
138.835	20945
140.112	20917
141.389	20895
142.666	20741
143.941	20873
145.218	20839
146.494	20744
147.77	20761
149.045	20709
150.319	20558
151.595	20533
152.87	20667
154.145	20544
155.418	20468
156.692	20580
157.967	20347
159.241	20441
160.513	20355
161.787	20218
163.06	20268
164.333	20168
165.605	19835
166.878	20249
168.15	19688
169.421	19681
170.694	19678
171.966	19441
173.236	19577
174.507	19589
175.779	19583
177.049	19269
178.319	19467
179.589	19404
180.859	24316
182.13	19364
183.398	19325
184.668	19491
185.936	19493
187.206	19281
188.474	19264
189.743	19275
191.012	19333
192.279	19361
193.548	19284
194.814	19384
196.082	19243
197.349	19372
198.616	19309
199.882	19333
201.15	19178
202.415	19241
203.682	19281
204.947	19157
206.214	19061
207.478	19321
208.744	18952
210.009	18946
211.273	19083
212.538	19025
213.802	19041
215.067	19109
216.33	18849
217.593	18985
218.858	18575
220.12	18845
221.384	18691
222.647	18651
223.909	18825
225.172	18784
226.434	18564
227.695	18724
228.958	18536
230.219	18655
231.48	18615
232.742	18649
234.002	18611
235.263	18662
236.523	18381
237.784	18499
239.044	18484
240.303	18251
241.564	18446
242.823	18249
244.082	18269
245.34	18383
246.6	18205
247.858	18220
249.116	18031
250.374	18105
251.632	18032
252.89	18062
254.148	18054
255.405	17948
256.661	17804
257.918	17720
259.174	17611
260.432	17555
261.688	17529
262.944	17398
264.199	17497
265.455	17372
266.71	17353
267.965	17403
269.219	17290
270.474	17180
271.728	17301
272.984	17176
274.238	17377
275.492	17321
276.745	17129
277.998	17228
279.252	17160
280.504	17315
281.757	17321
283.01	17319
284.262	17438
285.514	17306
286.766	17418
288.018	17369
289.269	17320
290.521	17243
291.772	17316
293.023	17263
294.273	17394
295.524	17291
296.774	17286
298.023	17212
299.273	17366
300.522	17304
301.772	17305
303.021	17334.5
304.27	17364
305.519	17349
306.768	17368
308.016	17326
309.263	17276
310.511	17229
311.759	17163
313.007	17066
314.254	17205
315.501	16929
316.747	17221
317.994	17168
319.241	17057
320.487	17105
321.733	17052
322.978	16851
324.224	16902
325.469	16967
326.715	16994
327.959	16898
329.204	16924
330.449	17064
331.692	16829
332.936	16960
334.181	17097
335.425	17097
336.667	17045
337.911	16898
339.154	16920
340.396	16939
341.639	16732
342.882	16821
344.123	16750
345.366	16622
346.608	16803
347.849	16789
349.09	16682
350.331	16589
351.572	16662
352.813	16654
354.053	16444
355.294	16493
356.533	16499
357.774	16433
359.012	16165
360.252	16272
361.491	16138
362.731	16187
363.969	16063
365.208	16032
366.447	15984
367.684	15796
368.923	15831
370.16	15726
371.397	15690
372.635	15565
373.871	15757
375.109	15502
376.345	15503
377.583	15584
378.818	15462
380.055	15385
381.29	15541
382.525	15395
383.762	15393
384.996	15252
386.232	15493
387.466	15394
388.701	15391
389.936	15234
391.17	15166
392.403	15338
393.638	15513
394.871	15491
396.104	15440
397.338	15560
398.57	15413
399.803	15570
401.036	15354
402.268	15412
403.5	15386
404.731	15411
405.964	15319
407.195	15523
408.426	15406
409.657	15651
410.889	15398
412.119	15496
413.349	15564
414.579	15701
415.809	15553
417.04	15492
418.269	15630
419.498	15494
420.727	15596
421.956	15642
423.184	15549
424.414	15523
425.642	15526
426.87	15538
428.098	15763
429.326	15670
430.553	15548
431.78	15673
433.007	15464
434.234	15576
435.462	15463
436.688	15576
437.915	15461
439.141	15567
440.366	15584
441.592	15360
442.817	15429
444.043	15248
445.268	15354
446.492	15250
447.717	15341
448.941	15353
450.166	15286
451.39	15312
452.614	15220
453.837	15148
455.061	15251
456.284	15013
457.507	15092
458.729	15034
459.951	15010
461.174	15018
462.396	15022
463.618	14939
464.84	14910
466.062	14903
467.283	14829
468.505	14795
469.724	14733
470.945	14882
472.166	14682
473.386	14861
474.607	14790
475.827	14842
477.045	14595
478.265	14506
479.485	14600
480.704	14445
481.923	14298
483.141	14535
484.36	14406
485.578	14376
486.797	14401
488.013	14381
489.231	14359
490.449	14295
491.665	14333
492.883	14344
494.1	14151
495.317	14215
496.533	14194
497.749	14221
498.966	14195
500.181	14203
501.397	14295
502.611	14284
503.827	14248
505.042	14111
506.256	14064
507.471	14311
508.686	14186
509.9	14059
511.114	14229
512.327	14281
513.541	14170
514.754	14142
515.967	14018
517.181	14108
518.393	14232
519.606	14232
520.818	14226
522.031	14191
523.242	14095
524.454	14251
525.665	14114
526.877	14162
528.087	14101
529.299	14152
530.509	14007
531.719	14178
532.93	14195
534.14	14008
535.35	13985
536.559	14161
537.77	13960
538.978	14030
540.187	13831
541.397	14151
542.605	13979
543.814	13719
545.022	13952
546.229	13890
547.438	13821
548.645	13831
549.852	13791
551.06	13732
552.267	13681
553.473	13642
554.68	13589
555.887	13506
557.093	13499
558.298	13432
559.505	13345
560.711	13286
561.916	13360
563.121	13158
564.327	13104
565.531	13214
566.735	13145
567.94	13188
569.143	13067
570.349	13039
571.552	13000
572.755	12854
573.959	12922
575.162	12887
576.364	12785
577.568	12682
578.771	12657
579.973	12782
581.175	12767
582.377	12756
583.578	12570
584.78	12618
585.981	12580
587.182	12665
588.383	12601
589.585	12589
590.786	12639
591.986	12525
593.186	12659
594.386	12581
595.586	12612
596.785	12579
597.985	12516
599.184	12536
600.383	12508
601.582	12509
602.78	12563
603.979	12378
605.177	12484
606.375	12600
607.572	12373
608.769	12555
609.967	12569
611.164	12439
612.361	12434
613.558	12472
614.755	12464
615.951	12503
617.148	12545
618.344	12363
619.538	12547
620.734	12390
621.93	12531
623.125	12442
624.32	12244
625.515	12368
626.709	12420
627.903	12254
629.098	12386
630.292	12196
631.486	12380
632.679	12166
633.872	12270
635.066	12246
636.259	12222
637.451	12177
638.644	12160
639.837	12141
641.028	12033
642.22	12085
643.413	12178
644.605	12041
645.795	11937
646.987	11984
648.178	11995
649.368	12065
650.559	11870
651.749	12037
652.939	11899
654.13	11821
655.319	11896
656.509	11789
657.699	11904
658.887	11922
660.077	11990
661.265	11771
662.454	11852
663.642	11884
664.83	11743
666.018	11832
667.206	11790
668.393	11875
669.581	11875
670.768	11782
671.955	11637
673.142	11825
674.329	11718
675.515	11850
676.702	11780
677.887	11873
679.074	11744
680.259	11975
681.445	11839
682.63	11868
683.814	11972
685	11883
686.184	11859
687.369	11773
688.553	11976
689.736	11844
690.921	11798
692.104	11672
693.287	11855
694.471	11761
695.654	11916
696.836	11751
698.02	11761
699.202	11795
700.384	11830
701.567	11576
702.749	11719
703.93	11840
705.111	11711
706.293	11749
707.474	11610
708.655	11641
709.835	11565
711.017	11497
712.197	11611
713.377	11504
714.556	11543
715.736	11389
716.916	11342
718.096	11373
719.274	11423
720.453	11398
721.632	11370
722.81	11298
723.988	11187
725.168	11330
726.345	11294
727.523	11308
728.701	11156
729.878	11215
731.055	11342
732.232	11331
733.408	11310
734.585	11071
735.761	11167
736.938	11076
738.113	11194
739.289	11205
740.465	11055
741.64	11188
742.816	11170
743.991	11152
745.165	11196
746.34	11081
747.515	11152
748.689	11070
749.863	11120
751.037	11208
752.211	11129
753.384	11024
754.558	11287
755.731	11101
756.903	11218
758.076	11080
759.248	11189
760.421	11179
761.593	11243
762.765	11216
763.937	11090
765.108	11067
766.279	11203
767.451	11345
768.622	11206
769.793	11171
770.962	11211
772.133	11142
773.303	11062
774.474	11176
775.642	11092
776.812	11083
777.982	11173
779.152	11205
780.32	11141
781.489	11119
782.658	11230
783.825	11108
784.994	10916
786.163	10855
787.331	10895
788.498	10932
789.666	11034
790.832	10971
792	10833
793.167	10837
794.333	10803
795.5	10792
796.667	10718
797.832	10770
798.998	10757
800.163	10775
801.329	10655
802.494	10583
803.66	10589
804.824	10685
805.989	10571
807.153	10497
808.318	10539
809.483	10714
810.646	10574
811.81	10568
812.974	10387
814.137	10332
815.301	10465
816.463	10423
817.627	10329
818.789	10294
819.952	10322
821.114	10410
822.275	10384
823.438	10476
824.599	10252
825.761	10150
826.922	10373
828.083	10167
829.244	10330
830.405	10189
831.565	10232
832.726	10275
833.886	10164
835.045	10221
836.206	10201
837.365	10156
838.524	10187
839.683	10206
840.843	10149
842.001	10336
843.159	10132
844.318	10248
845.477	10084
846.635	10248
847.792	10036
848.949	10151
850.108	10118
851.265	10228
852.422	10323
853.578	10157
854.735	10232
855.891	10161
857.049	10265
858.205	10303
859.36	10126
860.516	10205
861.671	10123
862.827	10176
863.982	10135
865.137	10326
866.291	10260
867.446	10222
868.601	10207
869.756	10188
870.909	10144
872.063	10242
873.217	10345
874.37	10453
875.524	10370
876.677	10500
877.83	10479
878.982	10480
880.135	10487
881.287	10353
882.439	10366
883.59	10374
884.742	10236
885.894	10181
887.045	10154
888.196	10068
889.347	9962
890.498	9744
891.649	9716
892.8	9616
893.95	9583.5
895.099	9551
896.249	9530
897.399	9316
898.549	9529
899.698	9249
900.848	9275
901.995	9377
903.144	9356
904.293	9196
905.442	9172
906.589	9263
907.737	9049
908.885	9150
910.033	9158
911.18	9190
912.327	9191
913.475	9058
914.622	9028
915.768	9094
916.914	9179
918.061	9204
919.206	8995
920.353	9073
921.499	9015
922.643	9026
923.789	8998
924.933	9002
926.079	8972
927.224	9035
928.368	9025
929.513	8974
930.656	8941
931.801	9058
932.945	9060
934.088	9042
935.232	9083
936.375	9130
937.518	9108
938.661	9151
939.804	9064
940.946	9098
942.089	9170
943.23	9136
944.373	9059
945.514	9168
946.656	9047
947.797	9086
948.939	9108
950.079	9121
951.22	9103
952.361	9022
953.501	9076
954.642	9130
955.782	9123
956.921	9049
958.061	9180
959.2	9025
960.339	9130
961.479	9059
962.618	9203
963.756	9259
964.896	9140
966.034	9178
967.171	9073
968.31	9183
969.448	9125
970.585	9112
971.722	9059
972.86	9185
973.997	9145
975.134	9115
976.27	9161
977.406	9022
978.544	9127
979.68	9017
980.815	9004
981.951	9095
983.086	9044
984.223	9104
985.358	9054
986.493	9113
987.627	9090
988.762	8966
989.896	9067
991.03	9136
992.164	9189
993.298	9105
994.433	9207
995.566	9073
996.7	9226
997.833	9407
998.966	9391
1000.1	9475
1001.23	9569
1002.36	9758
1003.5	9789
1004.63	9944
1005.76	10022
1006.89	10200
1008.02	10384
1009.15	10710
1010.29	10741
1011.42	11107
1012.55	11352
1013.68	11619
1014.81	11896
1015.94	11956
1017.07	12160
1018.2	12307
1019.33	12520
1020.46	12633
1021.59	12726
1022.71	12949
1023.84	12963
1024.97	13000
1026.1	13171
1027.23	13216
1028.36	12992
1029.49	12860
1030.61	12814
1031.74	12502
1032.87	12354
1034	12129
1035.12	11852
1036.25	11605
1037.38	11288
1038.5	11060
1039.63	10676
1040.76	10468
1041.88	10173
1043.01	9925
1044.13	9661
1045.26	9599
1046.38	9461
1047.51	9204
1048.63	9061
1049.76	8842
1050.88	8787
1052.01	8880
1053.13	8640
1054.25	8590
1055.38	8576
1056.5	8424
1057.63	8381
1058.75	8301
1059.87	8310
1060.99	8321
1062.12	8354
1063.24	8302
1064.36	8191
1065.48	8302
1066.61	8138
1067.73	8162
1068.85	8138
1069.97	8088
1071.09	8290
1072.21	8061
1073.33	8152
1074.45	8140
1075.57	8087
1076.69	8259
1077.82	8175
1078.93	8217
1080.05	8187
1081.17	8184
1082.29	8054
1083.41	8177
1084.53	8007
1085.65	8121
1086.77	8147
1087.89	8164
1089.01	8160
1090.12	8159
1091.24	8290
1092.36	8065
1093.48	8151
1094.59	8063
1095.71	8194
1096.83	8196
1097.94	8190
1099.06	8215
1100.18	8148
1101.29	8165
1102.41	8124
1103.53	8229
1104.64	8155
1105.76	8214
1106.87	8270
1107.99	8296
1109.1	8181
1110.22	8170
1111.33	8199
1112.45	8313
1113.56	8226
1114.68	8153
1115.79	8271
1116.9	8301
1118.02	8224
1119.13	8143
1120.24	8211
1121.36	8102
1122.47	8110
1123.58	8176
1124.69	8025
1125.81	7966
1126.92	8016
1128.03	8053
1129.14	7919
1130.25	7938
1131.37	7945
1132.48	7888
1133.59	7892
1134.7	7902
1135.81	7886
1136.92	7862
1138.03	7768
1139.14	7800
1140.25	7711
1141.36	7752
1142.47	7710
1143.58	7637
1144.69	7767
1145.8	7722
1146.9	7735
1148.01	7616
1149.12	7640
1150.23	7591
1151.34	7714
1152.45	7592
1153.55	7604
1154.66	7576
1155.77	7688
1156.88	7560
1157.98	7556
1159.09	7467
1160.2	7613
1161.3	7382
1162.41	7487
1163.52	7375
1164.62	7444
1165.73	7459
1166.83	7349
1167.94	7322
1169.04	7322
1170.15	7171
1171.25	7092
1172.36	7111
1173.46	7141
1174.57	7142
1175.67	7208
1176.78	7203
1177.88	7034
1178.98	7013
1180.09	6931
1181.19	7025
1182.29	6975
1183.4	6919
1184.5	6939
1185.6	6865
1186.7	6795
1187.81	6776
1188.91	6936
1190.01	6826
1191.11	6739
1192.21	6815
1193.31	6718
1194.41	6767
1195.52	6784
1196.62	6687.27
1197.72	6763.64
1198.82	6657.44
1199.92	6818.91
1201.02	6719.19
1202.12	6694.29
1203.22	6773.55
1204.32	6789.05
1205.42	6696.08
1206.52	6651.97
1207.61	6788.7
1208.71	6712.64
1209.81	6691.66
1210.91	6667.24
1212.01	6743.64
1213.11	6749.85
1214.21	6711.06
1215.3	6709.11
1216.4	6690.76
1217.5	6641.52
1218.6	6721.9
1219.69	6750.26
1220.79	6690.5
1221.89	6768.71
1222.98	6719.74
1224.08	6698.16
1225.17	6791.96
1226.27	6771.28
1227.37	6738.62
1228.46	6838.96
1229.56	6799.73
1230.65	6778.68
1231.75	6738.06
1232.84	6742.57
1233.94	6694.04
1235.03	6843.14
1236.13	6774.99
1237.22	6789.23
1238.31	6794.3
1239.41	6788.84
1240.5	6783.64
1241.6	6793.41
1242.69	6683.42
1243.78	6746.57
1244.88	6725.15
1245.97	6789.52
1247.06	6805.55
1248.15	6742.17
1249.24	6780.81
1250.34	6852.74
1251.43	6815.19
1252.52	6779.87
1253.61	6791.3
1254.7	6849.89
1255.8	6886.73
1256.89	6858.02
1257.98	6832.11
1259.07	6775.2
1260.16	6853.06
1261.25	6886.37
1262.34	6854.22
1263.43	6878.88
1264.52	6904.29
1265.61	6877.57
1266.7	6971.18
1267.79	6942.19
1268.87	6954.72
1269.96	6906.52
1271.05	6934.4
1272.14	6979.8
1273.23	6975.54
1274.32	6936.54
1275.41	6949.46
1276.49	6914.38
1277.58	6943.65
1278.67	6943.85
1279.76	6975.45
1280.84	6885.23
1281.93	6882.57
1283.02	6867.42
1284.1	6839.28
1285.19	6862.65
1286.28	6836.62
1287.36	6781.47
1288.45	6803.92
1289.53	6773.92
1290.62	6693.32
1291.71	6742.33
1292.79	6762.61
1293.88	6754.53
1294.96	6673.53
1296.05	6683.4
1297.13	6658.82
1298.21	6685.39
1299.3	6616.89
1300.38	6576.92
1301.47	6638.99
1302.55	6624.25
1303.63	6612.74
1304.72	6641.91
1305.8	6557.81
1306.88	6571.6
1307.65	6631
1308.74	6603
1309.83	6557
1310.92	6571
1312	6666
1313.09	6547
1314.18	6475
1315.26	6361
1316.35	6466
1317.44	6432
1318.52	6446
1319.61	6447
1320.7	6440
1321.78	6534
1322.87	6397
1323.95	6326
1325.04	6304
1326.12	6350
1327.21	6279
1328.29	6439
1329.38	6352
1330.46	6332
1331.55	6431
1332.63	6356
1333.72	6288
1334.8	6236
1335.88	6262
1336.97	6268
1338.05	6233
1339.13	6366
1340.22	6283
1341.3	6316
1342.38	6299
1343.47	6367
1344.55	6344
1345.63	6357
1346.71	6318
1347.79	6261
1348.88	6193
1349.96	6315
1351.04	6244
1352.12	6226
1353.2	6228
1354.28	6363
1355.36	6366
1356.44	6341
1357.52	6316
1358.6	6298
1359.68	6280
1360.76	6364
1361.84	6311
1362.92	6418
1364	6395
1365.08	6335
1366.16	6409
1367.24	6443
1368.32	6366
1369.39	6438
1370.47	6425
1371.55	6410
1372.63	6395
1373.71	6390
1374.78	6506
1375.86	6475
1376.94	6539
1378.02	6522
1379.09	6569
1380.17	6441
1381.24	6552
1382.32	6667
1383.4	6704
1384.47	6561
1385.55	6492
1386.62	6647
1387.7	6538
1388.78	6497
1389.85	6602
1390.93	6526
1392	6675
1393.08	6587
1394.15	6579
1395.22	6631
1396.3	6685
1397.37	6696
1398.45	6666
1399.52	6629
1400.59	6508
1401.67	6649
1402.74	6527
1403.81	6590
1404.88	6606
1405.96	6661
1407.03	6614
1408.1	6580
1409.17	6661
1410.25	6672
1411.32	6610
1412.39	6577
1413.46	6650
1414.53	6640
1415.6	6548
1416.67	6621
1417.74	6552
1418.82	6522
1419.88	6541
1420.96	6577
1422.03	6523
1423.1	6579
1424.16	6510
1425.23	6574
1426.3	6578
1427.37	6554
1428.44	6571
1429.51	6480
1430.58	6662
1431.65	6543
1432.72	6633
1433.79	6535
1434.85	6662
1435.92	6574
1436.99	6677
1438.06	6680
1439.12	6682
1440.19	6911
1441.26	6911
1442.32	6931
1443.39	7099
1444.46	7199
1445.52	7131
1446.59	7324
1447.65	7491
1448.72	7656
1449.79	7571
1450.85	7598
1451.92	7552
1452.98	7761
1454.05	7647
1455.11	7695
1456.18	7703
1457.24	7627
1458.31	7656
1459.37	7561
1460.43	7440
1461.5	7430
1462.56	7433
1463.63	7430
1464.69	7500
1465.75	7416
1466.81	7387
1467.88	7351
1468.94	7408
1470	7339
1471.06	7361
1472.13	7243
1473.19	7323
1474.25	7253
1475.31	7138
1476.37	7236
1477.44	7070
1478.5	7103
1479.56	7093
1480.62	7104
1481.68	6950
1482.74	6934
1483.8	6858
1484.86	6768
1485.92	6730
1486.98	6666
1488.04	6738
1489.1	6662
1490.16	6541
1491.22	6485
1492.27	6475
1493.33	6453
1494.39	6432
1495.45	6279
1496.51	6303
1497.57	6252
1498.63	6273
1499.68	6175
1500.74	6160
1501.8	6177
1502.85	6225
1503.91	6099
1504.97	6152
1506.03	6071
1507.08	6068
1508.14	5929
1509.2	5931
1510.25	6029
1511.31	6045
1512.36	5815
1513.42	5884
1514.47	5932
1515.53	5784
1516.58	5762
1517.64	5819
1518.69	5909
1519.75	5791
1520.8	5733
1521.86	5666
1522.91	5598
1523.97	5651
1525.02	5599
1526.07	5595
1527.13	5634
1528.18	5570
1529.23	5554
1530.29	5509
1531.34	5546
1532.39	5470
1533.44	5474
1534.5	5489
1535.55	5457
1536.6	5447
1537.65	5415
1538.7	5404
1539.75	5337
1540.81	5379
1541.86	5344
1542.91	5348
1543.96	5324
1545.01	5248
1546.06	5266
1547.11	5270
1548.16	5154
1549.21	5234
1550.26	5170
1551.31	5258
1552.36	5237
1553.41	5160
1554.46	5266
1555.51	5099
1556.56	5207
1557.6	5167
1558.65	5164
1559.7	5054
1560.75	5043
1561.8	5158
1562.85	5003
1563.89	5026
1564.94	5035
1565.99	5031
1567.03	5049
1568.08	5026
1569.13	5030
1570.18	5058
1571.22	4956
1572.27	4978
1573.31	5060
1574.36	4968
1575.41	5096
1576.45	5001
1577.5	5025
1578.54	5043
1579.59	5062
1580.63	5071
1581.68	5044
1582.72	5046
1583.77	4965
1584.81	4920
1585.86	4986
1586.9	5035
1587.94	5029
1588.99	5007
1590.03	4970
1591.07	4917
1592.12	5000
1593.16	5029
1594.2	4902
1595.25	5074
1596.29	5077
1597.33	5044
1598.37	5103
1599.41	4966
1600.46	5037
1601.5	5080
1602.54	5010
1603.58	4959
1604.62	5012
1605.66	5028
1606.71	5083
1607.75	5045
1608.79	5155
1609.83	5068
1610.87	5043
1611.91	5129
1612.95	5043
1613.99	5066
1615.03	4916
1616.07	5045
1617.11	4960
1618.14	4979
1619.18	5110
1620.22	4936
1621.26	5038
1622.3	4990
1623.34	5065
1624.38	4970
1625.42	5006
1626.45	4891
1627.49	4893
1628.53	5061
1629.56	4969
1630.6	4923
1631.64	4955
1632.68	4944
1633.71	4945
1634.75	4875
1635.79	4908
1636.82	4871
1637.86	4924
1638.89	4896
1639.93	5006
1640.97	4853
1642	4854
1643.04	4778
1644.07	4814
1645.11	4872
1646.14	4771
1647.18	4809
1648.21	4809
1649.24	4720
1650.28	4743
1651.31	4733
1652.35	4677
1653.38	4700
1654.41	4696
1655.45	4725
1656.48	4707
1657.51	4677
1658.55	4556
1659.58	4737
1660.61	4642
1661.64	4608
1662.67	4586
1663.71	4505
1664.74	4590
1665.77	4576
1666.8	4519
1667.83	4481
1668.86	4627
1669.9	4440
1670.93	4474
1671.96	4515
1672.99	4424
1674.02	4491
1675.05	4416
1676.08	4418
1677.11	4437
1678.14	4380
1679.17	4442
1680.2	4389
1681.23	4383
1682.26	4380
1683.28	4338
1684.31	4289
1685.34	4287
1686.37	4343
1687.4	4327
1688.43	4302
1689.46	4273
1690.48	4179
1691.51	4251
1692.54	4192
1693.57	4200
1694.59	4181
1695.62	4194
1696.65	4138
1697.67	4143
1698.7	4137
1699.73	4144
1700.75	4171
1701.78	4107
1702.8	4243
1703.83	4087
1704.86	4120
1705.88	4121
1706.91	4114
1707.93	4092
1708.96	4073
1709.98	4034
1711.01	4152
1712.03	4062
1713.05	4098
1714.08	4055
1715.1	4090
1716.13	4042
1717.15	4063
1718.17	3966
1719.2	4023
1720.22	4016
1721.24	4019
1722.27	4040
1723.29	3968
1724.31	4042
1725.34	3902
1726.36	3999
1727.38	3978
1728.4	3956
1729.42	3987
1730.44	4011
1731.47	4012
1732.49	3955
1733.51	3908
1734.53	3947
1735.55	3986
1736.57	3981
1737.59	3952
1738.61	3912
1739.63	3929
1740.65	3983
1741.67	3920
1742.69	3895
1743.71	3983
1744.73	3930
1745.75	3935
1746.77	3933
1747.79	3957
1748.81	3941
1749.82	3930
1750.84	3944
1751.86	3983
1752.88	4008
1753.9	3875
1754.92	3962
1755.93	3921
1756.95	3985
1757.97	3936
1758.99	3920
1760	4003
1761.02	3909
1762.04	4000
1763.05	3936
1764.07	4027
1765.09	3988
1766.1	3970
1767.12	3904
1768.13	3963
1769.15	3923
1770.16	3933
1771.18	4034
1772.19	3995
1773.21	3918
1774.22	3896
1775.24	3908
1776.25	3969
1777.27	3946
1778.28	4007
1779.3	4040
1780.31	4032
1781.32	4044
1782.34	4005
1783.35	4040
1784.36	4037
1785.38	3991
1786.39	4028
1787.4	4008
1788.41	3989
1789.43	3980
1790.44	4052
1791.45	4030
1792.46	3988
1793.48	4016
1794.49	4032
1795.5	3964
1796.51	4033
1797.52	3995
1798.53	3977
1799.54	4087
1800.55	4009
1801.56	3984
1802.58	3971
1803.58	3928
1804.6	3981
1805.61	4001
1806.61	3971
1807.62	3957
1808.63	3996
1809.64	3997
1810.65	4033
1811.66	3913
1812.67	3992
1813.68	3893
1814.69	3949
1815.7	3949
1816.7	3846
1817.71	3909
1818.72	3879
1819.73	3854
1820.73	3866
1821.74	3862
1822.75	3881
1823.76	3902
1824.76	3809
1825.77	3844
1826.78	3781
1827.78	3738
1828.79	3761
1829.8	3817
1830.8	3715
1831.81	3728
1832.81	3725
1833.82	3732
1834.83	3706
1835.83	3693
1836.84	3739
1837.84	3643
1838.85	3718
1839.85	3656
1840.85	3592
1841.86	3663
1842.86	3570
1843.87	3613
1844.87	3540
1845.87	3540
1846.88	3565
1847.88	3500
1848.89	3553
1849.89	3533
1850.89	3474
1851.89	3529
1852.9	3531
1853.9	3419
1854.9	3428
1855.9	3350
1856.91	3398
1857.91	3414
1858.91	3460
1859.91	3328
1860.91	3486
1861.91	3348
1862.91	3316
1863.92	3334
1864.92	3325
1865.92	3401
1866.92	3341
1867.92	3334
1868.92	3367
1869.92	3362
1870.92	3297
1871.92	3346
1872.92	3366
1873.92	3390
1874.91	3245
1875.91	3361
1876.91	3315
1877.91	3321
1878.91	3305
1879.91	3293
1880.91	3392
1881.9	3340
1882.9	3323
1883.9	3306
1884.9	3320
1885.9	3324
1886.89	3267
1887.89	3262
1888.89	3270
1889.88	3311
1890.88	3200
1891.88	3293
1892.87	3322
1893.87	3277
1894.87	3357
1895.86	3356
1896.86	3260
1897.85	3312
1898.85	3369
1899.84	3293
1900.84	3279
1901.83	3312
1902.83	3272
1903.83	3359
1904.82	3348
1905.81	3350
1906.81	3410
1907.8	3375
1908.8	3304
1909.79	3309
1910.78	3295
1911.78	3318
1912.77	3383
1913.76	3307
1914.76	3284
1915.75	3370
1916.74	3412
1917.74	3283
1918.73	3342
1919.72	3283
1920.71	3328
1921.7	3335
1922.7	3331
1923.69	3266
1924.68	3337
1925.67	3303
1926.66	3300
1927.65	3346
1928.64	3351
1929.64	3316
1930.63	3308
1931.62	3350
1932.61	3338
1933.6	3317
1934.59	3303
1935.58	3289
1936.57	3367
1937.56	3210
1938.54	3341
1939.53	3269
1940.52	3310
1941.51	3309
1942.5	3269
1943.49	3173
1944.48	3257
1945.47	3260
1946.45	3248
1947.44	3190
1948.43	3202
1949.42	3206
1950.41	3206
1951.39	3206
1952.38	3187
1953.37	3206
1954.35	3170
1955.34	3169
1956.33	3099
1957.32	3128
1958.3	3133
1959.29	3116
1960.27	3062
1961.26	3156
1962.25	3166
1963.23	3139
1964.22	3104
1965.2	3092
1966.19	3164
1967.17	3134
1968.16	3055
1969.14	3054
1970.13	3044
1971.11	3098
1972.1	3057
1973.08	3002
1974.06	3078
1975.05	2991
1976.03	3029
1977.01	3034
1978	3045
1978.98	3005
1979.96	2997
1980.95	2996
1981.93	3020
1982.91	2951
1983.89	3014
1984.88	3080
1985.86	3049
1986.84	3002
1987.82	3043
1988.8	3032
1989.79	3100
1990.77	2954
1991.75	2945
1992.73	3035
1993.71	2972
1994.69	2955
1995.67	3001
1996.65	2982
1997.63	2913
1998.61	2957
1999.59	3000
2000.57	3009
2001.55	2984
2002.53	3038
2003.51	3015
2004.49	3029
2005.47	3004
2006.45	3033
2007.43	3047
2008.41	3060
2009.38	3004
2010.36	3018
2011.34	3056
2012.32	3099
2013.3	3051
2014.28	3015
2015.25	3025
2016.23	3045
2017.21	3046
2018.18	3055
2019.16	3036
2020.14	3049
2021.12	3074
2022.09	3056
2023.07	3133
2024.04	3095
2025.02	3158
2026	3078
2026.97	3080
2027.95	3150
2028.92	3042
2029.9	3069
2030.87	3063
2031.85	3073
2032.82	3062
2033.8	3161
2034.77	3067
2035.75	3088
2036.72	3116
2037.7	3026
2038.67	3020
2039.64	3080
2040.62	3090
2041.59	3112
2042.57	3078
2043.54	3144
2044.51	3050
2045.48	3074
2046.46	3045
2047.43	3052
2048.4	3024
2049.37	3046
2050.35	3041
2051.32	3077
2052.29	3097
2053.26	3115
2054.24	3022
2055.21	3035
2056.18	3045
2057.15	2965
2058.12	3051
2059.09	2984
2060.06	2978
2061.03	3052
2062	2984
2062.97	3007
2063.94	2984
2064.91	3037
2065.88	2947
2066.85	3040
2067.82	2989
2068.79	3015
2069.76	2974
2070.73	3030
2071.7	3028
2072.67	3055
2073.64	3031
2074.61	2956
2075.57	2961
2076.54	3024
2077.51	3000
2078.48	3039
2079.45	2946
2080.41	2955
2081.38	2878
2082.35	2885
2083.32	2874
2084.28	2904
2085.25	2918
2086.22	2845
2087.18	2881
2088.15	2925
2089.12	2879
2090.08	2871
2091.05	2896
2092.01	2870
2092.98	2847
2093.95	2912
2094.91	2853
2095.88	2872
2096.84	2838
2097.81	2888
2098.77	2916
2099.74	2922
2100.7	2851
2101.67	2806
2102.63	2869
2103.59	2863
2104.56	2839
2105.52	2837
2106.49	2802
2107.45	2781
2108.41	2784
2109.38	2760
2110.34	2885
2111.3	2829
2112.26	2819
2113.23	2754
2114.19	2818
2115.15	2848
2116.11	2791
2117.08	2764
2118.04	2836
2119	2822
2119.96	2779
2120.92	2799
2121.88	2761
2122.85	2704
2123.81	2726
2124.77	2743
2125.73	2755
2126.69	2753
2127.65	2718
2128.61	2783
2129.57	2781
2130.53	2740
2131.49	2680
2132.45	2744
2133.41	2787
2134.37	2685
2135.33	2753
2136.29	2669
2137.25	2669
2138.21	2677
2139.16	2677
2140.12	2616
2141.08	2741
2142.04	2750
2143	2732
2143.95	2665
2144.91	2743
2145.87	2661
2146.83	2672.94
2147.79	2705.75
2148.74	2651.32
2149.7	2666.89
2150.66	2695.92
2151.61	2694.71
2152.57	2643.3
2153.53	2646.97
2154.48	2659.72
2155.44	2693.89
2156.4	2645.31
2157.35	2661.88
2158.31	2661.18
2159.26	2622.55
2160.22	2599.84
2161.17	2650.83
2162.13	2641.12
2163.08	2636.43
2164.04	2623.01
2164.99	2648.15
2165.95	2688.33
2166.9	2601.89
2167.86	2595.55
2168.81	2637.49
2169.77	2656.2
2170.72	2668.76
2171.67	2666.33
2172.63	2606.03
2173.58	2618.71
2174.53	2633.22
2175.49	2660.24
2176.44	2639.2
2177.39	2595.89
2178.34	2671.86
2179.3	2634.89
2180.25	2623.29
2181.2	2650.98
2182.15	2660.06
2183.11	2626.69
2184.06	2621.55
2185.01	2687.11
2185.96	2628.91
2186.91	2641.33
2187.86	2628.93
2188.82	2641.86
2189.77	2629.18
2190.72	2630.02
2191.67	2624.75
2192.62	2620.37
2193.57	2646.96
2194.52	2623.27
2195.47	2617.8
2196.42	2602.2
2197.37	2627.12
2198.32	2650.35
2199.27	2626.4
2200.22	2670.31
2201.17	2641.01
2202.12	2588.31
2203.07	2623.13
2204.02	2666.42
2204.96	2667.19
2205.91	2650.57
2206.86	2634.93
2207.81	2616.79
2208.76	2688.75
2209.71	2681.29
2210.65	2692.96
2211.6	2674.82
2212.55	2709.1
2213.5	2719.06
2214.44	2694.12
2215.39	2634.18
2216.34	2674.41
2217.28	2704.9
2218.23	2697.85
2219.18	2704.66
2220.12	2687.65
2221.07	2677.21
2222.02	2694.55
2222.96	2757.13
2223.91	2780.01
2224.85	2719.38
2225.8	2666.31
2226.74	2676.97
2227.69	2730.2
2228.63	2756.6
2229.58	2772.88
2230.52	2795.33
2231.47	2768.92
2232.41	2749.23
2233.36	2779.13
2234.3	2843.62
2235.25	2788.44
2236.19	2767.03
2237.14	2817.84
2238.08	2771.59
2239.02	2801.61
2239.97	2817.07
2240.91	2773.68
2241.85	2812.4
2242.5	2762
2243.45	2844
2244.39	2840
2245.34	2782
2246.29	2857
2247.24	2810
2248.18	2870
2249.13	2815
2250.08	2800
2251.02	2860
2251.97	2836
2252.92	2872
2253.86	2775
2254.81	2810
2255.76	2767
2256.7	2786
2257.65	2787
2258.59	2837
2259.54	2782
2260.48	2755
2261.43	2764
2262.37	2761
2263.32	2739
2264.26	2849
2265.21	2805
2266.15	2753
2267.1	2847
2268.04	2825
2268.98	2804
2269.93	2834
2270.87	2836
2271.81	2872
2272.76	2730
2273.7	2752
2274.64	2788
2275.59	2798
2276.53	2750
2277.47	2762
2278.42	2794
2279.36	2779
2280.3	2787
2281.24	2767
2282.18	2838
2283.13	2745
2284.07	2745
2285.01	2805
2285.95	2756
2286.89	2754
2287.83	2776
2288.77	2798
2289.72	2763
2290.66	2718
2291.6	2775
2292.54	2701
2293.48	2736
2294.42	2780
2295.36	2729
2296.3	2827
2297.24	2752
2298.18	2774
2299.12	2758.5
2300.06	2743
2301	2723
2301.94	2726
2302.87	2766
2303.81	2776
2304.75	2789
2305.69	2834
2306.63	2764
2307.57	2762
2308.5	2740
2309.44	2753
2310.38	2762
2311.32	2745
2312.26	2793
2313.19	2765
2314.13	2786
2315.07	2700
2316	2785
2316.94	2788
2317.88	2795
2318.81	2780
2319.75	2731
2320.69	2785
2321.62	2778
2322.56	2787
2323.5	2812
2324.43	2864
2325.37	2814
2326.3	2769
2327.24	2848
2328.17	2870
2329.11	2848
2330.04	2883
2330.98	2815
2331.91	2789
2332.85	2868
2333.78	2810
2334.72	2840
2335.65	2794
2336.58	2790
2337.52	2762
2338.45	2832
2339.38	2756
2340.32	2768
2341.25	2826
2342.18	2874
2343.12	2818
2344.05	2829
2344.98	2858
2345.91	2873
2346.85	2810
2347.78	2804
2348.71	2820
2349.64	2815
2350.57	2868
2351.51	2814
2352.44	2804
2353.37	2884
2354.3	2788
2355.23	2863
2356.16	2769
2357.09	2854
2358.02	2834
2358.96	2851
2359.89	2819
2360.82	2857
2361.75	2813
2362.68	2843
2363.61	2884
2364.54	2811
2365.47	2801
2366.4	2829
2367.32	2866
2368.25	2862
2369.18	2881
2370.11	2858
2371.04	2814
2371.97	2798
2372.9	2929
2373.83	2817
2374.75	2867
2375.68	2836
2376.61	2804
2377.54	2840
2378.47	2876
2379.39	2818
2380.32	2835
2381.25	2802
2382.18	2841
2383.1	2840
2384.03	2847
2384.96	2790
2385.88	2850
2386.81	2775
2387.73	2835
2388.66	2797
2389.59	2856
2390.51	2748
2391.44	2838
2392.36	2798
2393.29	2799
2394.22	2796
2395.14	2734
2396.07	2807
2396.99	2808
2397.92	2809
2398.84	2731
2399.76	2827
2400.69	2779
2401.61	2810
2402.54	2773
2403.46	2781
2404.39	2798
2405.31	2758
2406.23	2796
2407.16	2836
2408.08	2716
2409	2760
2409.93	2783
2410.85	2757
2411.77	2762
2412.69	2783
2413.62	2791
2414.54	2748
2415.46	2759
2416.38	2728
2417.31	2715
2418.23	2777
2419.15	2710
2420.07	2792
2420.99	2746
2421.91	2732
2422.83	2731
2423.76	2819
2424.68	2723
2425.6	2755
2426.52	2751
2427.44	2784
2428.36	2751
2429.28	2668
2430.2	2803
2431.12	2762
2432.04	2743
2432.96	2801
2433.88	2753
2434.8	2738
2435.72	2787
2436.64	2746
2437.55	2759
2438.47	2733
2439.39	2718
2440.31	2699
2441.23	2645
2442.15	2687
2443.06	2730
2443.98	2762
2444.9	2729
2445.82	2800
2446.74	2740
2447.65	2737
2448.57	2707
2449.49	2658
2450.4	2701
2451.32	2644
2452.24	2699
2453.16	2687
2454.07	2727
2454.99	2739
2455.9	2724
2456.82	2765
2457.74	2748
2458.65	2721
2459.57	2678
2460.48	2738
2461.4	2739
2462.31	2693
2463.23	2786
2464.14	2698
2465.06	2671
2465.97	2746
2466.89	2715
2467.8	2723
2468.72	2684
2469.63	2680
2470.55	2770
2471.46	2709
2472.37	2691
2473.29	2691
2474.2	2668
2475.11	2724
2476.03	2708
2476.94	2689
2477.85	2653
2478.77	2744
2479.68	2657
2480.59	2758
2481.5	2683
2482.42	2682
2483.33	2667
2484.24	2702
2485.15	2661
2486.06	2762
2486.98	2662
2487.89	2630
2488.8	2695
2489.71	2687
2490.62	2666
2491.53	2737
2492.44	2724
2493.35	2681
2494.26	2684
2495.18	2723
2496.08	2636
2497	2731
2497.91	2695
2498.82	2695
2499.72	2637
2500.64	2659
2501.54	2661
2502.45	2715
2503.36	2638
2504.27	2686
2505.18	2608
2506.09	2718
2507	2725
2507.91	2656
2508.82	2683
2509.72	2665
2510.63	2630
2511.54	2743
2512.45	2592
2513.36	2733
2514.26	2656
2515.17	2637
2516.08	2666
2516.99	2704
2517.89	2650
2518.8	2653
2519.71	2650
2520.61	2615
2521.52	2658
2522.43	2656
2523.33	2638
2524.24	2682
2525.14	2614
2526.05	2635
2526.96	2697
2527.86	2642
2528.77	2608
2529.67	2677
2530.58	2575
2531.48	2673
2532.39	2607
2533.29	2586
2534.2	2619
2535.1	2616
2536.01	2645
2536.91	2647
2537.81	2736
2538.72	2680
2539.62	2633
2540.53	2697
2541.43	2622
2542.33	2628
2543.24	2645
2544.14	2627
2545.04	2606
2545.95	2572
2546.85	2581
2547.75	2700
2548.65	2592
2549.56	2630
2550.46	2573
2551.36	2636
2552.26	2643
2553.17	2578
2554.07	2619
2554.97	2618
2555.87	2619
2556.77	2568
2557.67	2609
2558.57	2618
2559.48	2595
2560.38	2568
2561.28	2572
2562.18	2553
2563.08	2607
2563.98	2600
2564.88	2518
2565.78	2625
2566.68	2554
2567.58	2607
2568.48	2528
2569.38	2600
2570.28	2587
2571.18	2557
2572.08	2639
2572.97	2597
2573.87	2616
2574.77	2553
2575.67	2597
2576.57	2550
2577.47	2584
2578.37	2555
2579.26	2613
2580.16	2607
2581.06	2579
2581.96	2572
2582.85	2615
2583.75	2580
2584.65	2546
2585.55	2557
2586.44	2595
2587.34	2568
2588.24	2558
2589.13	2591
2590.03	2549
2590.93	2536
2591.82	2522
2592.72	2594
2593.61	2633
2594.51	2542
2595.41	2539
2596.3	2579
2597.2	2487
2598.09	2592
2598.99	2535
2599.88	2500
2600.78	2528
2601.67	2526
2602.57	2507
2603.46	2476
2604.36	2542
2605.25	2490
2606.14	2496
2607.04	2583
2607.93	2543
2608.83	2531
2609.72	2505
2610.61	2522
2611.51	2498
2612.4	2466
2613.29	2527
2614.19	2433
2615.08	2471
2615.97	2469
2616.86	2479
2617.76	2555
2618.65	2466
2619.54	2511
2620.43	2442
2621.32	2477
2622.22	2502
2623.11	2483
2624	2451
2624.89	2486
2625.78	2464
2626.67	2476
2627.56	2472
2628.46	2476
2629.35	2445
2630.24	2466
2631.13	2423
2632.02	2405
2632.91	2459
2633.8	2359
2634.69	2320
2635.58	2347
2636.47	2366
2637.36	2344
2638.25	2393
2639.14	2314
2640.02	2328
2640.91	2352
2641.8	2315
2642.69	2292
2643.58	2348
2644.47	2329
2645.36	2309
2646.25	2285
2647.13	2319
2648.02	2259
2648.91	2284
2649.8	2253
2650.68	2265
2651.57	2302
2652.46	2324
2653.35	2231
2654.23	2267
2655.12	2309
2656.01	2289
2656.89	2272
2657.78	2254
2658.67	2271
2659.55	2208
2660.44	2288
2661.33	2286
2662.21	2267
2663.1	2231
2663.98	2276
2664.87	2327
2665.75	2214
2666.64	2296
2667.52	2267
2668.41	2278
2669.29	2297
2670.18	2312
2671.06	2260
2671.95	2265
2672.83	2352
2673.72	2282
2674.6	2326
2675.49	2305
2676.37	2272
2677.25	2262
2678.14	2327
2679.02	2325
2679.9	2260
2680.79	2291
2681.67	2297
2682.55	2275
2683.44	2286
2684.32	2266
2685.2	2329
2686.08	2250
2686.97	2209
2687.85	2232
2688.73	2242
2689.61	2249
2690.49	2267
2691.38	2245
2692.26	2245
2693.14	2225
2694.02	2299
2694.9	2214
2695.78	2142
2696.66	2259
2697.54	2230
2698.42	2252
2699.3	2217
2700.19	2259
2701.07	2164
2701.95	2256
2702.83	2209
2703.71	2205
2704.58	2299
2705.47	2186
2706.34	2197
2707.22	2252
2708.1	2214
2708.98	2170
2709.86	2234
2710.74	2240
2711.62	2233
2712.5	2287
2713.38	2218
2714.25	2245
2715.13	2276
2716.01	2215
2716.89	2229
2717.77	2285
2718.64	2256
2719.52	2230
2720.4	2191
2721.28	2251
2722.15	2224
2723.03	2280
2723.91	2245
2724.78	2278
2725.66	2236
2726.54	2233
2727.41	2264
2728.29	2181
2729.17	2260
2730.04	2214
2730.92	2193
2731.79	2238
2732.67	2253
2733.55	2276
2734.42	2247
2735.3	2222
2736.17	2223
2737.05	2243
2737.92	2249
2738.8	2292
2739.67	2275
2740.55	2296
2741.42	2269
2742.29	2264
2743.17	2285
2744.04	2269
2744.92	2280
2745.79	2275.5
2746.66	2271
2747.54	2337
2748.41	2274
2749.28	2321
2750.16	2338
2751.03	2336
2751.9	2334
2752.77	2383
2753.65	2359
2754.52	2323
2755.39	2329
2756.27	2338
2757.14	2412
2758.01	2378
2758.88	2333
2759.75	2329
2760.62	2358
2761.5	2340
2762.37	2366
2763.24	2412
2764.11	2376
2764.98	2362
2765.85	2387
2766.72	2362
2767.59	2383
2768.46	2405
2769.33	2375
2770.2	2419
2771.07	2433
2771.94	2446
2772.81	2487
2773.68	2429
2774.55	2439
2775.42	2452
2776.29	2500
2777.16	2502
2778.03	2431
2778.9	2536
2779.77	2559
2780.64	2484
2781.51	2523
2782.37	2558
2783.24	2538
2784.11	2520
2784.98	2558
2785.85	2558
2786.71	2569
2787.58	2603
2788.45	2530
2789.32	2531
2790.18	2575
2791.05	2584
2791.92	2593
2792.79	2629
2793.65	2633
2794.52	2610
2795.39	2658
2796.25	2656
2797.12	2701
2797.98	2716
2798.85	2662
2799.72	2674
2800.58	2801
2801.45	2783
2802.31	2739
2803.18	2793
2804.04	2814
2804.91	2886
2805.77	2906
2806.64	2962
2807.5	2934
2808.37	2999
2809.23	2997
2810.1	3017
2810.96	3079
2811.83	3159
2812.69	3152
2813.55	3159
2814.42	3220
2815.28	3328
2816.15	3352
2817.01	3524
2817.87	3500
2818.74	3580
2819.6	3749
2820.46	3839
2821.32	3956
2822.19	4140
2823.05	4162
2823.91	4393
2824.77	4623
2825.64	4726
2826.5	5069
2827.36	5238
2828.22	5478
2829.08	5803
2829.95	6047
2830.81	6398
2831.67	6750
2832.53	6995
2833.39	7296
2834.25	7599
2835.11	7880
2835.97	8095
2836.83	8456
2837.69	8483
2838.55	8532
2839.41	8579
2840.27	8524
2841.13	8515
2841.99	8409
2842.85	8116
2843.71	7915
2844.57	7688
2845.43	7381
2846.29	7041
2847.15	6893
2848.01	6472
2848.87	6206
2849.73	5976
2850.59	5563
2851.44	5413
2852.3	5158
2853.16	4931
2854.02	4786
2854.88	4623
2855.73	4575
2856.59	4422
2857.45	4189
2858.31	4058
2859.16	4029
2860.02	3927
2860.88	3866
2861.74	3819
2862.59	3738
2863.45	3682
2864.31	3655
2865.16	3596
2866.02	3559
2866.88	3520
2867.73	3538
2868.59	3446
2869.44	3448
2870.3	3442
2871.15	3464
2872.01	3459
2872.86	3520
2873.72	3499
2874.58	3488
2875.43	3427
2876.28	3485
2877.14	3528
2877.99	3472
2878.85	3519
2879.7	3536
2880.56	3494
2881.41	3518
2882.27	3441
2883.12	3493
2883.97	3498
2884.83	3389
2885.68	3442
2886.53	3481
2887.39	3484
2888.24	3530
2889.09	3467
2889.95	3478
2890.8	3512
2891.65	3449
2892.5	3492
2893.36	3481
2894.21	3470
2895.06	3574
2895.91	3496
2896.76	3459
2897.62	3532
2898.47	3636
2899.32	3575
2900.17	3661
2901.02	3696
2901.87	3688
2902.72	3676
2903.58	3657
2904.43	3762
2905.28	3843
2906.13	3839
2906.98	3882
2907.83	3932
2908.68	3947
2909.53	3956
2910.38	4093
2911.23	4167
2912.08	4204
2912.93	4282
2913.78	4221
2914.63	4285
2915.48	4426
2916.33	4507
2917.17	4572
2918.02	4600
2918.87	4574
2919.72	4697
2920.57	4663
2921.42	4858
2922.27	4875
2923.11	4916
2923.96	5013
2924.81	5222
2925.66	5230
2926.51	5278
2927.35	5491
2928.2	5572
2929.05	5611
2929.89	5737
2930.74	5788
2931.59	5999
2932.43	5952
2933.28	6106
2934.13	6176
2934.97	6329
2935.82	6389
2936.67	6469
2937.51	6516
2938.36	6709
2939.2	6890
2940.05	6819
2940.9	6892
2941.74	7213
2942.59	7068
2943.43	7187
2944.28	7233
2945.12	7266
2945.97	7398
2946.81	7563
2947.66	7342
2948.5	7432
2949.35	7372
2950.19	7343
2951.03	7219
2951.88	7112
2952.72	6978
2953.56	6946
2954.41	6705
2955.25	6528
2956.09	6356
2956.94	6210
2957.78	6071
2958.62	5870
2959.47	5709
2960.31	5604
2961.15	5413
2962	5204
2962.84	5067
2963.68	4998
2964.52	4827
2965.36	4798
2966.21	4646
2967.05	4609
2967.89	4610
2968.73	4454
2969.57	4373
2970.41	4400
2971.26	4280
2972.1	4200
2972.94	4273
2973.78	4172
2974.62	4151
2975.46	4087
2976.3	4077
2977.14	4083.26
2977.98	4086.9
2978.82	4047.58
2979.66	3957.4
2980.5	3981.17
2981.34	3899.9
2982.18	3909.18
2983.02	3846.59
2983.86	3984.56
2984.7	3897.88
2985.54	3824.39
2986.38	3779.29
2987.22	3804.11
2988.05	3699.71
2988.89	3677.26
2989.73	3642.21
2990.57	3716.2
2991.41	3597.25
2992.25	3556.88
2993.08	3633.49
2993.92	3532.16
2994.76	3528.79
2995.6	3528.18
2996.44	3431.35
2997.27	3504.31
2998.11	3372.04
2998.95	3433.01
2999.78	3365.39
3000.62	3322.26
3001.46	3284.82
3002.3	3315.73
3003.13	3223.95
3003.97	3195.31
3004.8	3213.37
3005.64	3169.64
3006.48	3093.71
3007.31	3111.53
3008.15	3040.85
3008.99	3048.59
3009.82	3013.96
3010.66	2966.13
3011.49	3017.24
3012.33	2945.69
3013.16	2940.98
3014	2924.59
3014.83	2936.37
3015.67	2925.52
3016.5	2853.69
3017.34	2837.43
3018.17	2839.33
3019.01	2797.58
3019.84	2784.6
3020.67	2765.22
3021.51	2770.72
3022.34	2782.1
3023.18	2771.57
3024.01	2734.8
3024.84	2717.22
3025.68	2720.37
3026.51	2687.99
3027.34	2639.71
3028.18	2704.16
3029.01	2603.76
3029.84	2628.55
3030.67	2659.09
3031.51	2656.57
3032.34	2695.35
3033.17	2630.05
3034	2609.94
3034.84	2602.56
3035.67	2600.43
3036.5	2588.84
3037.33	2601.05
3038.16	2587.3
3038.99	2541.79
3039.83	2552.06
3040.66	2589.98
3041.49	2573.88
3042.32	2560.54
3043.15	2589.86
3043.98	2573.24
3044.81	2567.08
3045.64	2551.49
3046.47	2548.39
3047.3	2544.98
3048.13	2553.97
3048.96	2552.82
3049.79	2564.89
3050.62	2551.03
3051.45	2522.17
3052.28	2534.54
3053.11	2529.96
3053.94	2489.58
3054.77	2507.17
3055.6	2539.9
3056.43	2561.25
3057.26	2637.07
3058.09	2730.79
3058.92	2842.94
3059.74	2882.8
3060.57	2962.74
3060.94	3045
3061.77	3112
3062.61	3071
3063.44	3041
3064.27	3036
3065.1	2909
3065.94	2838
3066.77	2722
3067.6	2654
3068.43	2653
3069.26	2504
3070.1	2506
3070.93	2475
3071.76	2441
3072.59	2444
3073.42	2459
3074.25	2493
3075.08	2412
3075.91	2488
3076.74	2393
3077.57	2470
3078.41	2465
3079.24	2457
3080.07	2454
3080.9	2479
3081.73	2432
3082.56	2442
3083.39	2440
3084.22	2443
3085.04	2393
3085.87	2410
3086.7	2453
3087.53	2425
3088.36	2430
3089.19	2406
3090.02	2424
3090.85	2456
3091.68	2437
3092.51	2439
3093.33	2451
3094.16	2471
3094.99	2408
3095.82	2434
3096.65	2438
3097.47	2439
3098.3	2413
3099.13	2411
3099.96	2424
3100.78	2434.5
3101.61	2445
3102.44	2435
3103.26	2398
3104.09	2439
3104.92	2345
3105.74	2378
3106.57	2390
3107.4	2391
3108.22	2442
3109.05	2414
3109.88	2367
3110.7	2431
3111.53	2495
3112.35	2461
3113.18	2397
3114	2486
3114.83	2365
3115.65	2453
3116.48	2464
3117.3	2458
3118.13	2481
3118.95	2415
3119.78	2400
3120.6	2418
3121.43	2446
3122.25	2408
3123.08	2483
3123.9	2428
3124.72	2400
3125.55	2362
3126.37	2401
3127.2	2356
3128.02	2382
3128.84	2375
3129.67	2328
3130.49	2362
3131.31	2423
3132.13	2373
3132.96	2367
3133.78	2355
3134.6	2383
3135.42	2369
3136.25	2410
3137.07	2472
3137.89	2366
3138.71	2410
3139.53	2358
3140.36	2386
3141.18	2367
3142	2338
3142.82	2403
3143.64	2376
3144.46	2351
3145.28	2388
3146.11	2375
3146.93	2371
3147.75	2421
3148.57	2403
3149.39	2460
3150.21	2372
3151.03	2328
3151.85	2346
3152.67	2348
3153.49	2368
3154.31	2368
3155.13	2344
3155.95	2383
3156.77	2374
3157.59	2356
3158.41	2365
3159.22	2327
3160.04	2309
3160.86	2299
3161.68	2370
3162.5	2308
3163.32	2381
3164.14	2311
3164.96	2320
3165.77	2332
3166.59	2393
3167.41	2341
3168.23	2344
3169.05	2359
3169.86	2327
3170.68	2316
3171.5	2365
3172.32	2394
3173.13	2386
3173.95	2374
3174.77	2343
3175.58	2330
3176.4	2339
3177.22	2330
3178.03	2361
3178.85	2336
3179.67	2390
3180.48	2348
3181.3	2301
3182.11	2369
3182.93	2360
3183.74	2343
3184.56	2325
3185.38	2350
3186.19	2413
3187.01	2373
3187.82	2372
3188.64	2390
3189.45	2345
3190.27	2411
3191.08	2321
3191.89	2405
3192.71	2345
3193.52	2375
3194.34	2368
3195.15	2392
3195.97	2377
3196.78	2395
3197.59	2370
3198.41	2370
3199.22	2369
3200.03	2366
3200.85	2382
3201.66	2404
3202.47	2394
3203.29	2406
3204.1	2369
3204.91	2407
3205.72	2389
3206.54	2444
3207.35	2414
3208.16	2398
3208.97	2398
3209.79	2443
3210.6	2375
3211.41	2402
3212.22	2432
3213.03	2432
3213.84	2426
3214.65	2382
3215.47	2445
3216.28	2411
3217.09	2429
3217.9	2392
3218.71	2426
3219.52	2460
3220.33	2454
3221.14	2388
3221.95	2488
3222.76	2399
3223.57	2430
3224.38	2424
3225.19	2467
3226	2443
3226.81	2459
3227.62	2430
3228.43	2480
3229.24	2526
3230.05	2450
3230.86	2464
3231.67	2443
3232.48	2496
3233.28	2489
3234.09	2455
3234.9	2463
3235.71	2516
3236.52	2531
3237.33	2480
3238.13	2468
3238.94	2478
3239.75	2430
3240.56	2483
3241.37	2494
3242.17	2428
3242.98	2411
3243.79	2438
3244.59	2494
3245.4	2447
3246.21	2434
3247.02	2451
3247.82	2533
3248.63	2481
3249.44	2516
3250.24	2501
3251.05	2465
3251.85	2492
3252.66	2447
3253.47	2463
3254.27	2458
3255.08	2475
3255.88	2510
3256.69	2460
3257.49	2478
3258.3	2468
3259.1	2444
3259.91	2419
3260.71	2533
3261.52	2505
3262.32	2476
3263.13	2480
3263.93	2522
3264.74	2395
3265.54	2544
3266.35	2451
3267.15	2512
3267.95	2522
3268.76	2488
3269.56	2507
3270.36	2587
3271.17	2458
3271.97	2433
3272.77	2423
3273.58	2498
3274.38	2463
3275.18	2459
3275.99	2448
3276.79	2494
3277.59	2483
3278.39	2449
3279.2	2474
3280	2423
3280.8	2482
3281.6	2446
3282.4	2485
3283.21	2516
3284.01	2486
3284.81	2444
3285.61	2483
3286.41	2497
3287.21	2537
3288.01	2412
3288.82	2458
3289.62	2527
3290.42	2444
3291.22	2452
3292.02	2464
3292.82	2422
3293.62	2471
3294.42	2411
3295.22	2475
3296.02	2476
3296.82	2403
3297.62	2476
3298.42	2419
3299.22	2457
3300.02	2439
3300.82	2478
3301.62	2432
3302.42	2453
3303.21	2489
3304.01	2418
3304.81	2481
3305.61	2413
3306.41	2504
3307.21	2460
3308.01	2476
3308.8	2501
3309.6	2426
3310.4	2457
3311.2	2441
3312	2415
3312.79	2423
3313.59	2474
3314.39	2490
3315.19	2451
3315.98	2480
3316.78	2459
3317.58	2436
3318.37	2406
3319.17	2407
3319.97	2457
3320.76	2384
3321.56	2433
3322.36	2469
3323.15	2465
3323.95	2447
3324.75	2417
3325.54	2427
3326.34	2466
3327.13	2486
3327.93	2473
3328.72	2446
3329.52	2407
3330.31	2482
3331.11	2435
3331.9	2445
3332.7	2429
3333.49	2455
3334.29	2435
3335.08	2497
3335.88	2341
3336.67	2422
3337.47	2399
3338.26	2432
3339.05	2455
3339.85	2467
3340.64	2446
3341.44	2455
3342.23	2393
3343.02	2452
3343.82	2451
3344.61	2420
3345.4	2435
3346.2	2404
3346.99	2450
3347.78	2429
3348.57	2444
3349.37	2434
3350.16	2484
3350.95	2514
3351.74	2462
3352.54	2422
3353.33	2448
3354.12	2440
3354.91	2416
3355.7	2465
3356.49	2497
3357.29	2449
3358.08	2433
3358.87	2359
3359.66	2419
3360.45	2444
3361.24	2440
3362.03	2410
3362.82	2420
3363.61	2461
3364.4	2429
3365.19	2432
3365.98	2465
3366.78	2413
3367.57	2364
3368.36	2457
3369.15	2439
3369.93	2418
3370.72	2436
3371.51	2454
3372.3	2439
3373.09	2389
3373.88	2461
3374.67	2475
3375.46	2467
3376.25	2444
3377.04	2410
3377.83	2396
3378.61	2427
3379.4	2383
3380.19	2447
3380.98	2401
3381.77	2406
3382.56	2360
3383.34	2408
3384.13	2371
3384.92	2394
3385.71	2405
3386.49	2416
3387.28	2324
3388.07	2437
3388.86	2407
3389.64	2390
3390.43	2462
3391.22	2362
3392	2372
3392.79	2372
3393.58	2416
3394.36	2398
3395.15	2328
3395.93	2395
3396.72	2375
3397.51	2370
3398.29	2335
3399.08	2368
3399.86	2381
3400.65	2387
3401.44	2396
3402.22	2373
3403.01	2358
3403.79	2367
3404.57	2423
3405.36	2358
3406.14	2401
3406.93	2321
3407.71	2404
3408.5	2360
3409.28	2301
3410.07	2365
3410.85	2320
3411.63	2375
3412.42	2398
3413.2	2363
3413.99	2369
3414.77	2415
3415.55	2374
3416.34	2343
3417.12	2347
3417.9	2377
3418.69	2357
3419.47	2345
3420.25	2370
3421.03	2336
3421.82	2323
3422.6	2313
3423.38	2365
3424.16	2300
3424.95	2385
3425.73	2368
3426.51	2302
3427.29	2338
3428.07	2328
3428.85	2316
3429.64	2364
3430.42	2313
3431.2	2276
3431.98	2302
3432.76	2297
3433.54	2337
3434.32	2323
3435.1	2335
3435.88	2299
3436.66	2287
3437.45	2328
3438.23	2328
3439.01	2307
3439.79	2294
3440.57	2285
3441.35	2275
3442.13	2293
3442.9	2279
3443.68	2299
3444.46	2302
3445.24	2284
3446.02	2259
3446.8	2252
3447.58	2293
3448.36	2238
3449.14	2255
3449.92	2244
3450.7	2295
3451.47	2229
3452.25	2255
3453.03	2257
3453.81	2290
3454.59	2192
3455.36	2241
3456.14	2205
3456.92	2233
3457.7	2264
3458.47	2245
3459.25	2277
3460.03	2228
3460.81	2230
3461.58	2234
3462.36	2231
3463.14	2241
3463.91	2177
3464.69	2194
3465.47	2142
3466.24	2213
3467.02	2217
3467.8	2240
3468.57	2188
3469.35	2154
3470.12	2171
3470.9	2149
3471.68	2169
3472.45	2197
3473.23	2181
3474	2169
3474.78	2188
3475.55	2143
3476.33	2166
3477.1	2195
3477.88	2094
3478.65	2145
3479.43	2170
3480.2	2213
3480.98	2090
3481.75	2120
3482.52	2137
3483.3	2065
3484.07	2112
3484.85	2126
3485.62	2130
3486.39	2138
3487.17	2080
3487.94	2067
3488.71	2127
3489.49	2013
3490.26	2015
3491.03	2032
3491.81	2094
3492.58	2058
3493.35	2091
3494.12	2050
3494.9	2013
3495.67	2068
3496.44	2018
3497.21	2017
3497.99	2040
3498.76	2092
3499.53	2032
3500.3	1993
3501.07	2006
3501.84	2027
3502.62	1959
3503.39	1982
3504.16	1985.5
3504.93	1989
3505.7	1951
3506.47	2001
3507.24	1977
3508.01	1989
3508.78	1983
3509.55	1949
3510.32	1962
3511.09	1982
3511.86	1958
3512.63	1857
3513.41	1919
3514.17	1945
3514.94	1950
3515.71	1886
3516.48	1912
3517.25	1905
3518.02	1948
3518.79	1898
3519.56	1945
3520.33	1901
3521.1	1946
3521.87	1856
3522.64	1896
3523.4	1909
3524.17	1919
3524.94	1842
3525.71	1821
3526.48	1884
3527.25	1862
3528.01	1813
3528.78	1856
3529.55	1814
3530.32	1803
3531.08	1797
3531.85	1890
3532.62	1827
3533.39	1852
3534.15	1910
3534.92	1825
3535.69	1883
3536.45	1734
3537.22	1846
3537.99	1770
3538.75	1784
3539.52	1817
3540.29	1772
3541.05	1801
3541.82	1847
3542.58	1828
3543.35	1843
3544.12	1834.5
3544.88	1826
3545.65	1828
3546.41	1809
3547.18	1739
3547.94	1764
3548.71	1740
3549.47	1821
3550.24	1752
3551	1719
3551.77	1755
3552.53	1777
3553.3	1718
3554.06	1746
3554.83	1756
3555.59	1723
3556.35	1694
3557.12	1760
3557.88	1744
3558.65	1717
3559.41	1726
3560.17	1717
3560.94	1730
3561.7	1690
3562.46	1717
3563.23	1771
3563.99	1686
3564.75	1718
3565.51	1726
3566.28	1700
3567.04	1666
3567.8	1691
3568.56	1687
3569.33	1651
3570.09	1702
3570.85	1679
3571.61	1645
3572.37	1668
3573.14	1623
3573.9	1645
3574.66	1661
3575.42	1608
3576.18	1661
3576.94	1654
3577.7	1655
3578.47	1624
3579.23	1661
3579.99	1630
3580.75	1654
3581.51	1675
3582.27	1666
3583.03	1637
3583.79	1647
3584.55	1645
3585.31	1627
3586.07	1601
3586.83	1594
3587.59	1663
3588.35	1594
3589.11	1631
3589.87	1592
3590.63	1593
3591.39	1609
3592.15	1591
3592.91	1526
3593.66	1552
3594.42	1597
3595.18	1613
3595.94	1571
3596.7	1592
3597.46	1537
3598.22	1573
3598.97	1564
3599.73	1549
3600.49	1615
3601.25	1549
3602.01	1607
3602.76	1550
3603.52	1545
3604.28	1471
3605.04	1549
3605.79	1531
3606.55	1553
3607.31	1546
3608.06	1580
3608.82	1559
3609.58	1495
3610.33	1506
3611.09	1527
3611.85	1500
3612.6	1539
3613.36	1529
3614.12	1514
3614.87	1557
3615.63	1475
3616.38	1526
3617.14	1537
3617.9	1513
3618.65	1453
3619.41	1493
3620.16	1519
3620.92	1528
3621.67	1475
3622.43	1475
3623.18	1444
3623.94	1432
3624.69	1442
3625.45	1479
3626.2	1473
3626.96	1439
3627.71	1436
3628.46	1401
3629.22	1486
3629.97	1442
3630.72	1422
3631.48	1427
3632.23	1368
3632.99	1406
3633.74	1418
3634.49	1430
3635.25	1421
3636	1420
3636.75	1416
3637.51	1403
3638.26	1377
3639.01	1421
3639.76	1397
3640.52	1404
3641.27	1391
3642.02	1378
3642.77	1392
3643.53	1381
3644.28	1359
3645.03	1409
3645.78	1340
3646.53	1378
3647.28	1364
3648.04	1384
3648.79	1349
3649.54	1306
3650.29	1368
3651.04	1364
3651.79	1352
3652.54	1328
3653.29	1316
3654.04	1268
3654.8	1337
3655.55	1349
3656.3	1353
3657.05	1373
3657.8	1328
3658.55	1354
3659.3	1372
3660.05	1315
3660.8	1371
3661.55	1338
3662.3	1337
3663.05	1355
3663.79	1325
3664.54	1411
3665.29	1355
3666.04	1371
3666.79	1334
3667.54	1342
3668.29	1320
3669.04	1333
3669.79	1320
3670.53	1286
3671.28	1353
3672.03	1309
3672.78	1319
3673.53	1362
3674.27	1304
3675.02	1323
3675.77	1313
3676.52	1342
3677.27	1381
3678.01	1330
3678.76	1320
3679.51	1301
3680.26	1288
3681	1269
3681.75	1335
3682.5	1309
3683.24	1278
3683.99	1280
3684.74	1331
3685.48	1310
3686.23	1258
3686.97	1305
3687.72	1283
3688.47	1290
3689.21	1258
3689.96	1287
3690.7	1271
3691.45	1251
3692.2	1253
3692.94	1271
3693.69	1261
3694.43	1313
3695.18	1249
3695.92	1244
3696.67	1232
3697.41	1267
3698.16	1288
3698.9	1251
3699.65	1236
3700.39	1244
3701.13	1255
3701.88	1227
3702.62	1244
3703.37	1241
3704.11	1217
3704.85	1242
3705.6	1241
3706.34	1239
3707.08	1212
3707.83	1259
3708.57	1226.5
3709.31	1218.65
3710.06	1229.56
3710.8	1206.63
3711.54	1219.89
3712.29	1204.71
3713.03	1185.43
3713.77	1220.52
3714.51	1206.29
3715.26	1211.95
3716	1178.26
3716.74	1142.42
3717.48	1220.01
3718.22	1179.29
3718.97	1203.44
3719.71	1174.83
3720.45	1203.73
3721.19	1201.65
3721.93	1236.86
3722.67	1223.81
3723.42	1185.69
3724.16	1203.81
3724.9	1157.12
3725.64	1181.11
3726.38	1187.86
3727.12	1231.73
3727.86	1187.85
3728.6	1201.93
3729.34	1189.3
3730.08	1194.28
3730.82	1180.91
3731.56	1187.56
3732.3	1198.29
3733.04	1176.65
3733.78	1182.86
3734.52	1183.15
3735.26	1197.25
3736	1177.86
3736.74	1192.43
3737.48	1197.58
3738.22	1192.05
3738.96	1156.75
3739.7	1170.15
3740.44	1184.23
3741.18	1197.51
3741.91	1158.09
3742.65	1160.73
3743.39	1171.39
3744.13	1155.47
3744.87	1178.89
3745.61	1151.12
3746.34	1168.93
3747.08	1159.13
3747.82	1171.98
3748.56	1175.88
3749.3	1183.82
3750.03	1204.94
3750.77	1216.62
3751.51	1190.23
3752.25	1175.44
3752.98	1178.87
3753.72	1165.47
3754.46	1166.57
3755.19	1149.67
3755.93	1161.34
3756.67	1177.79
3757.41	1200.67
3758.14	1169.47
3758.88	1176.47
3759.61	1181.43
3760.35	1177.5
3761.09	1186.32
3761.82	1197.21
3762.56	1180.54
3763.29	1193.38
3764.03	1195.2
3764.77	1196.41
3765.5	1156.97
3766.24	1184.08
3766.97	1193.87
3767.71	1187.17
3768.44	1202.82
3769.18	1207.93
3769.91	1196.41
3770.65	1161.69
3771.38	1182.78
3772.12	1203.26
3772.85	1222.02
3773.59	1213.45
3774.32	1194.67
3775.05	1217.54
3775.79	1223.32
3776.52	1218.7
3777.26	1206.13
3777.99	1203.27
3778.72	1188.39
3779.46	1179.25
3780.19	1192.23
3780.93	1200.55
3781.66	1203.73
3782.39	1184.26
3782.77	1164
3783.51	1175
3784.25	1236
3784.98	1189
3785.72	1194
3786.46	1208
3787.19	1260
3787.93	1214
3788.67	1199
3789.4	1238
3790.14	1261
3790.88	1219
3791.61	1248
3792.35	1186
3793.08	1235
3793.82	1217
3794.56	1167
3795.29	1182
3796.03	1187
3796.76	1187
3797.5	1183
3798.23	1215
3798.97	1201
3799.7	1208
3800.44	1242
3801.17	1236
3801.91	1220
3802.64	1209
3803.38	1202
3804.11	1210
3804.85	1150
3805.58	1224
3806.32	1252
3807.05	1231
3807.79	1214
3808.52	1207
3809.25	1251
3809.99	1193
3810.72	1262
3811.45	1258
3812.19	1206
3812.92	1206
3813.65	1249
3814.39	1215
3815.12	1200
3815.85	1178
3816.59	1238
3817.32	1246
3818.05	1226
3818.78	1206
3819.52	1197
3820.25	1190
3820.98	1212
3821.71	1221
3822.45	1198
3823.18	1258
3823.91	1183
3824.64	1203
3825.37	1207
3826.11	1185
3826.84	1173
3827.57	1161
3828.3	1218
3829.03	1183
3829.76	1215
3830.49	1207
3831.22	1181
3831.96	1213
3832.69	1189
3833.42	1180
3834.15	1139
3834.88	1201
3835.61	1199
3836.34	1208
3837.07	1208
3837.8	1154
3838.53	1208
3839.26	1186
3839.99	1174
3840.72	1196
3841.45	1171
3842.18	1182
3842.91	1153
3843.64	1156
3844.37	1165
3845.09	1174
3845.82	1196
3846.55	1153
3847.28	1132
3848.01	1198
3848.74	1205
3849.47	1202
3850.2	1191
3850.92	1195
3851.65	1162
3852.38	1149
3853.11	1160
3853.84	1130
3854.56	1171
3855.29	1134
3856.02	1123
3856.75	1167
3857.48	1125
3858.2	1130
3858.93	1155
3859.66	1139
3860.38	1186
3861.11	1145
3861.84	1140
3862.56	1106
3863.29	1151
3864.02	1102
3864.74	1076
3865.47	1141
3866.2	1100
3866.92	1120
3867.65	1147
3868.38	1119
3869.1	1134
3869.83	1111
3870.55	1109
3871.28	1141
3872	1115
3872.73	1114
3873.45	1075
3874.18	1120
3874.91	1141
3875.63	1104
3876.36	1109
3877.08	1068
3877.81	1099
3878.53	1150
3879.25	1106
3879.98	1070
3880.7	1097
3881.43	1133
3882.15	1114
3882.88	1131
3883.6	1119
3884.32	1130
3885.05	1115
3885.77	1091
3886.5	1097
3887.22	1060
3887.94	1080
3888.67	1116
3889.39	1100
3890.11	1116
3890.83	1113
3891.56	1092
3892.28	1091
3893	1063
3893.73	1084
3894.45	1108
3895.17	1076
3895.89	1091
3896.62	1067
3897.34	1114
3898.06	1069
3898.78	1125
3899.5	1083
3900.23	1097
3900.95	1065
3901.67	1144
3902.39	1053
3903.11	1059
3903.83	1070
3904.55	1062
3905.28	1049
3906	1078
3906.72	1106
3907.44	1098
3908.16	1043
3908.88	1084
3909.6	1055
3910.32	1044
3911.04	1075
3911.76	1098
3912.48	1073
3913.2	1065
3913.92	1065
3914.64	1060
3915.36	1111
3916.08	1060
3916.8	1066
3917.52	1072
3918.24	1026
3918.96	1068
3919.68	1113
3920.4	1097
3921.12	1088
3921.84	1119
3922.55	1081
3923.27	1065
3923.99	1061
3924.71	1086
3925.43	1068
3926.15	1086
3926.87	1111
3927.58	1090
3928.3	1103
3929.02	1078
3929.74	1079
3930.46	1097
3931.17	1148
3931.89	1062
3932.61	1050
3933.33	1041
3934.04	1100
3934.76	1049
3935.48	1102
3936.2	1101
3936.91	1108
3937.63	1060
3938.35	1066
3939.06	1058
3939.78	1047
3940.49	1044
3941.21	1106
3941.93	1102
3942.64	1070
3943.36	1066
3944.08	1069
3944.79	1072
3945.51	1106
3946.22	1060
3946.94	1042
3947.65	1033
3948.37	1091
3949.09	1084
3949.8	1085
3950.52	1101
3951.23	1073
3951.95	1055
3952.66	1013
3953.38	1066
3954.09	1079
3954.8	1060
3955.52	1057
3956.23	1042
3956.95	1098
3957.66	1071
3958.38	1037
3959.09	1060
3959.8	1039
3960.52	1077
3961.23	1062
3961.95	1045
3962.66	1062
3963.37	1074
3964.09	1047
3964.8	1054
3965.51	1004
3966.23	1043
3966.94	1043
3967.65	1044
3968.36	1072
3969.08	1046
3969.79	1074
3970.5	1030
3971.21	1045
3971.93	1048
3972.64	1076
3973.35	1034
3974.06	1004
3974.78	1044
3975.49	1019
3976.2	1080
3976.91	1047
3977.62	1019
3978.33	1049
3979.04	1054
3979.76	1030
3980.47	1089
3981.18	1042
3981.89	1040
3982.6	1046
3983.31	1065
3984.02	1036
3984.73	1058
3985.44	1088
3986.15	1063
3986.86	1032
3987.57	1086
3988.28	1079
3988.99	1091
3989.7	986
3990.41	1087
3991.12	1050
3991.83	1071
3992.54	1047
3993.25	1062
3993.96	1047
3994.67	1067
3995.38	1081
3996.09	1003
3996.8	1040
3997.51	1036
3998.22	1056
3998.93	1032
3999.63	1031
