100.898	18392
102.73	18138
104.561	17652
106.393	17708
108.226	17706
110.056	17472
111.886	17326
113.716	17506
115.548	17275
117.377	17237
119.206	17234
121.034	17184
122.864	17105
124.692	17004
126.519	16802
128.346	16794
130.173	16728
132.001	16640
133.827	16498
135.653	16718
137.478	16544
139.303	16518
141.127	16612
142.953	16455
144.777	16607
146.601	16566
148.424	16500
150.246	16604
152.069	16594
153.891	16553
155.712	16552
157.533	16541
159.356	16585
161.177	16673
162.997	16623
164.817	16294
166.636	16500
168.456	16435
170.274	16752
172.093	16531
173.911	16500
175.729	16329
177.546	16395
179.363	16630
181.179	16391
182.996	16354
184.812	16349
186.627	16568
188.442	16247
190.257	16525
192.072	16263
193.886	16351
195.7	16516
197.513	16396
199.326	16423
201.139	16389
202.951	16444
204.763	16560
206.575	16407
208.384	16610
210.195	16452
212.006	16478
213.816	16561
215.626	16501
217.436	16376
219.245	16383
221.054	16591
222.862	16311
224.668	16612
226.476	16437
228.284	16466
230.091	16444
231.897	16346
233.704	16361
235.508	16558
237.313	16292
239.119	16286
240.924	16518
242.728	16524
244.53	16419
246.334	16488
248.138	16496
249.941	16546
251.744	16607
253.545	16684
255.347	16695
257.148	16738
258.95	16623
260.749	16812
262.55	16742
264.35	17008
266.148	16768
267.948	16844
269.747	16766
271.546	16966
273.343	16731
275.141	16908
276.939	16804
278.735	16819
280.532	16870
282.329	16818
284.123	16988
285.92	16903
287.713	16985
289.509	16682
291.304	16875
293.097	16577
294.891	16855
296.686	16584
298.477	16707
300.271	16807
302.062	16639
303.854	16804
305.645	16881
307.437	16879
309.229	16978
311.018	16777
312.809	16867
314.597	17072
316.388	17094
318.176	17042
319.965	17195
321.752	17301
323.541	17136
325.328	17379
327.116	17311
328.902	17359
330.689	17536
332.475	17482
334.261	17555
336.046	17557
337.832	17545
339.616	17538
341.399	17676
343.184	17779
344.967	17689
346.751	17912
348.534	17699
350.317	17848
352.099	17808
353.88	17720
355.662	17873
357.443	17812
359.223	17785
361.004	17773
362.783	17790
364.564	17863
366.343	17798
368.121	17853
369.901	17908
371.679	17910
373.456	17880
375.233	17929
377.011	17956
378.788	18004
380.563	17867
382.341	17984
384.116	18101
385.891	18121
387.667	17987
389.442	18021
391.215	18055
392.989	18370
394.764	18373
396.537	18277
398.309	18309
400.081	18405
401.853	18500
403.626	18597
405.397	18502
407.168	18438
408.938	18537
410.708	18701
412.48	18575
414.249	18693
416.018	18672
417.787	18824
419.555	18802
421.323	18793
423.091	18818
424.86	18885
426.627	18754
428.394	18649
430.16	18696
431.926	18619
433.692	18776
435.457	18786
437.222	18764
438.986	18849
440.751	18688
442.515	18726
444.28	18714
446.043	18730
447.806	18570
449.569	18618
451.331	18714
453.093	18697
454.854	18677
456.616	18713
458.376	18813
460.137	18746
461.897	18664
463.657	18861
465.416	19016
467.176	18924
468.934	18858
470.693	18761
472.449	18988
474.207	19041
475.964	19142
477.721	18975
479.478	19124
481.235	19058
482.991	19212
484.746	19372
486.502	19398
488.257	19466
490.012	19365
491.764	19509
493.518	19395
495.272	19331
497.025	19574
498.779	19437
500.531	19386
502.282	19506
504.034	19793
505.785	19495
507.537	19648
509.288	19375
511.039	19614
512.787	19444
514.537	19569
516.287	19542
518.036	19554
519.783	19517
521.532	19591
523.28	19633
525.029	19578
526.774	19620
528.522	19644
530.269	19635
532.015	19751
533.76	19635
535.506	19887
537.251	19742
538.995	19800
540.74	19692
542.485	19819
544.227	19686
545.971	19679
547.715	20063
549.456	19979
551.199	19828
552.942	20010
554.682	19921
556.424	20202
558.164	19970
559.905	20023
561.646	19997
563.385	20108
565.125	20262
566.863	20178
568.603	20291
570.341	20391
572.08	20315
573.818	20349
575.555	20481
577.293	20368
579.028	20233
580.766	20373
582.501	20422
584.238	20421
585.972	20239
587.708	20343
589.442	20403
591.177	20258
592.91	20383
594.645	20355
596.377	20233
598.112	20234
599.843	20315
601.575	20216
603.308	20267
605.039	20228
606.771	20311
608.501	20337
610.233	20045
611.962	20197
613.691	20185
615.422	20113
617.151	20421
618.879	20183
620.609	20166
622.336	20258
624.063	20117
625.792	20150
627.518	20197
629.245	20297
630.972	20078
632.698	20341
634.423	20316
636.15	20245
637.874	20182
639.599	20329
641.324	20400
643.048	20455
644.771	20537
646.494	20429
648.219	20588
649.941	20594
651.663	20488
653.384	20782
655.107	20643
656.828	20792
658.549	20769
660.269	20673
661.989	20693
663.709	20896
665.43	20801
667.149	20991
668.868	20834
670.586	21031
672.304	21029
674.021	20933
675.741	20895
677.458	20791
679.174	20691
680.891	20818
682.607	20529
684.323	20712
686.038	20738
687.753	20642
689.468	20796
691.182	20597
692.898	20505
694.612	20468
696.325	20824
698.038	20473
699.751	20419
701.464	20409
703.176	20466
704.887	20555
706.599	20408
708.31	20495
710.021	20470
711.731	20369
713.442	20415
715.151	20303
716.861	20472
718.57	20329
720.279	20447
721.988	20490
723.694	20356
725.402	20271
727.109	20541
728.817	20320
730.523	20370
732.23	20544
733.936	20452
735.642	20554
737.348	20349
739.053	20616
740.756	20687
742.461	20715
744.165	20580
745.869	20729
747.573	20784
749.277	20909
750.978	20740
752.68	20993
754.383	20815
756.085	21056
757.787	20884
759.486	21148
761.187	21076
762.888	21118
764.589	21196
766.289	20781
767.987	20913
769.686	21005
771.385	20906
773.082	20994
774.781	21100
776.479	21018
778.177	21020
779.873	20743
781.57	21099
783.267	21057
784.962	20887
786.658	20891
788.354	20673
790.048	20886
791.743	20763
793.438	20806
795.131	20812
796.826	20819
798.52	20761
800.211	20642
801.905	20441
803.596	20564
805.289	20434
806.981	20646
808.672	20602
810.364	20367
812.053	20406
813.744	20649
815.433	20489
817.124	20374
818.812	20393
820.502	20376
822.19	20378
823.879	20277
825.566	20260
827.255	20356
828.941	20188
830.629	20402
832.315	20483
834.003	20429
835.688	20439
837.375	20493
839.059	20482
840.745	20576
842.429	20442
844.113	20668
845.798	20678
847.481	20656
849.165	20852
850.848	20759
852.53	20663
854.213	20741
855.895	21067
857.578	20773
859.258	20848
860.939	20665
862.621	20850
864.301	20943
865.98	20951
867.661	20980
869.34	20960
871.018	21096
872.697	21236
874.377	21118
876.054	21223
877.731	21139
879.41	21366
881.087	21259
882.763	21122
884.439	21234
886.117	20887
887.792	21039
889.467	20959
891.142	20575
892.816	20500
894.492	20487
896.166	20419
897.84	20127
899.513	20220
901.186	20140
902.86	19952
904.533	20069
906.205	20113
907.876	19991
909.547	19928
911.218	19800
912.889	19821
914.559	19985
916.231	19832
917.901	19922
919.571	19718
921.24	19793
922.909	19787
924.577	19713
926.245	19643
927.913	19820
929.581	19655
931.248	19773
932.915	19704
934.581	19790
936.248	20022
937.914	19833
939.579	19946
941.245	20050
942.91	19743
944.575	19814
946.239	19957
947.903	19846
949.567	20156
951.231	20070
952.894	19956
954.557	20009
956.219	20116
957.882	20038
959.544	20214
961.203	20184
962.865	20128
964.526	20175
966.186	20295
967.847	20254
969.507	20458
971.167	20374
972.826	20322
974.483	20054
976.142	20162
977.801	20285
979.459	20269
981.117	20400
982.773	20271
984.43	20412
986.087	20133
987.744	20158
989.4	20399
991.054	20166
992.71	20345
994.366	20440
996.021	20507
997.674	20478
999.328	20856
1000.98	20804
1002.63	20940
1004.29	21069
1005.94	21414
1007.59	21827
1009.25	21884
1010.9	22497
1012.55	22677
1014.2	23102
1015.85	23393
1017.5	23768
1019.15	24058
1020.8	24456
1022.45	24272
1024.1	24861
1025.75	24748
1027.4	24839
1029.05	24529
1030.69	24423
1032.34	24052
1033.99	23770
1035.64	23416
1037.28	22828
1038.93	22538
1040.57	21931
1042.22	21510
1043.87	21119
1045.51	21045
1047.16	20546
1048.8	20452
1050.44	20269
1052.09	20048
1053.73	19891
1055.37	19739
1057.02	19670
1058.66	19542
1060.3	19561
1061.94	19603
1063.58	19581
1065.23	19589
1066.87	19430
1068.51	19613
1070.15	19582
1071.79	19609
1073.43	19725
1075.07	19584
1076.7	19487
1078.34	19717
1079.98	19657
1081.62	19626
1083.26	19734
1084.9	19407
1086.53	19701
1088.17	19601
1089.81	19682
1091.44	19546
1093.08	19665
1094.71	19383
1096.35	19482
1097.98	19408
1099.62	19420
1101.25	19346
1102.89	19276
1104.52	19295
1106.15	19104
1107.79	19227
1109.42	19239
1111.05	19157
1112.68	19039
1114.31	18928
1115.95	18890
1117.58	18868
1119.21	18914
1120.84	18662
1122.47	18693
1124.1	18479
1125.73	18428
1127.36	18339
1128.98	18357
1130.61	18326
1132.24	18333
1133.87	18250
1135.5	18081
1137.12	18062
1138.75	18159
1140.38	18076
1142	17928
1143.63	17919
1145.26	17902
1146.88	17746
1148.51	17776
1150.13	18010
1151.76	18077
1153.38	18053
1155	17886
1156.63	18066
1158.25	18024
1159.87	17824
1161.5	18093
1163.12	17991
1164.74	18054
1166.36	18028
1167.98	17967
1169.6	18108
1171.22	18018
1172.84	18010
1174.46	17926
1176.08	18085
1177.7	17871
1179.32	18170
1180.94	18097
1182.56	17999
1184.18	18108
1185.8	17951
1187.41	18215
1189.03	18148
1190.65	17921
1192.26	18314
1193.88	17990
1195.5	18099
1197.11	18065
1198.73	17958
1200.34	18131
1201.96	17963
1203.57	18034
1205.19	17957
1206.8	17859
1208.41	17816
1210.03	17673
1211.64	17679
1213.25	17644
1214.86	17665
1216.48	17596
1218.09	17823
1219.7	17538
1221.31	17357
1222.92	17321
1224.53	17285
1226.14	17327
1227.75	17355
1229.36	17111
1230.97	17087
1232.58	17208
1234.19	17135
1235.79	16936
1237.4	17025
1239.01	16874
1240.62	16859
1242.23	16816
1243.83	16947
1245.44	16645
1247.04	16552
1248.65	16649
1250.25	16699
1251.86	16532
1253.46	16506
1255.07	16586
1256.67	16538
1258.28	16392
1259.88	16604
1261.48	16605
1263.09	16586
1264.69	16524
1266.29	16622
1267.89	16666
1269.5	16366
1271.1	16566
1272.7	16526
1274.3	16485
1275.9	16738
1277.5	16423
1279.1	16509
1280.7	16563
1282.3	16678
1283.9	16622
1285.5	16709
1287.09	16833
1288.69	16764
1290.29	16768
1291.89	16776
1293.48	16932
1295.08	16706
1296.68	16811
1298.27	16680
1299.87	16645
1301.47	16775
1303.06	16639
1304.66	16739
1306.25	16755.5
1307.85	16772
1309.44	16880
1311.03	16826
1312.63	16790
1314.22	16661
1315.81	16748
1317.4	16859
1319	16794
1320.59	16816
1322.18	16876
1323.77	16731
1325.36	16726
1326.95	16567
1328.54	16662
1330.13	16551
1331.72	16500
1333.31	16463
1334.9	16389
1336.49	16625
1338.08	16379
1339.67	16419
1341.26	16526
1342.84	16407
1344.43	16323
1346.02	16276
1347.6	16056
1349.19	16231
1350.78	15957
1352.36	16037
1353.95	16217
1355.53	15949
1357.12	15978
1358.7	15971
1360.29	15927
1361.87	15786
1363.46	15707
1365.04	15802
1366.62	15714
1368.2	15691
1369.79	15756
1371.37	15679
1372.95	15681
1374.53	15864
1376.11	15711
1377.69	15682
1379.28	15733
1380.85	15637
1382.43	15555
1384.01	15589
1385.59	15703
1387.17	15868
1388.75	15845
1390.33	15810
1391.91	15785
1393.49	15920
1395.07	15794
1396.64	15709
1398.22	15822
1399.8	15971
1401.37	15805
1402.95	15798
1404.52	15946
1406.1	15870
1407.68	15933
1409.25	15935
1410.82	16063
1412.4	16075
1413.97	15931
1415.55	15991
1417.12	16006
1418.69	16241
1420.27	16075
1421.84	16210
1423.41	16150
1424.98	16280
1426.55	16287
1428.13	16290
1429.7	16251
1431.27	16235
1432.84	16282
1434.41	16389
1435.98	16431
1437.55	16469
1439.12	16707
1440.69	16647
1442.25	16986
1443.82	16883
1445.39	17244
1446.96	17415
1448.52	17540
1450.09	17680
1451.66	17727
1453.23	17749
1454.79	17926
1456.36	17856
1457.92	17876
1459.49	17924
1461.05	17572
1462.62	17628
1464.18	17445
1465.75	17379
1467.31	17332
1468.87	17255
1470.44	17227
1472	17135
1473.56	17057
1475.13	17041
1476.69	16889
1478.25	16714
1479.81	16576
1481.37	16532
1482.93	16301
1484.49	16308
1486.05	16132
1487.61	16266
1489.17	16002
1490.73	15902
1492.29	15759
1493.85	15659
1495.41	15428
1496.97	15480
1498.53	15485
1500.08	15399
1501.64	15200
1503.2	15225
1504.76	15310
1506.31	15155
1507.87	15141
1509.42	15094
1510.98	15058
1512.53	14914
1514.09	15164
1515.64	14945
1517.2	15034
1518.75	15000
1520.31	15015
1521.86	14952
1523.41	14911
1524.96	14969
1526.52	15095
1528.07	15091
1529.62	14922
1531.17	14953
1532.73	14980
1534.28	15071
1535.83	15078
1537.38	14982
1538.93	15107
1540.48	15091
1542.03	15105
1543.58	15043
1545.13	15080
1546.68	14873
1548.22	14968
1549.77	15072
1551.32	15138
1552.87	14862
1554.41	15152
1555.96	14998
1557.51	14977
1559.05	14987
1560.6	14963
1562.15	14960
1563.69	14855
1565.24	14781
1566.78	15021
1568.33	14786
1569.87	14723
1571.42	14714
1572.96	14668
1574.5	14643
1576.04	14829
1577.59	14772
1579.13	14646
1580.67	14667
1582.21	14466
1583.76	14341
1585.3	14500
1586.84	14499
1588.38	14473
1589.92	14478
1591.46	14290
1593	14461
1594.54	14397
1596.08	14334
1597.62	14165
1599.16	14262
1600.7	14121
1602.24	14162
1603.77	14101
1605.31	14185
1606.85	14032
1608.39	14152
1609.92	14100
1611.46	14051
1612.99	14024
1614.53	14096
1616.07	13940
1617.6	13759
1619.14	14044
1620.67	13864
1622.21	13879
1623.74	13781
1625.27	13859
1626.81	13925
1628.34	13841
1629.87	13919
1631.41	13989
1632.94	13731
1634.47	13933
1636	13872
1637.53	13922
1639.07	13858
1640.6	13872
1642.13	13853
1643.66	13857
1645.19	13994
1646.72	13913
1648.25	13890.7
1649.78	13988
1651.31	13966.5
1652.83	13887.3
1654.36	13809.3
1655.89	13932.2
1657.42	13921.9
1658.95	13990.5
1660.47	14019.3
1662	13972.2
1663.53	13991.6
1665.05	13960.3
1666.58	14140
1668.11	13905
1669.63	13997
1671.16	14022.2
1672.68	14004.8
1674.21	14016.9
1675.73	14062.5
1677.25	14084
1678.78	14003.9
1680.3	14002.5
1681.83	13985
1683.35	13912.5
1684.87	14042.7
1686.39	13972.1
1687.92	13942.4
1689.44	13895.2
1690.96	13888.4
1692.48	13870
1694	13882.6
1695.52	13897.8
1697.04	13777.2
1698.56	13933
1700.08	13859.9
1701.6	13821.2
1703.12	13809.8
1704.64	13755.8
1706.16	13748.1
1707.68	13743.4
1709.19	13704.1
1710.71	13654.2
1712.23	13604.3
1713.75	13640.5
1715.26	13543.8
1716.78	13527.7
1718.3	13577.6
1719.81	13623.3
1721.33	13490.6
1722.84	13424.5
1724.36	13554.3
1725.87	13490.8
1727.39	13442.7
1728.9	13419.5
1730.42	13499.6
1731.93	13461.3
1733.44	13334.4
1734.96	13380.4
1736.47	13351.6
1737.98	13484.9
1739.49	13346.2
1741.01	13451.8
1742.52	13468.6
1744.03	13394.4
1745.54	13431.5
1747.05	13499.5
1748.56	13405.3
1750.07	13509.1
1751.58	13424.9
1753.09	13372.5
1754.6	13393.3
1756.11	13446.2
1757.62	13509.5
1759.13	13445.2
1760.64	13443.3
1762.15	13401.2
1763.65	13463.2
1765.16	13450
1766.67	13594.2
1768.18	13495.5
1769.68	13577.6
1771.19	13554.6
1772.7	13475.1
1774.2	13769.6
1775.71	13646.2
1777.21	13580.3
1778.72	13633.9
1780.22	13475.1
1781.73	13765
1783.23	13796.6
1784.73	13674.3
1786.24	13679.2
1787.74	13721.9
1789.24	13698.1
1790.75	13728.9
1792.25	13625.2
1793.75	13702.6
1795.25	13812.7
1796.75	13781
1798.26	13652.9
1798.36	13648
1799.86	13563
1801.37	13736
1802.88	13665
1804.39	13656
1805.89	13721
1807.4	13608
1808.91	13668
1810.41	13668
1811.92	13615
1813.42	13587
1814.93	13567
1816.43	13545
1817.93	13579
1819.44	13287
1820.94	13513
1822.45	13486
1823.95	13411
1825.45	13415
1826.95	13444
1828.46	13227
1829.96	13222
1831.46	13318
1832.96	13239
1834.46	13184
1835.97	13033
1837.47	13130
1838.97	12927
1840.47	13196
1841.97	13037
1843.47	13098
1844.97	13045
1846.47	12854
1847.96	12814
1849.46	12956
1850.96	12798
1852.46	12888
1853.96	12774
1855.45	12894
1856.95	12745
1858.45	12795
1859.94	12642
1861.44	12859
1862.94	12738
1864.43	12683
1865.93	12763
1867.42	12768
1868.92	12680
1870.41	12739
1871.91	12682.5
1873.4	12626
1874.89	12723
1876.39	12714
1877.88	12611
1879.37	12567
1880.87	12735
1882.36	12740
1883.85	12725
1885.34	12784
1886.83	12862
1888.33	12683
1889.82	12714.5
1891.31	12746
1892.8	12830
1894.29	12855
1895.78	12831
1897.27	12834
1898.76	12820
1900.25	12950
1901.73	12903
1903.22	12909
1904.71	12850
1906.2	12916
1907.69	12991
1909.17	13054
1910.66	12885
1912.15	12854
1913.64	12982
1915.12	12900
1916.61	12888
1918.09	13038
1919.58	13053
1921.06	13105
1922.55	12960
1924.03	13059
1925.52	13032
1927	13047
1928.49	12917
1929.97	13020
1931.45	13057
1932.94	12906
1934.42	13060
1935.9	13172
1937.39	12984
1938.87	13041
1940.35	13147
1941.83	12988
1943.31	12893
1944.79	12908
1946.27	12873
1947.75	12911
1949.23	12970
1950.71	12998
1952.19	12968
1953.67	12866
1955.15	12971
1956.63	12765
1958.11	12675
1959.58	12763
1961.06	12834
1962.54	12793
1964.02	12823
1965.49	12643
1966.97	12681
1968.45	12814
1969.93	12682
1971.4	12596
1972.88	12577
1974.35	12476
1975.83	12485
1977.3	12474
1978.78	12444
1980.25	12596
1981.72	12356
1983.2	12383
1984.67	12267
1986.15	12402
1987.62	12288
1989.09	12306
1990.56	12385
1992.04	12315
1993.51	12171
1994.98	12246
1996.45	12304
1997.92	12142
1999.39	12324
2000.86	12131
2002.33	12214
2003.8	12172
2005.27	12194
2006.74	12229
2008.21	12119
2009.68	12275
2011.15	12167
2012.62	12181
2014.09	12118
2015.55	12130
2017.02	12094
2018.49	12186
2019.96	12115
2021.42	12259
2022.89	12192
2024.36	12401
2025.82	12300
2027.29	12248
2028.75	12224
2030.22	12304
2031.68	12309
2033.15	12329
2034.61	12245
2036.08	12327
2037.54	12178
2039	12356
2040.47	12339
2041.93	12431
2043.39	12367
2044.86	12220
2046.32	12448
2047.78	12479
2049.24	12398
2050.7	12264
2052.16	12443
2053.62	12366
2055.08	12503
2056.54	12488
2058	12420
2059.46	12298
2060.92	12385
2062.38	12353
2063.84	12317
2065.3	12349
2066.76	12338
2068.22	12373
2069.68	12384
2071.13	12188
2072.59	12389
2074.05	12339
2075.51	12372
2076.96	12337
2078.42	12302
2079.87	12208
2081.33	12260
2082.79	12226
2084.24	12199
2085.7	12151
2087.15	12028
2088.61	12081
2090.06	12080
2091.51	12012
2092.97	12088
2094.42	11955
2095.87	12005
2097.33	11891
2098.78	12040
2100.23	11942
2101.68	12007
2103.14	11900
2104.59	11857
2106.04	11777
2107.49	11873
2108.94	11873
2110.39	11865
2111.84	11784
2113.29	11840
2114.74	11761
2116.19	11660
2117.64	11786
2119.09	11688
2120.54	11666
2121.99	11522
2123.43	11659
2124.88	11593
2126.33	11643
2127.78	11650
2129.22	11569
2130.67	11489
2132.12	11607
2133.56	11623
2135.01	11643
2136.46	11479
2137.9	11656
2139.35	11477
2140.79	11475
2142.23	11512
2143.68	11593
2145.12	11556
2146.57	11588
2148.01	11527
2149.45	11612
2150.9	11570
2152.34	11505
2153.78	11630
2155.22	11568
2156.67	11650
2158.11	11528
2159.55	11476
2160.99	11595
2162.43	11504
2163.87	11681
2165.31	11510
2166.76	11593
2168.19	11675
2169.63	11559
2171.07	11508
2172.51	11680
2173.95	11551
2175.39	11572
2176.83	11646
2178.27	11766
2179.71	11742
2181.14	11726
2182.58	11509
2184.02	11727
2185.45	11793
2186.89	11750
2188.33	11706
2189.76	11693
2191.2	11592
2192.63	11655
2194.07	11700
2195.5	11524
2196.94	11590
2198.37	11761
2199.81	11788
2201.24	11661
2202.67	11793
2204.11	11582
2205.54	11632
2206.97	11628
2208.41	11691
2209.84	11532
2211.27	11640
2212.7	11602
2214.13	11623
2215.57	11560
2217	11613
2218.43	11607
2219.86	11538
2221.29	11437
2222.72	11474
2224.15	11526
2225.58	11541
2227.01	11416
2228.44	11442
2229.86	11531
2231.29	11388
2232.72	11469
2234.15	11307
2235.58	11319
2237	11304
2238.43	11397
2239.86	11385
2241.29	11451
2242.71	11263
2244.14	11278
2245.56	11249
2246.99	11221
2248.42	11167
2249.84	11257
2251.27	11190
2252.69	11215
2254.11	11145
2255.54	11089
2256.96	11041
2258.39	11098
2259.81	11136
2261.23	11138
2262.66	11098
2264.08	11077
2265.5	11041
2266.92	10999
2268.34	11013
2269.76	11002
2271.19	11057
2272.61	11004
2274.03	10961
2275.45	10993
2276.87	10961
2278.29	11096
2279.71	10973
2281.13	10974
2282.55	10919
2283.96	10871
2285.38	10943
2286.8	10966
2288.22	11098
2289.64	10987
2291.06	10959
2292.47	10951
2293.89	10997
2295.31	11077
2296.72	10907
2298.14	10977
2299.56	10865
2300.97	10964
2302.39	10906
2303.8	10984
2305.22	10877
2306.63	10883
2308.05	10887
2309.46	10920
2310.88	10955
2312.29	10864
2313.7	11118
2315.12	10947
2316.53	10818
2317.94	10809
2319.35	10882
2320.77	10874
2322.18	10947
2323.59	10774
2325	10775
2326.41	11046
2327.82	10821
2329.24	10853
2330.65	10962
2332.06	11033
2333.47	10904
2334.88	10850
2336.28	10688
2337.69	10809
2339.1	10748
2340.51	10686
2341.92	10699
2343.33	10706
2344.74	10470
2346.14	10587
2347.55	10676
2348.96	10494
2350.37	10613
2351.77	10650
2353.18	10540
2354.58	10572
2355.99	10541
2357.4	10487
2358.8	10262
2360.21	10448
2361.61	10426
2363.02	10327
2364.42	10484
2365.82	10409
2367.23	10353
2368.63	10462
2370.04	10342
2371.44	10338
2372.84	10349
2374.25	10420
2375.65	10453
2377.05	10363
2378.45	10434
2379.85	10093
2381.25	10272
2382.66	10225
2384.06	10277
2385.46	10386
2386.86	10292
2388.26	10222
2389.66	10226
2391.06	10241
2392.46	10361
2393.85	10070
2395.25	10247
2396.65	10170
2398.05	10226
2399.45	10167
2400.85	10375
2402.24	10098
2403.64	10252
2405.04	10198
2406.44	10238
2407.83	10187
2409.23	10353
2410.62	10239
2412.02	10356
2413.41	10172
2414.81	10333
2416.21	10266
2417.6	10101
2419	10244
2420.39	10315
2421.78	10246
2423.18	10362
2424.57	10292
2425.96	10421
2427.36	10416
2428.75	10343
2430.14	10359
2431.53	10404
2432.93	10404
2434.32	10326
2435.71	10567
2437.1	10394
2438.49	10377
2439.88	10492
2441.27	10415
2442.66	10289
2444.05	10457
2445.44	10408
2446.83	10421
2448.22	10345
2449.61	10324
2451	10403
2452.39	10301
2453.78	10365
2455.16	10399
2456.55	10442
2457.94	10390
2459.33	10430
2460.72	10428
2462.1	10609
2463.49	10390
2464.87	10442
2466.26	10409
2467.65	10395
2469.03	10473
2470.42	10368
2471.8	10322
2473.19	10425
2474.57	10363
2475.96	10347
2477.34	10381
2478.72	10452
2480.11	10369
2481.49	10411
2482.87	10335
2484.26	10378
2485.64	10218
2487.02	10297
2488.4	10386
2489.79	10340
2491.17	10234
2492.55	10217
2493.93	10351
2495.31	10208
2496.69	10344
2498.07	10201
2499.45	10264
2500.83	10121
2502.21	10066
2503.59	10267
2504.97	10154
2506.35	10143
2507.73	10140
2509.1	10049
2510.48	10163
2511.86	10126
2513.24	10146
2514.62	10104
2515.99	10159
2517.37	10294
2518.75	9939
2520.12	10205
2521.5	10029
2522.88	10164
2524.25	10109
2525.63	10007
2527	10242
2528.38	10068
2529.75	10044
2531.13	10119
2532.5	10221
2533.87	10209
2535.25	10153
2536.62	10118
2537.99	10149
2539.37	10183
2540.74	10224
2542.11	10160
2543.48	10128
2544.86	10141
2546.23	10245
2547.6	10152
2548.97	10257
2550.34	10272
2551.71	10249
2553.08	10247
2554.45	10325
2555.82	10404
2557.19	10349
2558.56	10150
2559.93	10240
2561.3	10148
2562.67	10339
2564.04	10168
2565.41	10311
2566.78	10325
2568.14	10239
2569.51	10390
2570.88	10241
2572.25	10348
2573.61	10264
2574.98	10230
2576.34	10247
2577.71	10258
2579.08	10268
2580.44	10345
2581.81	10312
2583.17	10277
2584.54	10323
2585.9	10162
2587.27	10272
2588.63	10317
2589.99	10199
2591.36	10345
2592.72	10329.5
2594.08	10314
2595.45	10443
2596.81	10236
2598.17	10364
2599.54	10220
2600.9	10237
2602.26	10225
2603.62	10121
2604.98	10153
2606.34	10087
2607.7	10081
2609.06	10141
2610.42	10249
2611.78	10134
2613.14	10197
2614.5	10156
2615.86	10112
2617.22	10209
2618.58	10139
2619.94	10089
2621.3	10110
2622.66	10100
2624.01	10054
2625.37	10004
2626.73	10095
2628.09	9999
2629.44	9954
2630.8	9993
2632.16	9994
2633.51	9954
2634.87	9984
2636.22	9932
2637.58	10058
2638.93	9972
2640.29	9956
2641.64	9955
2643	9911
2644.35	9792
2645.71	9926
2647.06	9884
2648.42	9872
2649.77	9868
2651.12	9871
2652.47	9745
2653.83	9918
2655.18	9844
2656.53	9788
2657.88	9844
2659.23	9857
2660.59	9794
2661.94	9835
2663.29	9810
2664.64	9785
2665.99	9801
2667.34	9742
2668.69	9699
2670.04	9790
2671.39	9842
2672.74	9731
2674.09	9758
2675.43	9752
2676.78	9753
2678.13	9729
2679.48	9771
2680.83	9739
2682.18	9833
2683.52	9772
2684.87	9665
2686.22	9710
2687.56	9790
2688.91	9832
2690.25	9847
2691.6	9797
2692.95	9827
2694.29	9856
2695.64	9798
2696.98	9823
2698.33	9823
2699.67	9710
2701.02	9859
2702.36	9909
2703.7	9864
2705.05	9751
2706.39	9806
2707.73	9891
2709.08	9835
2710.42	9846
2711.76	9910
2713.1	9893
2714.44	9931
2715.78	9977
2717.13	9959
2718.47	9881
2719.81	9854
2721.15	9957
2722.49	9892
2723.83	9919
2725.17	9946
2726.51	9760
2727.85	10035
2729.19	9892
2730.53	9815
2731.87	9808
2733.2	10060
2734.54	9978
2735.88	9992
2737.22	9788
2738.56	10045
2739.89	10028
2741.23	9969
2742.57	9873
2743.9	9915
2745.24	9963
2746.58	9931
2747.91	9843
2749.25	9892
2750.58	9967
2751.92	9932
2753.25	9904
2754.59	9950
2755.92	9788
2757.26	9867
2758.59	9824
2759.92	9888
2761.26	9987
2762.59	9928
2763.92	9884
2765.26	9910
2766.59	9948
2767.92	9979
2769.25	9996
2770.59	9934
2771.92	9883
2773.25	9928
2774.58	9961
2775.91	9879
2777.24	9938
2778.57	9977
2779.9	9859
2781.23	9995
2782.56	10061
2783.89	10055
2785.22	9900
2786.55	10043
2787.88	10100
2789.21	10195
2790.54	10152
2791.86	10304
2793.19	10193
2794.52	10293
2795.85	10317
2797.17	10342
2798.5	10383
2799.83	10517
2801.16	10533
2802.48	10635
2803.81	10738
2805.13	10950
2806.46	11025
2807.78	10992
2809.11	11109
2810.43	11239
2811.76	11369
2813.08	11682
2814.41	11949
2815.73	11963
2817.05	12386
2818.38	12858
2819.7	13063
2821.02	13505
2822.35	14084
2823.67	14563
2824.99	15293
2826.31	16196
2827.63	16942
2828.96	18087
2830.28	19280
2831.6	20376
2832.92	21896
2834.24	22908
2835.56	23872
2836.88	24848
2838.2	25639
2839.52	26255
2840.84	26404
2842.16	26339
2843.48	25999
2844.8	25068
2846.12	24451
2847.43	23421
2848.75	22380
2850.07	21283
2851.39	20054
2852.71	19082
2854.02	18212
2855.34	17236
2856.66	16392
2857.97	15852
2859.29	15277
2860.6	14925
2861.92	14394
2863.24	14278
2864.55	13896
2865.87	13707
2867.18	13534
2868.5	13542
2869.81	13258
2871.12	13265
2872.44	13288
2873.75	13189
2875.07	13323
2876.38	13031
2877.69	13244
2879.01	13195
2880.32	13111
2881.63	13301
2882.94	13276
2884.25	13269
2885.57	13289
2886.88	13186
2888.19	13309
2889.5	13193
2890.81	13362
2892.12	13256
2893.43	13368
2894.74	13481
2896.05	13422
2897.36	13662
2898.67	13578
2899.98	13742
2901.29	13871
2902.6	14008
2903.9	14056
2905.21	14381
2906.52	14334
2907.83	14567
2909.14	14875
2910.44	14982
2911.75	15406
2913.06	15662
2914.36	15761
2915.67	15999
2916.98	16502
2918.28	16681
2919.59	17060
2920.89	17415
2922.2	17727
2923.5	18096
2924.81	18523
2926.11	19021
2927.42	19306
2928.72	19781
2930.02	20214
2931.33	20692
2932.63	21190
2933.93	21679
2935.24	22235
2936.54	22621
2937.84	23069
2939.14	23630
2940.45	24051
2941.75	24564
2943.05	24776
2944.35	25250
2945.65	25682
2946.95	25642
2948.25	25998
2949.55	25950
2950.85	25767
2952.15	25456
2953.45	25023.5
2954.75	24521.1
2956.05	23867.5
2957.35	23281.7
2958.65	22572.4
2959.95	21420.7
2961.25	21036.5
2962.55	20191.5
2963.84	19403.9
2965.14	19046.4
2966.44	18355.5
2967.74	17987.6
2969.03	17458.8
2970.33	17119.7
2971.63	16968.1
2972.92	16554.9
2974.22	16476.1
2975.51	16188.3
2976.81	16001.3
2978.11	15866.3
2979.4	15678.2
2980.7	15532.4
2981.99	15378.7
2983.29	15382.7
2984.58	15114.8
2985.87	15083.2
2987.17	14901.9
2988.46	14741.8
2989.75	14715.4
2991.05	14432.4
2992.34	14395
2993.63	14231.5
2994.93	14052
2996.22	13916.1
2997.51	13875.3
2998.8	13769.7
3000.09	13615.5
3001.39	13417
3002.68	13268.8
3003.97	13069.1
3005.26	12873.5
3006.55	12774.6
3007.84	12705.3
3009.13	12580.8
3010.42	12388.6
3011.71	12259.2
3013	12034.7
3014.29	12019
3015.57	11992.8
3016.86	11765.5
3018.15	11763.6
3019.44	11736.5
3020.73	11541.4
3022.02	11580.7
3023.3	11468.3
3024.59	11362.2
3025.88	11316.9
3027.17	11290
3028.45	11246.7
3029.74	11178.4
3031.02	11185.3
3032.31	11170.2
3033.59	11077.9
3034.88	11104.8
3036.17	11024
3037.45	10998.6
3038.74	10983
3040.02	10836.5
3041.31	10920.3
3042.59	10864.9
3043.87	10832.7
3045.16	10833.7
3046.44	10928
3047.72	10859.4
3049.01	10699.7
3050.29	10776.6
3051.57	10836.8
3052.85	10686.2
3054.14	10717.2
3055.42	10774.8
3056.7	10702
3057.98	10674.9
3059.26	10688.5
3060.54	10726.3
3061.83	10771.6
3063.11	10697.5
3064.39	10605.7
3065.67	10712.2
3066.95	10604.5
3068.23	10570.5
3069.51	10504
3070.79	10596.2
3072.06	10565.5
3073.34	10591.5
3074.62	10534.8
3075.9	10655.1
3077.18	10611.1
3078.46	10537.6
3079.73	10419.8
3081.01	10509.7
3082.21	10607
3083.5	10672
3084.78	10521
3086.06	10549
3087.34	10524
3088.63	10694
3089.91	10589
3091.19	10475
3092.47	10579
3093.75	10552
3095.03	10437
3096.31	10568
3097.59	10476
3098.88	10496
3100.16	10565
3101.44	10328
3102.72	10421
3104	10592
3105.27	10488
3106.55	10407
3107.83	10484
3109.11	10582
3110.39	10533
3111.67	10558
3112.95	10511
3114.22	10570
3115.5	10564
3116.78	10607
3118.06	10509
3119.33	10514
3120.61	10614
3121.88	10532
3123.16	10539
3124.44	10548
3125.71	10431
3126.99	10500
3128.26	10509
3129.54	10673
3130.81	10450
3132.09	10627
3133.36	10609
3134.64	10586
3135.91	10545
3137.19	10639
3138.46	10663
3139.73	10484
3141.01	10530
3142.28	10616
3143.55	10587.5
3144.82	10559
3146.1	10513
3147.37	10555
3148.64	10687
3149.91	10646
3151.18	10667
3152.45	10729
3153.73	10703
3155	10628
3156.27	10539
3157.54	10670
3158.81	10683.5
3160.08	10697
3161.35	10724
3162.62	10737
3163.89	10817
3165.15	10665
3166.42	10935
3167.69	10821
3168.96	10765
3170.23	10744
3171.5	10796
3172.76	10727
3174.03	10706
3175.3	10798
3176.57	10882
3177.83	10720
3179.1	10724
3180.37	10800
3181.63	10922
3182.9	10928
3184.16	10848
3185.43	10840
3186.69	10833
3187.96	10880
3189.22	10857
3190.49	11016
3191.75	10838
3193.02	10926
3194.28	11003
3195.55	10946
3196.81	10951
3198.07	10874
3199.34	10968
3200.6	11017
3201.86	11053
3203.12	11071
3204.39	11072
3205.65	10939
3206.91	10998
3208.17	10983
3209.43	11106
3210.69	11026
3211.96	11015
3213.22	11068
3214.48	11119
3215.74	10938
3217	11184
3218.26	10993
3219.52	11107
3220.78	11067
3222.04	11131
3223.3	11033
3224.55	11159
3225.81	11141
3227.07	11110
3228.33	11098
3229.59	11083
3230.84	10986
3232.1	11029
3233.36	11016
3234.62	11133
3235.87	11184
3237.13	11069
3238.39	11158
3239.64	11196
3240.9	11079
3242.15	11094
3243.41	11117
3244.67	11102
3245.92	11110
3247.18	11261
3248.43	11284
3249.69	11914
3250.94	11178
3252.19	11219
3253.45	11097
3254.7	11126
3255.95	11119
3257.21	11199
3258.46	11113
3259.72	11191
3260.97	11125
3262.22	11213
3263.47	11242
3264.72	11070
3265.98	10982
3267.23	11114
3268.48	11044
3269.73	11014
3270.98	11202
3272.23	11006
3273.48	11041
3274.73	11010
3275.98	11110
3277.23	11122
3278.48	11060
3279.73	11066
3280.98	11086
3282.23	10921
3283.48	10977
3284.73	10846
3285.98	10896
3287.22	10830
3288.47	10906
3289.72	10885
3290.97	10891
3292.21	10903
3293.46	10773
3294.71	10786
3295.96	10771
3297.2	10846
3298.45	10856
3299.69	10822
3300.94	10948
3302.19	10845
3303.43	10794
3304.68	10824
3305.92	10768
3307.17	10847
3308.41	10756
3309.66	10796
3310.9	10857
3312.14	10621
3313.39	10692
3314.63	10657
3315.87	10657
3317.12	10489
3318.36	10615
3319.6	10790
3320.84	10670
3322.09	10563
3323.33	10786
3324.57	10554
3325.81	10588
3327.05	10612
3328.29	10661
3329.54	10650
3330.78	10684
3332.02	10683
3333.26	10591
3334.5	10550
3335.74	10677
3336.98	10579
3338.22	10679
3339.46	10487
3340.69	10588
3341.93	10477
3343.17	10665
3344.41	10645
3345.65	10497
3346.89	10590
3348.12	10743
3349.36	10551
3350.6	10591
3351.84	10612
3353.07	10543
3354.31	10650
3355.55	10658
3356.78	10566
3358.02	10518
3359.26	10678
3360.49	10468
3361.73	10731
3362.96	10684
3364.2	10654
3365.43	10647
3366.67	10593
3367.9	10564
3369.14	10696
3370.37	10700
3371.6	10677
3372.84	10613
3374.07	10586
3375.3	10600
3376.54	10595
3377.77	10635
3379	10617
3380.24	10605
3381.47	10734
3382.7	10575
3383.93	10601
3385.16	10737
3386.39	10752
3387.62	10746
3388.86	10653
3390.09	10654
3391.32	10811
3392.55	10689
3393.78	10701
3395.01	10854
3396.24	10764
3397.47	10714
3398.7	10609
3399.93	10751
3401.15	10839
3402.38	10671
3403.61	10790
3404.84	10651
3406.07	10767
3407.29	10720
3408.52	10646
3409.75	10735
3410.98	10581
3412.2	10572
3413.43	10644
3414.66	10789
3415.88	10606
3417.11	10730
3418.34	10721
3419.56	10625
3420.79	10654
3422.01	10756
3423.24	10640
3424.46	10716
3425.69	10675
3426.91	10565
3428.14	10573
3429.36	10421
3430.58	10458
3431.81	10472
3433.03	10559
3434.25	10470
3435.48	10398
3436.7	10597
3437.92	10464
3439.15	10372
3440.37	10403
3441.59	10393
3442.81	10413
3444.03	10387
3445.25	10262
3446.48	10402
3447.7	10216
3448.92	10289
3450.14	10195
3451.36	10298
3452.58	10208
3453.8	10113
3455.02	10211
3456.24	10203
3457.46	10020
3458.68	10137
3459.89	10061
3461.11	10077
3462.33	10005
3463.55	10089
3464.77	9913
3465.99	10026
3467.2	9889
3468.42	9797
3469.64	9961
3470.86	9871
3472.07	9786
3473.29	9788
3474.51	9750
3475.72	9769
3476.94	9738
3478.15	9698
3479.37	9649
3480.59	9657
3481.8	9542
3483.02	9560
3484.23	9500
3485.45	9384
3486.66	9451
3487.87	9393
3489.09	9412
3490.3	9446
3491.52	9322
3492.73	9241
3493.94	9194
3495.15	9195
3496.37	9145
3497.58	9276
3498.79	9043
3500	8973
3501.22	9042
3502.43	8949
3503.64	8888
3504.85	8978
3506.06	8948
3507.27	8885
3508.48	8808
3509.69	8769
3510.91	8887
3512.12	8673
3513.32	8705
3514.53	8699
3515.74	8563
3516.95	8737
3518.16	8525
3519.37	8654
3520.58	8556
3521.79	8518
3523	8494
3524.21	8558
3525.41	8428
3526.62	8354
3527.83	8261
3529.04	8329
3530.24	8286
3531.45	8266
3532.66	8338
3533.86	8157
3535.07	8213
3536.27	8154
3537.48	8105
3538.69	8025
3539.89	7954
3541.1	8087
3542.3	7952
3543.51	7942
3544.71	7966
3545.92	7975
3547.12	7862
3548.32	7889
3549.53	7689
3550.73	7759
3551.94	7845
3553.14	7798
3554.34	7678
3555.54	7713
3556.75	7748
3557.95	7626
3559.15	7521
3560.35	7547
3561.56	7597
3562.76	7589
3563.96	7504
3565.16	7497
3566.36	7482
3567.56	7389
3568.76	7396
3569.96	7429
3571.16	7439
3572.36	7419
3573.56	7370
3574.76	7276
3575.96	7257
3577.16	7175
3578.36	7127
3579.56	7136
3580.76	7171
3581.96	7081
3583.15	6958
3584.35	6963
3585.55	7038
3586.75	6994
3587.95	6883
3589.14	6853
3590.34	6909
3591.54	6798
3592.73	6874
3593.93	6814
3595.13	6810
3596.32	6786
3597.52	6712
3598.71	6676
3599.91	6680
3601.1	6626
3602.3	6708
3603.49	6624
3604.69	6524
3605.88	6532
3607.08	6547
3608.27	6541
3609.46	6550
3610.66	6508
3611.85	6469
3613.04	6360
3614.24	6525
3615.43	6385
3616.62	6441
3617.81	6229
3619.01	6294
3620.2	6396
3621.39	6270
3622.58	6298
3623.77	6276
3624.97	6201
3626.16	6198
3627.35	6181
3628.54	6181
3629.73	6188
3630.92	6151
3632.11	6152
3633.3	6028
3634.49	6079
3635.68	6035
3636.87	6049
3638.06	6009
3639.24	6030
3640.43	6000
3641.62	6099
3642.81	5885
3644	5984
3645.19	5949
3646.37	5863
3647.56	5858
3648.75	5864
3649.94	5792
3651.12	5757
3652.31	5861
3653.5	5731
3654.68	5841
3655.87	5781
3657.05	5796
3658.24	5786
3659.42	5697
3660.61	5601
3661.79	5629
3662.98	5676
3664.16	5697
3665.35	5614
3666.53	5576
3667.72	5609
3668.9	5596
3670.08	5521
3671.27	5554
3672.45	5501
3673.63	5492
3674.82	5461
3676	5562
3677.18	5363
3678.36	5454
3679.55	5431
3680.73	5398
3681.91	5416
3683.09	5360
3684.27	5350
3685.45	5324
3686.63	5345
3687.82	5281
3689	5278
3690.18	5343
3691.36	5249
3692.54	5257
3693.72	5264
3694.9	5289
3696.07	5190
3697.25	5186
3698.43	5248
3699.61	5187
3700.79	5142
3701.97	5141
3703.15	5146
3704.32	5119
3705.5	5048
3706.68	5021
3707.86	5007
3709.03	4978
3710.21	5021
3711.39	5100
3712.57	4957
3713.74	5033
3714.92	4936
3716.09	4970
3717.27	4902
3718.45	4925
3719.62	4908
3720.8	4856
3721.97	4937
3723.15	4817
3724.32	4952
3725.49	5002
3726.67	4823
3727.84	4748
3729.02	4782
3730.19	4859
3731.36	4884
3732.54	4782
3733.71	4779
3734.88	4838
3736.06	4780
3737.23	4861
3738.4	4758
3739.57	4807
3740.75	4737
3741.92	4831
3743.09	4679
3744.26	4724
3745.43	4699
3746.6	4724
3747.77	4723
3748.94	4783
3750.11	4675
3751.28	4688
3752.45	4651
3753.62	4684
3754.79	4698
3755.96	4692
3757.13	4666
3758.3	4652
3759.47	4650.5
3760.64	4649
3761.81	4562
3762.97	4560
3764.14	4595
3765.31	4573
3766.48	4628
3767.65	4569
3768.81	4561
3769.98	4596
3771.15	4530
3772.31	4496
3773.48	4522
3774.65	4541
3775.81	4542
3776.98	4455
3778.14	4493
3779.31	4519
3780.48	4450
3781.64	4495
3782.8	4466
3783.97	4531
3785.13	4450
3786.3	4472
3787.46	4394
3788.63	4476
3789.79	4467
3790.95	4414
3792.12	4446
3793.28	4402
3794.44	4463
3795.61	4398
3796.77	4370
3797.93	4390
3799.09	4378
3800.26	4471
3801.42	4382
3802.58	4331
3803.74	4362
3804.9	4321
3806.06	4350
3807.22	4331
3808.38	4380
3809.55	4478
3810.71	4404
3811.87	4359
3813.03	4368
3814.18	4359
3815.34	4347
3816.5	4227
3817.66	4356
3818.82	4376
3819.98	4336.5
3821.14	4297
3822.3	4362
3823.46	4297
3824.61	4255
3825.77	4251
3826.93	4231
3828.09	4190
3829.24	4206
3830.4	4208
3831.56	4226
3832.71	4208
3833.87	4283
3835.03	4174
3836.18	4166
3837.34	4224
3838.5	4176
3839.65	4180
3840.81	4238
3841.96	4162
3843.12	4138
3844.27	4212
3845.43	4067
3846.58	4126
3847.73	4208
3848.89	4190
3850.04	4211
3851.2	4146
3852.35	4106
3853.5	4109
3854.66	4193
3855.81	4128
3856.96	4195
3858.11	4115
3859.27	4060
3860.42	4125
3861.57	4082
3862.72	4069
3863.87	4110
3865.02	4094
3866.18	4128
3867.33	4113
3868.48	4038
3869.63	4105
3870.78	4054
3871.93	4083
3873.08	4020
3874.23	3975
3875.38	4026
3876.53	3992
3877.68	3931
3878.83	3993
3879.97	4007
3881.12	4047
3882.27	3983
3883.42	4011
3884.57	3912
3885.72	3973
3886.86	3965
3888.01	3929
3889.16	3923
3890.31	3982
3891.45	3923
3892.6	3962
3893.75	4035
3894.89	3968
3896.04	3997
3897.18	3932
3898.33	3876
3899.48	3922
3900.62	3827
3901.77	3901
3902.91	3864
3904.06	3878
3905.2	3918
3906.35	3861
3907.49	3813
3908.63	3863
3909.78	3796
3910.92	3919
3912.07	3831
3913.21	3802
3914.35	3786
3915.5	3861
3916.64	3824
3917.78	3850
3918.92	3812
3920.07	3747
3921.21	3908
3922.35	3836
3923.49	3905
3924.63	3785
3925.77	3771
3926.92	3761
3928.06	3824
3929.2	3814
3930.34	3832
3931.48	3800
3932.62	3759
3933.76	3765
3934.9	3818
3936.04	3742
3937.18	3774
3938.32	3774
3939.46	3743
3940.59	3713
3941.73	3747
3942.87	3717
3944.01	3754
3945.15	3758
3946.29	3716
3947.42	3670
3948.56	3675
3949.7	3658
3950.84	3735
3951.97	3685
3953.11	3731
3954.25	3658
3955.38	3720
3956.52	3723
3957.66	3690
3958.79	3727
3959.93	3677
3961.06	3672
3962.2	3645
3963.33	3623
3964.47	3641
3965.6	3722
3966.74	3661
3967.87	3644
3969.01	3558
3970.14	3666
3971.27	3566
3972.41	3631
3973.54	3590
3974.68	3614
3975.81	3571
3976.94	3618
3978.07	3565
3979.21	3526
3980.34	3600
3981.47	3603
3982.6	3630
3983.73	3606
3984.87	3585
3986	3518
3987.13	3553
3988.26	3555
3989.39	3544
3990.52	3585
3991.65	3570
3992.78	3556
3993.91	3504
3995.04	3556
3996.17	3531
3997.3	3538
3998.43	3511
3999.56	3621
