100.898	6154
102.73	6019
104.561	5961
106.393	6024
108.226	5999
110.056	5997
111.886	6013
113.716	5998
115.548	5943
117.377	6021
119.206	5990
121.034	5918
122.864	5996
124.692	5857
126.519	5863
128.346	5918
130.173	5949
132.001	5978
133.827	5933
135.653	5807
137.478	5769
139.303	5943
141.127	5987
142.953	5896
144.777	6033
146.601	5942
148.424	6032
150.246	5949
152.069	6003
153.891	5960
155.712	5991
157.533	6028
159.356	5932
161.177	6107
162.997	6014
164.817	5928
166.636	6016
168.456	5973
170.274	6060
172.093	6091
173.911	5929
175.729	6020
177.546	5912
179.363	5930
181.179	6027
182.996	5979
184.812	6030
186.627	6014
188.442	6039
190.257	5992
192.072	6125
193.886	6052
195.7	6106
197.513	6021
199.326	6061
201.139	5961
202.951	5965
204.763	6043
206.575	5997
208.384	6057
210.195	5987
212.006	5941
213.816	6084
215.626	6070
217.436	5969
219.245	5952
221.054	5900
222.862	5964
224.668	6071
226.476	6047
228.284	5968
230.091	5921
231.897	5872
233.704	5904
235.508	5911
237.313	6000
239.119	5990
240.924	5964
242.728	6018
244.53	5891
246.334	6038
248.138	6012
249.941	6010
251.744	5992
253.545	6101
255.347	6084
257.148	6024
258.95	6093
260.749	6039
262.55	6129
264.35	6064
266.148	6147
267.948	6040
269.747	5995
271.546	6189
273.343	6101
275.141	6106
276.939	5985
278.735	6103
280.532	6126
282.329	6010
284.123	6053
285.92	5987
287.713	6066
289.509	6008
291.304	5982
293.097	5987
294.891	6027
296.686	6033
298.477	6004
300.271	6066
302.062	5988
303.854	5989
305.645	6031
307.437	6101
309.229	6004
311.018	5966
312.809	5993
314.597	5991
316.388	6095
318.176	5977
319.965	6136
321.752	6092
323.541	6084
325.328	6159
327.116	6193
328.902	6118
330.689	6113
332.475	6229
334.261	6250
336.046	6200
337.832	6155
339.616	6194
341.399	6182
343.184	6054
344.967	6249
346.751	6187
348.534	6193
350.317	6329
352.099	6168
353.88	6184
355.662	6211
357.443	6149
359.223	6188
361.004	6157
362.783	6145
364.564	6228
366.343	6177
368.121	6168.5
369.901	6160
371.679	6118
373.456	6153
375.233	6280
377.011	6164
378.788	6195
380.563	6238
382.341	6180
384.116	6279
385.891	6204
387.667	6100
389.442	6166.5
391.215	6233
392.989	6324
394.764	6171
396.537	6338
398.309	6367
400.081	6213
401.853	6313
403.626	6335
405.397	6320
407.168	6294
408.938	6299
410.708	6355
412.48	6326
414.249	6368
416.018	6285
417.787	6423
419.555	6316
421.323	6317
423.091	6311
424.86	6198
426.627	6245
428.394	6187
430.16	6211
431.926	6337
433.692	6227
435.457	6219
437.222	6304
438.986	6141
440.751	6163
442.515	6248
444.28	6176
446.043	6209
447.806	6226
449.569	6165
451.331	6190
453.093	6211
454.854	6319
456.616	6213
458.376	6212
460.137	6269
461.897	6297
463.657	6264
465.416	6181
467.176	6204
468.934	6246
470.693	6224
472.449	6232
474.207	6316
475.964	6310
477.721	6377
479.478	6347
481.235	6297
482.991	6339
484.746	6356
486.502	6358
488.257	6418
490.012	6326
491.764	6344
493.518	6229
495.272	6313
497.025	6280
498.779	6440
500.531	6384
502.282	6313
504.034	6332
505.785	6321
507.537	6465
509.288	6300
511.039	6358
512.787	6397
514.537	6324
516.287	6373
518.036	6404
519.783	6442
521.532	6329
523.28	6424
525.029	6404
526.774	6388
528.522	6478
530.269	6476
532.015	6420
533.76	6381
535.506	6452
537.251	6461
538.995	6413
540.74	6400
542.485	6355
544.227	6530
545.971	6389
547.715	6383
549.456	6445
551.199	6463
552.942	6520
554.682	6499
556.424	6511
558.164	6470
559.905	6537
561.646	6535
563.385	6376
565.125	6450
566.863	6529
568.603	6548
570.341	6557
572.08	6543
573.818	6477
575.555	6507
577.293	6568
579.028	6552
580.766	6562
582.501	6521
584.238	6473
585.972	6506
587.708	6556
589.442	6579
591.177	6501
592.91	6520
594.645	6622
596.377	6528
598.112	6553
599.843	6497
601.575	6423
603.308	6440
605.039	6574
606.771	6535
608.501	6382
610.233	6465
611.962	6386
613.691	6376
615.422	6380
617.151	6350
618.879	6404
620.609	6461
622.336	6470
624.063	6354
625.792	6438
627.518	6300
629.245	6318
630.972	6328
632.698	6553
634.423	6427
636.15	6497
637.874	6487
639.599	6456
641.324	6447
643.048	6440
644.771	6419
646.494	6459
648.219	6432
649.941	6395
651.663	6512
653.384	6561
655.107	6551
656.828	6522
658.549	6529
660.269	6698
661.989	6579
663.709	6663
665.43	6534
667.149	6582
668.868	6514
670.586	6554
672.304	6624
674.021	6679
675.741	6653
677.458	6626
679.174	6603
680.891	6492
682.607	6502
684.323	6463
686.038	6606
687.753	6476
689.468	6499
691.182	6485
692.898	6469
694.612	6576
696.325	6526
698.038	6462
699.751	6549
701.464	6443
703.176	6472
704.887	6469
706.599	6446
708.31	6521
710.021	6495
711.731	6450
713.442	6392
715.151	6396
716.861	6462
718.57	6470
720.279	6430
721.988	6448
723.694	6418
725.402	6358
727.109	6486
728.817	6470
730.523	6560
732.23	6524
733.936	6466
735.642	6335
737.348	6535
739.053	6546
740.756	6391
742.461	6539
744.165	6552
745.869	6499
747.573	6510
749.277	6611
750.978	6533
752.68	6569
754.383	6558
756.085	6509
757.787	6448
759.486	6689
761.187	6613
762.888	6571
764.589	6645
766.289	6534
767.987	6690
769.686	6679
771.385	6688
773.082	6645
774.781	6716
776.479	6687
778.177	6646
779.873	6529
781.57	6564
783.267	6574
784.962	6621
786.658	6511
788.354	6422
790.048	6626
791.743	6641
793.438	6634
795.131	6506
796.826	6530
798.52	6666
800.211	6615
801.905	6673
803.596	6448
805.289	6520
806.981	6529
808.672	6390
810.364	6474
812.053	6523
813.744	6530
815.433	6438
817.124	6498
818.812	6487
820.502	6474
822.19	6409
823.879	6484
825.566	6544
827.255	6451
828.941	6403
830.629	6430
832.315	6622
834.003	6622
835.688	6493
837.375	6530
839.059	6481
840.745	6418
842.429	6592
844.113	6465
845.798	6513
847.481	6623
849.165	6545
850.848	6567
852.53	6603
854.213	6564
855.895	6613
857.578	6619
859.258	6625
860.939	6611
862.621	6674
864.301	6662
865.98	6633
867.661	6621
869.34	6652
871.018	6564
872.697	6722
874.377	6743
876.054	6651
877.731	6653
879.41	6566
881.087	6635
882.763	6688
884.439	6534
886.117	6594
887.792	6587
889.467	6587
891.142	6542
892.816	6518
894.492	6495
896.166	6428
897.84	6462
899.513	6459
901.186	6473
902.86	6473
904.533	6426
906.205	6422
907.876	6361
909.547	6383
911.218	6372
912.889	6365
914.559	6469
916.231	6436
917.901	6355
919.571	6378
921.24	6382
922.909	6379
924.577	6417
926.245	6386
927.913	6406
929.581	6357
931.248	6429
932.915	6439
934.581	6440
936.248	6369
937.914	6539
939.579	6529
941.245	6328
942.91	6401
944.575	6460
946.239	6445
947.903	6424
949.567	6484
951.231	6510
952.894	6552
954.557	6611
956.219	6619
957.882	6495
959.544	6624
961.203	6619
962.865	6694
964.526	6620
966.186	6555
967.847	6592
969.507	6650
971.167	6615
972.826	6599
974.483	6539
976.142	6593
977.801	6546
979.459	6561
981.117	6636
982.773	6512
984.43	6571
986.087	6625
987.744	6612
989.4	6640
991.054	6545
992.71	6607
994.366	6545
996.021	6521
997.674	6454
999.328	6533
1000.98	6461
1002.63	6531
1004.29	6508
1005.94	6543
1007.59	6532
1009.25	6533
1010.9	6596
1012.55	6483
1014.2	6625
1015.85	6604
1017.5	6591
1019.15	6627
1020.8	6719
1022.45	6649
1024.1	6707
1025.75	6573
1027.4	6632
1029.05	6513
1030.69	6781
1032.34	6586
1033.99	6593
1035.64	6556
1037.28	6470
1038.93	6553
1040.57	6425
1042.22	6544
1043.87	6393
1045.51	6507
1047.16	6444
1048.8	6287
1050.44	6377
1052.09	6408
1053.73	6300
1055.37	6406
1057.02	6512
1058.66	6382
1060.3	6387
1061.94	6424
1063.58	6381
1065.23	6441
1066.87	6508
1068.51	6466
1070.15	6451
1071.79	6415
1073.43	6498
1075.07	6574
1076.7	6399
1078.34	6407
1079.98	6472
1081.62	6430
1083.26	6476
1084.9	6557
1086.53	6489
1088.17	6471
1089.81	6436
1091.44	6448
1093.08	6516
1094.71	6346
1096.35	6417
1097.98	6486
1099.62	6407
1101.25	6445
1102.89	6344
1104.52	6399
1106.15	6307
1107.79	6336
1109.42	6337
1111.05	6271
1112.68	6225
1114.31	6301
1115.95	6224
1117.58	6276
1119.21	6222
1120.84	6148
1122.47	6220
1124.1	6256
1125.73	6105
1127.36	6232
1128.98	6234
1130.61	6029
1132.24	6209
1133.87	6054
1135.5	6219
1137.12	6096
1138.75	5980
1140.38	6175
1142	6101
1143.63	6105
1145.26	6052
1146.88	6056
1148.51	6079
1150.13	6012
1151.76	6080
1153.38	6101
1155	6115
1156.63	6134
1158.25	6092
1159.87	6151
1161.5	6101
1163.12	6236
1164.74	6182
1166.36	6237
1167.98	6199
1169.6	6193
1171.22	6180
1172.84	6208
1174.46	6279
1176.08	6258
1177.7	6208
1179.32	6282
1180.94	6290
1182.56	6114
1184.18	6276
1185.8	6302
1187.41	6442
1189.03	6359
1190.65	6172
1192.26	6271
1193.88	6292
1195.5	6331
1197.11	6258
1198.73	6313
1200.34	6262
1201.96	6292
1203.57	6219
1205.19	6186
1206.8	6239
1208.41	6294
1210.03	6249
1211.64	6365
1213.25	6214
1214.86	6197
1216.48	6201
1218.09	6164
1219.7	6314
1221.31	6169
1222.92	6150.5
1224.53	6132
1226.14	6082
1227.75	6071
1229.36	6110
1230.97	6068
1232.58	6081
1234.19	5998
1235.79	5986
1237.4	5923
1239.01	5961
1240.62	5935
1242.23	5994
1243.83	5999
1245.44	5952
1247.04	5865
1248.65	5864
1250.25	5893
1251.86	5874
1253.46	5831
1255.07	5901
1256.67	5846
1258.28	5887
1259.88	5903
1261.48	5859
1263.09	5834
1264.69	6042
1266.29	5908
1267.89	5895
1269.5	5909
1271.1	5910
1272.7	5908
1274.3	5919
1275.9	5960
1277.5	5906
1279.1	6031
1280.7	5999
1282.3	5896
1283.9	5997
1285.5	5999
1287.09	6057
1288.69	6090
1290.29	6048
1291.89	6022
1293.48	5957
1295.08	6056
1296.68	6021
1298.27	6035
1299.87	6051
1301.47	6011
1303.06	6070
1304.66	6175
1306.25	6142.5
1307.85	6110
1309.44	5994
1311.03	6146
1312.63	6111
1314.22	6121
1315.81	6141
1317.4	6066
1319	6092
1320.59	6062
1322.18	6115
1323.77	6014
1325.36	6001
1326.95	6058
1328.54	6028
1330.13	6032
1331.72	5938
1333.31	6011
1334.9	5922
1336.49	5885
1338.08	5922
1339.67	6095
1341.26	5986
1342.84	5945
1344.43	5928
1346.02	5925
1347.6	5896
1349.19	5998
1350.78	5741
1352.36	5833
1353.95	5928
1355.53	5809
1357.12	5786
1358.7	5777
1360.29	5871
1361.87	5752
1363.46	5719
1365.04	5644
1366.62	5749
1368.2	5878
1369.79	5734
1371.37	5771
1372.95	5780
1374.53	5678
1376.11	5822
1377.69	5694
1379.28	5796
1380.85	5689
1382.43	5655
1384.01	5665
1385.59	5822
1387.17	5652
1388.75	5748
1390.33	5791
1391.91	5673
1393.49	5701
1395.07	5731
1396.64	5738
1398.22	5775
1399.8	5721
1401.37	5717
1402.95	5827
1404.52	5817
1406.1	5806
1407.68	5790
1409.25	5878
1410.82	5768
1412.4	5838
1413.97	5814
1415.55	5926
1417.12	5820
1418.69	5846
1420.27	5877
1421.84	5952
1423.41	5844
1424.98	5901
1426.55	5793
1428.13	5929
1429.7	5984
1431.27	5869
1432.84	5959
1434.41	5905
1435.98	5968
1437.55	5887
1439.12	5892
1440.69	6002
1442.25	6019
1443.82	5867
1445.39	5986
1446.96	5955
1448.52	5915
1450.09	6026
1451.66	6032
1453.23	5980
1454.79	6038
1456.36	5918
1457.92	5972
1459.49	6013
1461.05	5968
1462.62	5817
1464.18	5845
1465.75	5830
1467.31	5917
1468.87	5905
1470.44	5821
1472	5816
1473.56	5801
1475.13	5733
1476.69	5762
1478.25	5728
1479.81	5834
1481.37	5673
1482.93	5589
1484.49	5810
1486.05	5694
1487.61	5723
1489.17	5636
1490.73	5624
1492.29	5636
1493.85	5634
1495.41	5516
1496.97	5628
1498.53	5627
1500.08	5643
1501.64	5538
1503.2	5588
1504.76	5548
1506.31	5556
1507.87	5544
1509.42	5600
1510.98	5628
1512.53	5556
1514.09	5590
1515.64	5634
1517.2	5563
1518.75	5547
1520.31	5552
1521.86	5594
1523.41	5553
1524.96	5625
1526.52	5679
1528.07	5611
1529.62	5697
1531.17	5623
1532.73	5626
1534.28	5564
1535.83	5650
1537.38	5666
1538.93	5627
1540.48	5614
1542.03	5629
1543.58	5625
1545.13	5680
1546.68	5856
1548.22	5649
1549.77	5634
1551.32	5810
1552.87	5652
1554.41	5625
1555.96	5713
1557.51	5745
1559.05	5667
1560.6	5733
1562.15	5783
1563.69	5644
1565.24	5720
1566.78	5656
1568.33	5688
1569.87	5624
1571.42	5570
1572.96	5772
1574.5	5528
1576.04	5609
1577.59	5652
1579.13	5625
1580.67	5659
1582.21	5554
1583.76	5543
1585.3	5603
1586.84	5598
1588.38	5529
1589.92	5639
1591.46	5541
1593	5576
1594.54	5464
1596.08	5575
1597.62	5529
1599.16	5536
1600.7	5532
1602.24	5569
1603.77	5416
1605.31	5492
1606.85	5470
1608.39	5445
1609.92	5464
1611.46	5512
1612.99	5534
1614.53	5494
1616.07	5423
1617.6	5509
1619.14	5547
1620.67	5456
1622.21	5466
1623.74	5460
1625.27	5473
1626.81	5450
1628.34	5516
1629.87	5483
1631.41	5444
1632.94	5532
1634.47	5488
1636	5484
1637.53	5440
1639.07	5527
1640.6	5526
1642.13	5518
1643.66	5482
1645.19	5453
1646.72	5566
1648.25	5558.25
1649.78	5531.16
1651.31	5536.67
1652.83	5547.82
1654.36	5514.87
1655.89	5576.05
1657.42	5515.47
1658.95	5523.76
1660.47	5576.55
1662	5580.08
1663.53	5574.72
1665.05	5569.42
1666.58	5571.42
1668.11	5649.36
1669.63	5599.43
1671.16	5571.26
1672.68	5634.44
1674.21	5656.89
1675.73	5609.58
1677.25	5588.44
1678.78	5615.01
1680.3	5580.13
1681.83	5626.95
1683.35	5632.9
1684.87	5571.39
1686.39	5628.78
1687.92	5669.42
1689.44	5603.07
1690.96	5540.69
1692.48	5589.52
1694	5653.15
1695.52	5561.37
1697.04	5601.69
1698.56	5661.62
1700.08	5584.88
1701.6	5656.45
1703.12	5618.18
1704.64	5536.09
1706.16	5566.83
1707.68	5634.1
1709.19	5542.4
1710.71	5562.95
1712.23	5549.3
1713.75	5578.39
1715.26	5562.51
1716.78	5549.65
1718.3	5516
1719.81	5544.9
1721.33	5515.86
1722.84	5534.28
1724.36	5479.42
1725.87	5490.41
1727.39	5556.15
1728.9	5512.23
1730.42	5550.49
1731.93	5511.56
1733.44	5520.05
1734.96	5430.98
1736.47	5574.69
1737.98	5521.49
1739.49	5561.27
1741.01	5462.19
1742.52	5493.28
1744.03	5547.57
1745.54	5505.19
1747.05	5548.9
1748.56	5549.27
1750.07	5482.23
1751.58	5543.33
1753.09	5570.69
1754.6	5570.73
1756.11	5631.74
1757.62	5576.68
1759.13	5544.18
1760.64	5626
1762.15	5560.49
1763.65	5618.76
1765.16	5552.71
1766.67	5621.74
1768.18	5655.03
1769.68	5591.67
1771.19	5606.69
1772.7	5755.7
1774.2	5730.92
1775.71	5661.55
1777.21	5701.82
1778.72	5716.89
1780.22	5702.98
1781.73	5693.97
1783.23	5654.88
1784.73	5794.57
1786.24	5787.86
1787.74	5665.96
1789.24	5636.17
1790.75	5701.48
1792.25	5808.58
1793.75	5734.05
1795.25	5708.45
1796.75	5796.05
1798.26	5777.81
1798.36	5778
1799.86	5687
1801.37	5651
1802.88	5727
1804.39	5774
1805.89	5847
1807.4	5675
1808.91	5679
1810.41	5725
1811.92	5810
1813.42	5597
1814.93	5687
1816.43	5696
1817.93	5642
1819.44	5705
1820.94	5589
1822.45	5721
1823.95	5604
1825.45	5601
1826.95	5691
1828.46	5593
1829.96	5618
1831.46	5650
1832.96	5585
1834.46	5520
1835.97	5545
1837.47	5420
1838.97	5500
1840.47	5534
1841.97	5479
1843.47	5545
1844.97	5393
1846.47	5414
1847.96	5472
1849.46	5509
1850.96	5429
1852.46	5444
1853.96	5388
1855.45	5474
1856.95	5378
1858.45	5466
1859.94	5372
1861.44	5443
1862.94	5517
1864.43	5430
1865.93	5429
1867.42	5423
1868.92	5374
1870.41	5439
1871.91	5432
1873.4	5425
1874.89	5424
1876.39	5370
1877.88	5328
1879.37	5453
1880.87	5443
1882.36	5392
1883.85	5487
1885.34	5412
1886.83	5373
1888.33	5510
1889.82	5454.5
1891.31	5399
1892.8	5449
1894.29	5491
1895.78	5413
1897.27	5459
1898.76	5503
1900.25	5525
1901.73	5437
1903.22	5491
1904.71	5536
1906.2	5509
1907.69	5485
1909.17	5618
1910.66	5525
1912.15	5534
1913.64	5591
1915.12	5485
1916.61	5590
1918.09	5608
1919.58	5530
1921.06	5549
1922.55	5544
1924.03	5633
1925.52	5539
1927	5607
1928.49	5542
1929.97	5699
1931.45	5584
1932.94	5533
1934.42	5588
1935.9	5638
1937.39	5554
1938.87	5491
1940.35	5597
1941.83	5568
1943.31	5587
1944.79	5588
1946.27	5556
1947.75	5509
1949.23	5640
1950.71	5619
1952.19	5517
1953.67	5539
1955.15	5569
1956.63	5535
1958.11	5572
1959.58	5503
1961.06	5514
1962.54	5493
1964.02	5427
1965.49	5499
1966.97	5482
1968.45	5493
1969.93	5363
1971.4	5313
1972.88	5351
1974.35	5338
1975.83	5370
1977.3	5380
1978.78	5414
1980.25	5421
1981.72	5364
1983.2	5389
1984.67	5353
1986.15	5366
1987.62	5329
1989.09	5407
1990.56	5279
1992.04	5267
1993.51	5359
1994.98	5277
1996.45	5367
1997.92	5346
1999.39	5283
2000.86	5279
2002.33	5333
2003.8	5320
2005.27	5208
2006.74	5266
2008.21	5273
2009.68	5265
2011.15	5342
2012.62	5321
2014.09	5256
2015.55	5276
2017.02	5425
2018.49	5334
2019.96	5404
2021.42	5354
2022.89	5311
2024.36	5353
2025.82	5436
2027.29	5405
2028.75	5308
2030.22	5362
2031.68	5364
2033.15	5285
2034.61	5308
2036.08	5384
2037.54	5301
2039	5404
2040.47	5410
2041.93	5378
2043.39	5375
2044.86	5312
2046.32	5346
2047.78	5423
2049.24	5372
2050.7	5270
2052.16	5358
2053.62	5357
2055.08	5467
2056.54	5405
2058	5439
2059.46	5411
2060.92	5221
2062.38	5417
2063.84	5369
2065.3	5355
2066.76	5387
2068.22	5395
2069.68	5393
2071.13	5373
2072.59	5307
2074.05	5316
2075.51	5386
2076.96	5257
2078.42	5276
2079.87	5319
2081.33	5398
2082.79	5288
2084.24	5323
2085.7	5358
2087.15	5345
2088.61	5310
2090.06	5251
2091.51	5260
2092.97	5289
2094.42	5241
2095.87	5150
2097.33	5166
2098.78	5310
2100.23	5174
2101.68	5230
2103.14	5222
2104.59	5198
2106.04	5131
2107.49	5147
2108.94	5100
2110.39	5148
2111.84	5191
2113.29	5131
2114.74	5188
2116.19	5089
2117.64	5130
2119.09	5175
2120.54	5140
2121.99	5092
2123.43	5201
2124.88	5066
2126.33	5113
2127.78	5076
2129.22	5109
2130.67	5136
2132.12	5005
2133.56	5099
2135.01	5132
2136.46	5121
2137.9	5050
2139.35	5148
2140.79	5133
2142.23	5081
2143.68	5133
2145.12	5068
2146.57	5098
2148.01	5034
2149.45	5060
2150.9	5147
2152.34	5073
2153.78	5064
2155.22	5024
2156.67	5109
2158.11	5159
2159.55	5041
2160.99	5162
2162.43	5144
2163.87	5068
2165.31	5185
2166.76	5045
2168.19	5074
2169.63	5183
2171.07	5125
2172.51	5158
2173.95	5135
2175.39	5162
2176.83	5211
2178.27	5228
2179.71	5177
2181.14	5213
2182.58	5086
2184.02	5080
2185.45	5119
2186.89	5072
2188.33	5182
2189.76	5212
2191.2	5215
2192.63	5168
2194.07	5133
2195.5	5200
2196.94	5166
2198.37	5207
2199.81	5175
2201.24	5151
2202.67	5100
2204.11	5110
2205.54	5154
2206.97	5084
2208.41	5146
2209.84	5105
2211.27	5173
2212.7	5128
2214.13	5116
2215.57	5149
2217	5091
2218.43	5087
2219.86	5061
2221.29	5113
2222.72	5112
2224.15	5097
2225.58	5035
2227.01	5095
2228.44	5068
2229.86	5037
2231.29	5070
2232.72	5064
2234.15	4972
2235.58	5047
2237	4998
2238.43	5080
2239.86	4973
2241.29	4994
2242.71	4996
2244.14	4922
2245.56	4947
2246.99	4982
2248.42	4984
2249.84	4958
2251.27	4984
2252.69	4974
2254.11	4961
2255.54	5048
2256.96	4995
2258.39	4964
2259.81	4889
2261.23	4901
2262.66	4896
2264.08	4992
2265.5	4921
2266.92	4915
2268.34	4913
2269.76	4948
2271.19	4831
2272.61	4915
2274.03	4954
2275.45	4855
2276.87	4897
2278.29	4966
2279.71	4986
2281.13	4934
2282.55	4854
2283.96	4850
2285.38	4847
2286.8	4823
2288.22	4947
2289.64	4877
2291.06	4901
2292.47	4893
2293.89	5006
2295.31	4817
2296.72	4965
2298.14	4900
2299.56	4966
2300.97	4857
2302.39	4815
2303.8	4855
2305.22	4833
2306.63	4889
2308.05	4823
2309.46	4894
2310.88	4919
2312.29	4898
2313.7	4869
2315.12	4812
2316.53	4943
2317.94	4834
2319.35	4850
2320.77	4861
2322.18	4827
2323.59	4825
2325	4865
2326.41	4898
2327.82	4824
2329.24	4923
2330.65	4824
2332.06	4894
2333.47	4812
2334.88	4829
2336.28	4835
2337.69	4858
2339.1	4857
2340.51	4703
2341.92	4840
2343.33	4786
2344.74	4752
2346.14	4766
2347.55	4831
2348.96	4803
2350.37	4789
2351.77	4762
2353.18	4784
2354.58	4719
2355.99	4697
2357.4	4752
2358.8	4763
2360.21	4710
2361.61	4643
2363.02	4678
2364.42	4742
2365.82	4642
2367.23	4653
2368.63	4596
2370.04	4677
2371.44	4636
2372.84	4695
2374.25	4612
2375.65	4652
2377.05	4629
2378.45	4708
2379.85	4592
2381.25	4684
2382.66	4595
2384.06	4641
2385.46	4628
2386.86	4633
2388.26	4611
2389.66	4508
2391.06	4665
2392.46	4583
2393.85	4629
2395.25	4613
2396.65	4534
2398.05	4580
2399.45	4579
2400.85	4660
2402.24	4548
2403.64	4578
2405.04	4641
2406.44	4639
2407.83	4670
2409.23	4594
2410.62	4611
2412.02	4614
2413.41	4729
2414.81	4621
2416.21	4656
2417.6	4594
2419	4587
2420.39	4653
2421.78	4656
2423.18	4649
2424.57	4700
2425.96	4801
2427.36	4622
2428.75	4619
2430.14	4713
2431.53	4780
2432.93	4655
2434.32	4685
2435.71	4677
2437.1	4661
2438.49	4598
2439.88	4605
2441.27	4686
2442.66	4706
2444.05	4704
2445.44	4637
2446.83	4671
2448.22	4815
2449.61	4695
2451	4739
2452.39	4758
2453.78	4660
2455.16	4702
2456.55	4665
2457.94	4724
2459.33	4741
2460.72	4797
2462.1	4729
2463.49	4689
2464.87	4776
2466.26	4733
2467.65	4675
2469.03	4722
2470.42	4706
2471.8	4700
2473.19	4738
2474.57	4617
2475.96	4712
2477.34	4719
2478.72	4701
2480.11	4651
2481.49	4713
2482.87	4621
2484.26	4588
2485.64	4699
2487.02	4626
2488.4	4674
2489.79	4723
2491.17	4703
2492.55	4676
2493.93	4707
2495.31	4625
2496.69	4614
2498.07	4604
2499.45	4630
2500.83	4672
2502.21	4611
2503.59	4656
2504.97	4554
2506.35	4623
2507.73	4568
2509.1	4614
2510.48	4670
2511.86	4652
2513.24	4651
2514.62	4607
2515.99	4618
2517.37	4563
2518.75	4630
2520.12	4567
2521.5	4620
2522.88	4609
2524.25	4546
2525.63	4585
2527	4513
2528.38	4602
2529.75	4554
2531.13	4681
2532.5	4607
2533.87	4576
2535.25	4587
2536.62	4624
2537.99	4614
2539.37	4625
2540.74	4624
2542.11	4668
2543.48	4621
2544.86	4701
2546.23	4578
2547.6	4567
2548.97	4610
2550.34	4598
2551.71	4611
2553.08	4624
2554.45	4662
2555.82	4712
2557.19	4637
2558.56	4677
2559.93	4586
2561.3	4626
2562.67	4580
2564.04	4608
2565.41	4642
2566.78	4596
2568.14	4655
2569.51	4734
2570.88	4700
2572.25	4600
2573.61	4592
2574.98	4598
2576.34	4605
2577.71	4686
2579.08	4640
2580.44	4644
2581.81	4673
2583.17	4640
2584.54	4566
2585.9	4657
2587.27	4576
2588.63	4568
2589.99	4661
2591.36	4612
2592.72	4600.5
2594.08	4589
2595.45	4552
2596.81	4703
2598.17	4509
2599.54	4613
2600.9	4608
2602.26	4688
2603.62	4596
2604.98	4554
2606.34	4661
2607.7	4582
2609.06	4587
2610.42	4572
2611.78	4544
2613.14	4527
2614.5	4631
2615.86	4521
2617.22	4583
2618.58	4590
2619.94	4575
2621.3	4536
2622.66	4564
2624.01	4538
2625.37	4553
2626.73	4515
2628.09	4549
2629.44	4577
2630.8	4627
2632.16	4621
2633.51	4509
2634.87	4478
2636.22	4578
2637.58	4448
2638.93	4474
2640.29	4543
2641.64	4522
2643	4384
2644.35	4492
2645.71	4537
2647.06	4465
2648.42	4518
2649.77	4429
2651.12	4420
2652.47	4500
2653.83	4481
2655.18	4479
2656.53	4460
2657.88	4351
2659.23	4463
2660.59	4525
2661.94	4439
2663.29	4470.5
2664.64	4502
2665.99	4418
2667.34	4463
2668.69	4383
2670.04	4435
2671.39	4458
2672.74	4445
2674.09	4454
2675.43	4378
2676.78	4377
2678.13	4434
2679.48	4404
2680.83	4458
2682.18	4523
2683.52	4465
2684.87	4446
2686.22	4530
2687.56	4434
2688.91	4477
2690.25	4435
2691.6	4493
2692.95	4386
2694.29	4519
2695.64	4377
2696.98	4428
2698.33	4431
2699.67	4391
2701.02	4463
2702.36	4409
2703.7	4435
2705.05	4491
2706.39	4422
2707.73	4336
2709.08	4419
2710.42	4414
2711.76	4434
2713.1	4409
2714.44	4494
2715.78	4416
2717.13	4417
2718.47	4485
2719.81	4376
2721.15	4422
2722.49	4395
2723.83	4411
2725.17	4380
2726.51	4466
2727.85	4515
2729.19	4483
2730.53	4385
2731.87	4390
2733.2	4426
2734.54	4381
2735.88	4415
2737.22	4408
2738.56	4461
2739.89	4431
2741.23	4441
2742.57	4374
2743.9	4441
2745.24	4423
2746.58	4396
2747.91	4318
2749.25	4315
2750.58	4392
2751.92	4363
2753.25	4324
2754.59	4342
2755.92	4405
2757.26	4256
2758.59	4369
2759.92	4286
2761.26	4377
2762.59	4333
2763.92	4298
2765.26	4293
2766.59	4281
2767.92	4337
2769.25	4240
2770.59	4325
2771.92	4283
2773.25	4213
2774.58	4338
2775.91	4356
2777.24	4291
2778.57	4315
2779.9	4221
2781.23	4343
2782.56	4274
2783.89	4270
2785.22	4236
2786.55	4342
2787.88	4282
2789.21	4203
2790.54	4375
2791.86	4218
2793.19	4283
2794.52	4260
2795.85	4251
2797.17	4163
2798.5	4240
2799.83	4286
2801.16	4360
2802.48	4293
2803.81	4284
2805.13	4254
2806.46	4343
2807.78	4274
2809.11	4294
2810.43	4249
2811.76	4310
2813.08	4337
2814.41	4260
2815.73	4364
2817.05	4412
2818.38	4398
2819.7	4402
2821.02	4439
2822.35	4484
2823.67	4567
2824.99	4679
2826.31	4582
2827.63	4798
2828.96	4720
2830.28	4908
2831.6	4952
2832.92	5126
2834.24	5089
2835.56	5211
2836.88	5344
2838.2	5355
2839.52	5327
2840.84	5326
2842.16	5427
2843.48	5398
2844.8	5309
2846.12	5257
2847.43	5126
2848.75	5043
2850.07	5016
2851.39	4894
2852.71	4803
2854.02	4775
2855.34	4670
2856.66	4695
2857.97	4560
2859.29	4560
2860.6	4416
2861.92	4464
2863.24	4499
2864.55	4406
2865.87	4451
2867.18	4396
2868.5	4341
2869.81	4372
2871.12	4435
2872.44	4393
2873.75	4377
2875.07	4355
2876.38	4357
2877.69	4295
2879.01	4383
2880.32	4421
2881.63	4311
2882.94	4348
2884.25	4398
2885.57	4384
2886.88	4189
2888.19	4257
2889.5	4400
2890.81	4359
2892.12	4336
2893.43	4434
2894.74	4363
2896.05	4354
2897.36	4287
2898.67	4360
2899.98	4331
2901.29	4324
2902.6	4375
2903.9	4438
2905.21	4331
2906.52	4404
2907.83	4444
2909.14	4438
2910.44	4355
2911.75	4404
2913.06	4432
2914.36	4485
2915.67	4546
2916.98	4459
2918.28	4643
2919.59	4577
2920.89	4683
2922.2	4655
2923.5	4661
2924.81	4638
2926.11	4769
2927.42	4802
2928.72	4856
2930.02	4807
2931.33	4856
2932.63	4907
2933.93	4864
2935.24	5016
2936.54	4965
2937.84	4995
2939.14	5033
2940.45	5043
2941.75	5016
2943.05	5049
2944.35	5140
2945.65	5161
2946.95	5193
2948.25	5248
2949.55	5095
2950.85	5141
2952.15	5205.58
2953.45	5108.11
2954.75	5050.38
2956.05	4974.36
2957.35	5003.86
2958.65	4848.1
2959.95	4852.75
2961.25	4791.28
2962.55	4741.3
2963.84	4732.88
2965.14	4625.54
2966.44	4649.54
2967.74	4590.38
2969.03	4539.4
2970.33	4484.51
2971.63	4483.58
2972.92	4414.26
2974.22	4411.4
2975.51	4430.04
2976.81	4453.2
2978.11	4374.71
2979.4	4385.72
2980.7	4385.95
2981.99	4360.18
2983.29	4378.4
2984.58	4375.71
2985.87	4437.04
2987.17	4367.96
2988.46	4380.31
2989.75	4391.83
2991.05	4314.39
2992.34	4330.06
2993.63	4285.66
2994.93	4310.18
2996.22	4287.77
2997.51	4221.26
2998.8	4234.17
3000.09	4235.37
3001.39	4227.08
3002.68	4246.1
3003.97	4267
3005.26	4238.15
3006.55	4212.32
3007.84	4205.37
3009.13	4214
3010.42	4185.59
3011.71	4177.13
3013	4136.78
3014.29	4099.31
3015.57	4120.18
3016.86	4134.94
3018.15	4111.85
3019.44	4131.74
3020.73	4117.5
3022.02	4129.34
3023.3	4132.84
3024.59	4155.5
3025.88	4162.72
3027.17	4116.45
3028.45	4168.15
3029.74	4146.09
3031.02	4104.27
3032.31	4133.79
3033.59	4168.63
3034.88	4135.74
3036.17	4098.82
3037.45	4130.11
3038.74	4114.16
3040.02	4147.39
3041.31	4074.96
3042.59	4116.97
3043.87	4111.21
3045.16	4065.98
3046.44	4101.93
3047.72	4096.01
3049.01	4036.21
3050.29	4063.92
3051.57	4056.17
3052.85	4064.29
3054.14	4066.4
3055.42	4032.64
3056.7	4020.61
3057.98	4058.3
3059.26	4006.3
3060.54	4013.18
3061.83	4010.57
3063.11	4048.57
3064.39	4010.22
3065.67	4037.69
3066.95	4015.36
3068.23	4020.2
3069.51	4053.92
3070.79	4037.46
3072.06	4014.59
3073.34	4033.94
3074.62	4035.27
3075.9	4072.66
3077.18	4029.49
3078.46	4074.85
3079.73	3989.24
3081.01	4032.72
3082.21	4026
3083.5	3965
3084.78	4023
3086.06	3958
3087.34	4009
3088.63	3933
3089.91	4012
3091.19	4003
3092.47	3991
3093.75	4011
3095.03	3984
3096.31	3901
3097.59	3922
3098.88	3940
3100.16	4020
3101.44	3979
3102.72	3945
3104	3999
3105.27	3954
3106.55	3987
3107.83	3996
3109.11	3855
3110.39	3975
3111.67	3902
3112.95	3990
3114.22	3900
3115.5	3930
3116.78	3892
3118.06	3933
3119.33	3853
3120.61	3894
3121.88	3879
3123.16	3957
3124.44	3960
3125.71	3849
3126.99	3892
3128.26	3991
3129.54	3823
3130.81	3886
3132.09	3906
3133.36	3865
3134.64	3940
3135.91	3851
3137.19	3910
3138.46	3900
3139.73	3939
3141.01	3897
3142.28	3882
3143.55	3870
3144.82	3858
3146.1	3870
3147.37	3906
3148.64	3853
3149.91	3838
3151.18	3774
3152.45	3893
3153.73	3811
3155	3836
3156.27	3803
3157.54	3800
3158.81	3799.5
3160.08	3799
3161.35	3842
3162.62	3870
3163.89	3753
3165.15	3846
3166.42	3838
3167.69	3825
3168.96	3820
3170.23	3825
3171.5	3768
3172.76	3786
3174.03	3781
3175.3	3781
3176.57	3768
3177.83	3804
3179.1	3788
3180.37	3766
3181.63	3757
3182.9	3757
3184.16	3719
3185.43	3697
3186.69	3845
3187.96	3827
3189.22	3788
3190.49	3777
3191.75	3706
3193.02	3721
3194.28	3731
3195.55	3673
3196.81	3750
3198.07	3672
3199.34	3693
3200.6	3642
3201.86	3724
3203.12	3619
3204.39	3674
3205.65	3711
3206.91	3709
3208.17	3728
3209.43	3704
3210.69	3609
3211.96	3724
3213.22	3722
3214.48	3714
3215.74	3595
3217	3657
3218.26	3690
3219.52	3664
3220.78	3676
3222.04	3655
3223.3	3653
3224.55	3629
3225.81	3677
3227.07	3691
3228.33	3736
3229.59	3646
3230.84	3686
3232.1	3677
3233.36	3626
3234.62	3600
3235.87	3642
3237.13	3691
3238.39	3636
3239.64	3683
3240.9	3579
3242.15	3582
3243.41	3645
3244.67	3719
3245.92	3542
3247.18	3633
3248.43	3548
3249.69	3595
3250.94	3612
3252.19	3543
3253.45	3605
3254.7	3582
3255.95	3574
3257.21	3600
3258.46	3550
3259.72	3611
3260.97	3614
3262.22	3574
3263.47	3587
3264.72	3607
3265.98	3533
3267.23	3520
3268.48	3581
3269.73	3563
3270.98	3502
3272.23	3527
3273.48	3525
3274.73	3589
3275.98	3534
3277.23	3525
3278.48	3610
3279.73	3499
3280.98	3440
3282.23	3484
3283.48	3468
3284.73	3522
3285.98	3506
3287.22	3446
3288.47	3454
3289.72	3528
3290.97	3487
3292.21	3449
3293.46	3468
3294.71	3441
3295.96	3448
3297.2	3489
3298.45	3450
3299.69	3325
3300.94	3486
3302.19	3398
3303.43	3445
3304.68	3371
3305.92	3363
3307.17	3362
3308.41	3341
3309.66	3422
3310.9	3386
3312.14	3334
3313.39	3426
3314.63	3392
3315.87	3378
3317.12	3267
3318.36	3393
3319.6	3304
3320.84	3350
3322.09	3373
3323.33	3297
3324.57	3283
3325.81	3310
3327.05	3247
3328.29	3304
3329.54	3256
3330.78	3317
3332.02	3350
3333.26	3318
3334.5	3308
3335.74	3286
3336.98	3281
3338.22	3318
3339.46	3269
3340.69	3363
3341.93	3282
3343.17	3218
3344.41	3293
3345.65	3276
3346.89	3212
3348.12	3263
3349.36	3285
3350.6	3295
3351.84	3249
3353.07	3241
3354.31	3307
3355.55	3289
3356.78	3231
3358.02	3303
3359.26	3200
3360.49	3269
3361.73	3228
3362.96	3236
3364.2	3283
3365.43	3202
3366.67	3230
3367.9	3187
3369.14	3193
3370.37	3206
3371.6	3206
3372.84	3244
3374.07	3199
3375.3	3210
3376.54	3223
3377.77	3253
3379	3224
3380.24	3201
3381.47	3120
3382.7	3174
3383.93	3167
3385.16	3168
3386.39	3147
3387.62	3177
3388.86	3197
3390.09	3217
3391.32	3161
3392.55	3183
3393.78	3172
3395.01	3137
3396.24	3119
3397.47	3130
3398.7	3133
3399.93	3078
3401.15	3124
3402.38	3192
3403.61	3144
3404.84	3081
3406.07	3090
3407.29	3173
3408.52	3069
3409.75	3087
3410.98	3136
3412.2	3124
3413.43	3119
3414.66	3153
3415.88	3065
3417.11	3072
3418.34	3068
3419.56	3017
3420.79	3082
3422.01	3047
3423.24	3090
3424.46	3071
3425.69	3059
3426.91	3047
3428.14	3091
3429.36	3057
3430.58	3044
3431.81	3031
3433.03	2984
3434.25	3117
3435.48	2982
3436.7	3009
3437.92	3010
3439.15	2917
3440.37	3015
3441.59	2989
3442.81	2992
3444.03	3007
3445.25	2942
3446.48	2946
3447.7	2994
3448.92	3008
3450.14	2952
3451.36	2934
3452.58	2949
3453.8	2934
3455.02	2997
3456.24	2842
3457.46	2908
3458.68	2892
3459.89	2964
3461.11	2896
3462.33	2939
3463.55	2908
3464.77	2952
3465.99	2895
3467.2	2903
3468.42	2898
3469.64	2917
3470.86	2885
3472.07	2881
3473.29	2852
3474.51	2810
3475.72	2823
3476.94	2846
3478.15	2864
3479.37	2850
3480.59	2788
3481.8	2867
3483.02	2823
3484.23	2788
3485.45	2848
3486.66	2810
3487.87	2762
3489.09	2771
3490.3	2819
3491.52	2829
3492.73	2808
3493.94	2814
3495.15	2706
3496.37	2791
3497.58	2740
3498.79	2776
3500	2750
3501.22	2790
3502.43	2687
3503.64	2749
3504.85	2792
3506.06	2702
3507.27	2660
3508.48	2670
3509.69	2725
3510.91	2669
3512.12	2665
3513.32	2679
3514.53	2759
3515.74	2736
3516.95	2627
3518.16	2639
3519.37	2681
3520.58	2751
3521.79	2661
3523	2593
3524.21	2649
3525.41	2590
3526.62	2635
3527.83	2694
3529.04	2624
3530.24	2644
3531.45	2621
3532.66	2624
3533.86	2573
3535.07	2656
3536.27	2596
3537.48	2581
3538.69	2611
3539.89	2657
3541.1	2608
3542.3	2600
3543.51	2630
3544.71	2617
3545.92	2532
3547.12	2552
3548.32	2527
3549.53	2537
3550.73	2533
3551.94	2548
3553.14	2516
3554.34	2519
3555.54	2482
3556.75	2478
3557.95	2548
3559.15	2548
3560.35	2434
3561.56	2527
3562.76	2539
3563.96	2490
3565.16	2516
3566.36	2462
3567.56	2531
3568.76	2505
3569.96	2452
3571.16	2511
3572.36	2496
3573.56	2432
3574.76	2470
3575.96	2456
3577.16	2487
3578.36	2436
3579.56	2440
3580.76	2451
3581.96	2437
3583.15	2380
3584.35	2433
3585.55	2404
3586.75	2451
3587.95	2434
3589.14	2402
3590.34	2419
3591.54	2467
3592.73	2328
3593.93	2377
3595.13	2384
3596.32	2414
3597.52	2363
3598.71	2344
3599.91	2327
3601.1	2352
3602.3	2369
3603.49	2417
3604.69	2332
3605.88	2296
3607.08	2344
3608.27	2341
3609.46	2374
3610.66	2324
3611.85	2278
3613.04	2227
3614.24	2266
3615.43	2320
3616.62	2288
3617.81	2238
3619.01	2311
3620.2	2325
3621.39	2182
3622.58	2243
3623.77	2279
3624.97	2231
3626.16	2265
3627.35	2203
3628.54	2254
3629.73	2140
3630.92	2271
3632.11	2185
3633.3	2205
3634.49	2231
3635.68	2241
3636.87	2265
3638.06	2231
3639.24	2237
3640.43	2179
3641.62	2169
3642.81	2202
3644	2201
3645.19	2206
3646.37	2188
3647.56	2257
3648.75	2194
3649.94	2225
3651.12	2160
3652.31	2190
3653.5	2180
3654.68	2176
3655.87	2206
3657.05	2172
3658.24	2183
3659.42	2178
3660.61	2143
3661.79	2149
3662.98	2126
3664.16	2151
3665.35	2125
3666.53	2134
3667.72	2133
3668.9	2124
3670.08	2169
3671.27	2108
3672.45	2136
3673.63	2063
3674.82	2154
3676	2115
3677.18	2072
3678.36	2072
3679.55	2077
3680.73	2121
3681.91	2072
3683.09	2073
3684.27	2061
3685.45	2094
3686.63	2108
3687.82	2034
3689	2151
3690.18	2082
3691.36	2067
3692.54	2004
3693.72	2069
3694.9	2020
3696.07	2052
3697.25	2023
3698.43	2015
3699.61	1989
3700.79	2045
3701.97	1965
3703.15	2019
3704.32	1991
3705.5	1995
3706.68	2008
3707.86	2004
3709.03	2021
3710.21	1980
3711.39	2006
3712.57	1927
3713.74	1998
3714.92	1947
3716.09	1955
3717.27	1960
3718.45	1901
3719.62	1994
3720.8	1986
3721.97	1906
3723.15	1905
3724.32	1950
3725.49	1997
3726.67	1941
3727.84	1882
3729.02	1983
3730.19	1934
3731.36	1907
3732.54	1946
3733.71	1944
3734.88	1920
3736.06	1922
3737.23	1979
3738.4	1908
3739.57	1961
3740.75	1932
3741.92	1886
3743.09	1892
3744.26	1887
3745.43	1890
3746.6	1924
3747.77	1872
3748.94	1867
3750.11	1908
3751.28	1873
3752.45	1880
3753.62	1842
3754.79	1851
3755.96	1899
3757.13	1899
3758.3	1890
3759.47	1879
3760.64	1868
3761.81	1836
3762.97	1802
3764.14	1841
3765.31	1811
3766.48	1822
3767.65	1868
3768.81	1835
3769.98	1865
3771.15	1820
3772.31	1830
3773.48	1803
3774.65	1837
3775.81	1823
3776.98	1747
3778.14	1828
3779.31	1839
3780.48	1775
3781.64	1795
3782.8	1776
3783.97	1782
3785.13	1814
3786.3	1748
3787.46	1756
3788.63	1811
3789.79	1835
3790.95	1765
3792.12	1806
3793.28	1808
3794.44	1757
3795.61	1746
3796.77	1765
3797.93	1786
3799.09	1736
3800.26	1792
3801.42	1814
3802.58	1756
3803.74	1780
3804.9	1713
3806.06	1736
3807.22	1764
3808.38	1719
3809.55	1648
3810.71	1795
3811.87	1779
3813.03	1707
3814.18	1721
3815.34	1740
3816.5	1755
3817.66	1708
3818.82	1748
3819.98	1739.5
3821.14	1731
3822.3	1652
3823.46	1702
3824.61	1699
3825.77	1747
3826.93	1702
3828.09	1682
3829.24	1683
3830.4	1692
3831.56	1678
3832.71	1689
3833.87	1651
3835.03	1665
3836.18	1605
3837.34	1650
3838.5	1673
3839.65	1663
3840.81	1670
3841.96	1671
3843.12	1659
3844.27	1676
3845.43	1623
3846.58	1696
3847.73	1670
3848.89	1653
3850.04	1631
3851.2	1661
3852.35	1597
3853.5	1625
3854.66	1653
3855.81	1596
3856.96	1626
3858.11	1612
3859.27	1621
3860.42	1611
3861.57	1641
3862.72	1637
3863.87	1575
3865.02	1660
3866.18	1590
3867.33	1655
3868.48	1565
3869.63	1594
3870.78	1588
3871.93	1554
3873.08	1593
3874.23	1557
3875.38	1598
3876.53	1596
3877.68	1571
3878.83	1555
3879.97	1607
3881.12	1606
3882.27	1546
3883.42	1560
3884.57	1548
3885.72	1568
3886.86	1571
3888.01	1502
3889.16	1545
3890.31	1540
3891.45	1567
3892.6	1573
3893.75	1538
3894.89	1524
3896.04	1518
3897.18	1477
3898.33	1537
3899.48	1504
3900.62	1547
3901.77	1531
3902.91	1488
3904.06	1527
3905.2	1468
3906.35	1486
3907.49	1518
3908.63	1469
3909.78	1462
3910.92	1558
3912.07	1480
3913.21	1507
3914.35	1493
3915.5	1498
3916.64	1475
3917.78	1467
3918.92	1485
3920.07	1455
3921.21	1483
3922.35	1514
3923.49	1475
3924.63	1484
3925.77	1495
3926.92	1457
3928.06	1454
3929.2	1488
3930.34	1438
3931.48	1456
3932.62	1477
3933.76	1484
3934.9	1493
3936.04	1429
3937.18	1447
3938.32	1471
3939.46	1423
3940.59	1477
3941.73	1461
3942.87	1399
3944.01	1438
3945.15	1431
3946.29	1419
3947.42	1397
3948.56	1401
3949.7	1381
3950.84	1432
3951.97	1399
3953.11	1401
3954.25	1407
3955.38	1423
3956.52	1448
3957.66	1419
3958.79	1397
3959.93	1389
3961.06	1416
3962.2	1363
3963.33	1441
3964.47	1382
3965.6	1383
3966.74	1389
3967.87	1352
3969.01	1417
3970.14	1335
3971.27	1378
3972.41	1320
3973.54	1391
3974.68	1337
3975.81	1391
3976.94	1388
3978.07	1411
3979.21	1346
3980.34	1328
3981.47	1393
3982.6	1355
3983.73	1346
3984.87	1353
3986	1378
3987.13	1345
3988.26	1390
3989.39	1340
3990.52	1365
3991.65	1384
3992.78	1341
3993.91	1337
3995.04	1353
3996.17	1333
3997.3	1309
3998.43	1378
3999.56	1335
