100.898	5018
102.73	5016
104.561	5017
106.393	4922
108.226	4975
110.056	4931
111.886	4947
113.716	4980
115.548	4874
117.377	5015
119.206	4904
121.034	4965
122.864	4953
124.692	4975
126.519	4884
128.346	4913
130.173	4961
132.001	4899
133.827	4849
135.653	4926
137.478	4945
139.303	5008
141.127	4997
142.953	5000
144.777	4954
146.601	4939
148.424	5027
150.246	5028
152.069	5010
153.891	5057
155.712	5055
157.533	5103
159.356	5012
161.177	5078
162.997	5008
164.817	5056
166.636	5108
168.456	5048
170.274	5044
172.093	5117
173.911	5085
175.729	5009
177.546	4981
179.363	4994
181.179	5133
182.996	4998
184.812	5112
186.627	5019
188.442	5011
190.257	5048
192.072	5034
193.886	5055
195.7	5083
197.513	5008
199.326	5055
201.139	5040
202.951	5093
204.763	5053
206.575	4997
208.384	5105
210.195	5104
212.006	5113
213.816	5042
215.626	5052
217.436	5042
219.245	5043
221.054	4984
222.862	5095
224.668	5026
226.476	4971
228.284	5010
230.091	4978
231.897	4972
233.704	4949
235.508	5015
237.313	5101
239.119	5051
240.924	5118
242.728	4999
244.53	4984
246.334	4999
248.138	5035
249.941	5084
251.744	5057
253.545	5103
255.347	5089
257.148	5079
258.95	5037
260.749	4979
262.55	5113
264.35	4979
266.148	5134
267.948	5080
269.747	4996
271.546	5107
273.343	5116
275.141	5157
276.939	5093
278.735	5106
280.532	5062
282.329	5079
284.123	5002
285.92	4950
287.713	5058
289.509	4982
291.304	5001
293.097	4951
294.891	5044
296.686	5028
298.477	5080
300.271	5016
302.062	4969
303.854	4945
305.645	4972
307.437	5001
309.229	5001
311.018	5009
312.809	4984
314.597	5016
316.388	5078
318.176	5062
319.965	5035
321.752	5093
323.541	5039
325.328	5010
327.116	5195
328.902	5082
330.689	5119
332.475	5054
334.261	5137
336.046	5154
337.832	5103
339.616	5145
341.399	5120
343.184	5163
344.967	5151
346.751	5214
348.534	5092
350.317	5123
352.099	5085
353.88	5093
355.662	5036
357.443	5101
359.223	5062
361.004	5055
362.783	5058
364.564	5079
366.343	5048
368.121	5067
369.901	5086
371.679	5033
373.456	5173
375.233	5133
377.011	5099
378.788	5160
380.563	5141
382.341	5055
384.116	5100
385.891	5051
387.667	5111
389.442	5118.5
391.215	5126
392.989	5133
394.764	5093
396.537	5163
398.309	5084
400.081	5111
401.853	5237
403.626	5192
405.397	5119
407.168	5166
408.938	5192
410.708	5018
412.48	5097
414.249	5138
416.018	5092
417.787	5150
419.555	5191
421.323	5196
423.091	5082
424.86	5005
426.627	4975
428.394	5111
430.16	5049
431.926	5030
433.692	5066
435.457	5133
437.222	5078
438.986	5048
440.751	5040
442.515	4993
444.28	5035
446.043	5112
447.806	5120
449.569	5076
451.331	4948
453.093	5073
454.854	5026
456.616	5051
458.376	5042
460.137	4965
461.897	5063
463.657	5047
465.416	5053
467.176	5092
468.934	5118
470.693	5155
472.449	5018
474.207	4977
475.964	5066
477.721	5114
479.478	5049
481.235	5122
482.991	5065
484.746	5083
486.502	5100
488.257	5213
490.012	5169
491.764	5268
493.518	5130
495.272	5157
497.025	5122
498.779	5183
500.531	5061
502.282	5144
504.034	5112
505.785	5160
507.537	5122
509.288	5215
511.039	5131
512.787	5210
514.537	5055
516.287	5264
518.036	5181
519.783	5122
521.532	5123
523.28	5081
525.029	5163
526.774	5114
528.522	5120
530.269	5183
532.015	5147
533.76	5164
535.506	5159
537.251	5180
538.995	5095
540.74	5193
542.485	5069
544.227	5084
545.971	5070
547.715	5141
549.456	5157
551.199	5113
552.942	5316
554.682	5141
556.424	5118
558.164	5118
559.905	5221
561.646	5203
563.385	5195
565.125	5111
566.863	5211
568.603	5257
570.341	5201
572.08	5240
573.818	5183
575.555	5249
577.293	5172
579.028	5162
580.766	5228
582.501	5198
584.238	5110
585.972	5156
587.708	5229
589.442	5287
591.177	5178
592.91	5235
594.645	5295
596.377	5166
598.112	5199
599.843	5229
601.575	5165
603.308	5133
605.039	5184
606.771	5108
608.501	5100
610.233	5125
611.962	5160
613.691	5187
615.422	5178
617.151	5134
618.879	5138
620.609	5169
622.336	5115
624.063	5103
625.792	5104
627.518	5087
629.245	5156
630.972	5183
632.698	5126
634.423	5131
636.15	5171
637.874	5080
639.599	5176
641.324	5150
643.048	5115
644.771	5174
646.494	5229
648.219	5063
649.941	5196
651.663	5143
653.384	5135
655.107	5288
656.828	5202
658.549	5143
660.269	5194
661.989	5232
663.709	5187
665.43	5203
667.149	5246
668.868	5285
670.586	5249
672.304	5233
674.021	5266
675.741	5284
677.458	5219
679.174	5109
680.891	5239
682.607	5256
684.323	5153
686.038	5172
687.753	5117
689.468	5135
691.182	5238
692.898	5149
694.612	5261
696.325	5144
698.038	5029
699.751	5284
701.464	5196
703.176	5205
704.887	5075
706.599	5155
708.31	5128
710.021	5135
711.731	5159
713.442	5204
715.151	5133
716.861	5079
718.57	5089
720.279	5123
721.988	5154
723.694	5158
725.402	5181
727.109	5237
728.817	5061
730.523	5210
732.23	5175
733.936	5122
735.642	5197
737.348	5155
739.053	5137
740.756	5195
742.461	5162
744.165	5218
745.869	5189
747.573	5235
749.277	5201
750.978	5256
752.68	5255
754.383	5279
756.085	5319
757.787	5276
759.486	5252
761.187	5260
762.888	5277
764.589	5291
766.289	5263
767.987	5195
769.686	5264
771.385	5283
773.082	5257
774.781	5229
776.479	5384
778.177	5284
779.873	5199
781.57	5242
783.267	5245
784.962	5237
786.658	5286
788.354	5240
790.048	5214
791.743	5251
793.438	5169
795.131	5243
796.826	5267
798.52	5145
800.211	5168
801.905	5172
803.596	5170
805.289	5170
806.981	5137
808.672	5217
810.364	5145
812.053	5212
813.744	5108
815.433	5147
817.124	5265
818.812	5160
820.502	5158
822.19	5188
823.879	5244
825.566	5224
827.255	5215
828.941	5245
830.629	5140
832.315	5188
834.003	5121
835.688	5099
837.375	5171
839.059	5205
840.745	5155
842.429	5254
844.113	5153
845.798	5304
847.481	5132
849.165	5171
850.848	5253
852.53	5172
854.213	5232
855.895	5258
857.578	5228
859.258	5236
860.939	5256
862.621	5236
864.301	5269
865.98	5301
867.661	5288
869.34	5200
871.018	5294
872.697	5278
874.377	5289
876.054	5312
877.731	5222
879.41	5328
881.087	5266
882.763	5249
884.439	5175
886.117	5136
887.792	5220
889.467	5221
891.142	5213
892.816	5211
894.492	5146
896.166	5222
897.84	5297
899.513	5256
901.186	5151
902.86	5224
904.533	5165
906.205	5084
907.876	4979
909.547	5062
911.218	5118
912.889	5082
914.559	5126
916.231	5141
917.901	5176
919.571	5052
921.24	5127
922.909	5081
924.577	5144
926.245	5186
927.913	5222
929.581	5065
931.248	5101
932.915	5190
934.581	5213
936.248	5283
937.914	5262
939.579	5163
941.245	5183
942.91	5255
944.575	5228
946.239	5190
947.903	5242
949.567	5116
951.231	5218
952.894	5249
954.557	5195
956.219	5224
957.882	5313
959.544	5340
961.203	5295
962.865	5322
964.526	5318
966.186	5261
967.847	5289
969.507	5326
971.167	5271
972.826	5283
974.483	5277
976.142	5332
977.801	5225
979.459	5339
981.117	5275
982.773	5304
984.43	5286
986.087	5310
987.744	5315
989.4	5301
991.054	5228
992.71	5224
994.366	5221
996.021	5229
997.674	5243
999.328	5288
1000.98	5171
1002.63	5275
1004.29	5215
1005.94	5216
1007.59	5098
1009.25	5038
1010.9	5161
1012.55	5127
1014.2	5121
1015.85	5246
1017.5	5061
1019.15	5152
1020.8	5107
1022.45	5101
1024.1	5020
1025.75	5099
1027.4	5040
1029.05	5065
1030.69	5123
1032.34	5096
1033.99	5076
1035.64	5019
1037.28	5122
1038.93	5042
1040.57	4946
1042.22	5099
1043.87	4977
1045.51	5067
1047.16	5022
1048.8	5097
1050.44	5165
1052.09	5158
1053.73	5152
1055.37	5183
1057.02	5111
1058.66	5079
1060.3	5180
1061.94	5142
1063.58	5181
1065.23	5184
1066.87	5178
1068.51	5190
1070.15	5239
1071.79	5278
1073.43	5227
1075.07	5217
1076.7	5211
1078.34	5329
1079.98	5242
1081.62	5266
1083.26	5197
1084.9	5290
1086.53	5256
1088.17	5196
1089.81	5199
1091.44	5259
1093.08	5340
1094.71	5170
1096.35	5258
1097.98	5118
1099.62	5145
1101.25	5180
1102.89	5244
1104.52	5166
1106.15	5090
1107.79	5210
1109.42	5191
1111.05	5126
1112.68	5129
1114.31	5095
1115.95	5079
1117.58	5085
1119.21	5045
1120.84	5079
1122.47	5089
1124.1	4975
1125.73	5086
1127.36	4996
1128.98	4982
1130.61	5076
1132.24	5028
1133.87	5005
1135.5	5038
1137.12	4988
1138.75	4988
1140.38	5069
1142	5022
1143.63	4931
1145.26	4961
1146.88	5026
1148.51	5047
1150.13	5010
1151.76	4974
1153.38	4977
1155	4963
1156.63	4982
1158.25	5002
1159.87	5060
1161.5	5066
1163.12	4989
1164.74	5062
1166.36	5069
1167.98	5039
1169.6	5059
1171.22	5081
1172.84	5115
1174.46	5043
1176.08	5206
1177.7	5084
1179.32	5251
1180.94	5180
1182.56	5082
1184.18	5163
1185.8	5229
1187.41	5205
1189.03	5162
1190.65	5250
1192.26	5271
1193.88	5292
1195.5	5140
1197.11	5236
1198.73	5243
1200.34	5236
1201.96	5189
1203.57	5246
1205.19	5164
1206.8	5168
1208.41	5176
1210.03	5122
1211.64	5105
1213.25	5124
1214.86	5157
1216.48	5169
1218.09	5149
1219.7	5069
1221.31	5168
1222.92	5098
1224.53	5028
1226.14	5134
1227.75	5139
1229.36	4981
1230.97	5066
1232.58	5048
1234.19	4991
1235.79	4956
1237.4	4987
1239.01	4977
1240.62	4950
1242.23	4897
1243.83	4873
1245.44	4952
1247.04	4877
1248.65	4971
1250.25	4886
1251.86	4930
1253.46	4891
1255.07	4957
1256.67	4893
1258.28	4908
1259.88	4811
1261.48	4920
1263.09	4921
1264.69	4917
1266.29	4879
1267.89	5014
1269.5	4921
1271.1	4904
1272.7	4897
1274.3	4864
1275.9	4960
1277.5	4974
1279.1	4919
1280.7	5002
1282.3	5048
1283.9	4965
1285.5	4994
1287.09	5083
1288.69	4944
1290.29	4947
1291.89	5016
1293.48	5105
1295.08	5075
1296.68	5039
1298.27	5088
1299.87	5126
1301.47	5038
1303.06	5157
1304.66	5035
1306.25	5039.5
1307.85	5044
1309.44	5161
1311.03	5059
1312.63	5120
1314.22	5083
1315.81	5087
1317.4	5197
1319	5173
1320.59	5109
1322.18	5102
1323.77	5085
1325.36	5073
1326.95	5081
1328.54	5048
1330.13	5046
1331.72	5027
1333.31	5057
1334.9	5047
1336.49	5069
1338.08	4970
1339.67	5042
1341.26	4972
1342.84	4969
1344.43	5025
1346.02	4979
1347.6	4893
1349.19	4925
1350.78	4871
1352.36	4853
1353.95	4847
1355.53	4852
1357.12	4865
1358.7	4892
1360.29	4851
1361.87	4806
1363.46	4872
1365.04	4810
1366.62	4888
1368.2	4861
1369.79	4805
1371.37	4775
1372.95	4857
1374.53	4784
1376.11	4787
1377.69	4777
1379.28	4768
1380.85	4784
1382.43	4831
1384.01	4752
1385.59	4841
1387.17	4776
1388.75	4708
1390.33	4702
1391.91	4833
1393.49	4823
1395.07	4744
1396.64	4886
1398.22	4788
1399.8	4868
1401.37	4895
1402.95	4847
1404.52	4768
1406.1	4870
1407.68	4783
1409.25	4894
1410.82	4874
1412.4	4885
1413.97	4865
1415.55	5053
1417.12	4933
1418.69	4952
1420.27	4871
1421.84	4978
1423.41	4950
1424.98	4961
1426.55	4935
1428.13	4956
1429.7	4999
1431.27	5025
1432.84	4957
1434.41	4987
1435.98	4995
1437.55	4979
1439.12	4990
1440.69	4975
1442.25	4970
1443.82	5049
1445.39	4917
1446.96	4943
1448.52	5007
1450.09	4977
1451.66	4915
1453.23	4860
1454.79	4880
1456.36	4912
1457.92	4899
1459.49	4929
1461.05	4869
1462.62	4861
1464.18	4963
1465.75	4797
1467.31	4750
1468.87	4799
1470.44	4691
1472	4776
1473.56	4798
1475.13	4796
1476.69	4839
1478.25	4742
1479.81	4700
1481.37	4740
1482.93	4764
1484.49	4702
1486.05	4760
1487.61	4794
1489.17	4713
1490.73	4798
1492.29	4706
1493.85	4728
1495.41	4725
1496.97	4702
1498.53	4732
1500.08	4587
1501.64	4681
1503.2	4730
1504.76	4742
1506.31	4684
1507.87	4709
1509.42	4636
1510.98	4651
1512.53	4636
1514.09	4632
1515.64	4648
1517.2	4772
1518.75	4697
1520.31	4678
1521.86	4748
1523.41	4675
1524.96	4776
1526.52	4784
1528.07	4732
1529.62	4833
1531.17	4776
1532.73	4803
1534.28	4702
1535.83	4806
1537.38	4826
1538.93	4815
1540.48	4860
1542.03	4821
1543.58	4791
1545.13	4874
1546.68	4817
1548.22	4762
1549.77	4846
1551.32	4864
1552.87	4805
1554.41	4746
1555.96	4832
1557.51	4773
1559.05	4809
1560.6	4892
1562.15	4768
1563.69	4774
1565.24	4842
1566.78	4831
1568.33	4819
1569.87	4767
1571.42	4781
1572.96	4767
1574.5	4754
1576.04	4819
1577.59	4770
1579.13	4759
1580.67	4774
1582.21	4798
1583.76	4719
1585.3	4843
1586.84	4742
1588.38	4768
1589.92	4832
1591.46	4770
1593	4747
1594.54	4699
1596.08	4795
1597.62	4675
1599.16	4709
1600.7	4707
1602.24	4692
1603.77	4735
1605.31	4793
1606.85	4611
1608.39	4712
1609.92	4709
1611.46	4649
1612.99	4661
1614.53	4717
1616.07	4767
1617.6	4730
1619.14	4607
1620.67	4648
1622.21	4656
1623.74	4650
1625.27	4654
1626.81	4704
1628.34	4673
1629.87	4657
1631.41	4652
1632.94	4689
1634.47	4780
1636	4691
1637.53	4669
1639.07	4687
1640.6	4674
1642.13	4721
1643.66	4777
1645.19	4718
1646.72	4748
1648.25	4665.48
1649.78	4729.93
1651.31	4723.36
1652.83	4754.1
1654.36	4710.64
1655.89	4774.61
1657.42	4743.24
1658.95	4878.79
1660.47	4756.5
1662	4816.27
1663.53	4825.18
1665.05	4722.88
1666.58	4843.52
1668.11	4852.25
1669.63	4785.76
1671.16	4832.23
1672.68	4807.8
1674.21	4860.67
1675.73	4799.17
1677.25	4857.7
1678.78	4808.83
1680.3	4828.78
1681.83	4808.67
1683.35	4817.51
1684.87	4865.86
1686.39	4826.23
1687.92	4821.12
1689.44	4771.02
1690.96	4834.72
1692.48	4845.74
1694	4815.28
1695.52	4851.93
1697.04	4829.81
1698.56	4762.86
1700.08	4820.84
1701.6	4784.48
1703.12	4759.81
1704.64	4814.91
1706.16	4736.91
1707.68	4781.71
1709.19	4798.86
1710.71	4874.88
1712.23	4826.08
1713.75	4819.79
1715.26	4783.23
1716.78	4758.92
1718.3	4712.04
1719.81	4724.59
1721.33	4773.24
1722.84	4752.29
1724.36	4696.99
1725.87	4743.74
1727.39	4776.71
1728.9	4726.28
1730.42	4765.8
1731.93	4713.25
1733.44	4775.44
1734.96	4748.06
1736.47	4803.6
1737.98	4760.93
1739.49	4744.21
1741.01	4680.43
1742.52	4778.11
1744.03	4734.23
1745.54	4740.8
1747.05	4685.9
1748.56	4765.93
1750.07	4811.86
1751.58	4788.87
1753.09	4721.01
1754.6	4766.23
1756.11	4789.49
1757.62	4842.04
1759.13	4797.03
1760.64	4802.35
1762.15	4808.89
1763.65	4812.55
1765.16	4825.2
1766.67	4844.38
1768.18	4832.3
1769.68	4868.31
1771.19	4872.59
1772.7	4865.48
1774.2	4838.33
1775.71	4837.8
1777.21	4899.27
1778.72	4905.96
1780.22	4879.27
1781.73	4962.64
1783.23	4903.14
1784.73	4910.26
1786.24	4928.47
1787.74	4937.68
1789.24	4870.44
1790.75	4921.87
1792.25	4944.07
1793.75	4937.22
1795.25	4953.08
1796.75	4958.67
1798.26	4948.94
1798.36	4950
1799.86	4957
1801.37	4933
1802.88	4943
1804.39	5021
1805.89	5015
1807.4	5006
1808.91	4939
1810.41	4912
1811.92	4922
1813.42	4987
1814.93	4864
1816.43	4918
1817.93	4944
1819.44	4881
1820.94	4915
1822.45	4894
1823.95	4944
1825.45	4872
1826.95	4762
1828.46	4880
1829.96	4919
1831.46	4772
1832.96	4835
1834.46	4808
1835.97	4834
1837.47	4728
1838.97	4785
1840.47	4797
1841.97	4790
1843.47	4717
1844.97	4771
1846.47	4722
1847.96	4607
1849.46	4698
1850.96	4705
1852.46	4716
1853.96	4650
1855.45	4733
1856.95	4704
1858.45	4605
1859.94	4592
1861.44	4701
1862.94	4772
1864.43	4619
1865.93	4619
1867.42	4643
1868.92	4717
1870.41	4684
1871.91	4679
1873.4	4674
1874.89	4695
1876.39	4697
1877.88	4645
1879.37	4589
1880.87	4737
1882.36	4695
1883.85	4703
1885.34	4611
1886.83	4762
1888.33	4710
1889.82	4726.5
1891.31	4743
1892.8	4722
1894.29	4747
1895.78	4766
1897.27	4754
1898.76	4721
1900.25	4766
1901.73	4741
1903.22	4840
1904.71	4825
1906.2	4821
1907.69	4809
1909.17	4829
1910.66	4834
1912.15	4777
1913.64	4762
1915.12	4836
1916.61	4758
1918.09	4788
1919.58	4847
1921.06	4780
1922.55	4904
1924.03	4843
1925.52	4891
1927	4825
1928.49	4787
1929.97	4797
1931.45	4839
1932.94	4850
1934.42	4777
1935.9	4859
1937.39	4847
1938.87	4878
1940.35	4772
1941.83	4855
1943.31	4856
1944.79	4814
1946.27	4915
1947.75	4782
1949.23	4873
1950.71	4744
1952.19	4758
1953.67	4658
1955.15	4772
1956.63	4760
1958.11	4910
1959.58	4782
1961.06	4808
1962.54	4790
1964.02	4834
1965.49	4679
1966.97	4690
1968.45	4780
1969.93	4782
1971.4	4719
1972.88	4705
1974.35	4760
1975.83	4684
1977.3	4687
1978.78	4679
1980.25	4597
1981.72	4735
1983.2	4649
1984.67	4678
1986.15	4689
1987.62	4634
1989.09	4626
1990.56	4550
1992.04	4688
1993.51	4674
1994.98	4617
1996.45	4540
1997.92	4613
1999.39	4616
2000.86	4530
2002.33	4611
2003.8	4580
2005.27	4673
2006.74	4590
2008.21	4583
2009.68	4669
2011.15	4639
2012.62	4670
2014.09	4616
2015.55	4661
2017.02	4602
2018.49	4572
2019.96	4643
2021.42	4536
2022.89	4514
2024.36	4579
2025.82	4553
2027.29	4664
2028.75	4635
2030.22	4537
2031.68	4659
2033.15	4568
2034.61	4645
2036.08	4679
2037.54	4594
2039	4749
2040.47	4595
2041.93	4672
2043.39	4681
2044.86	4678
2046.32	4756
2047.78	4603
2049.24	4624
2050.7	4684
2052.16	4626
2053.62	4721
2055.08	4585
2056.54	4673
2058	4709
2059.46	4727
2060.92	4609
2062.38	4735
2063.84	4755
2065.3	4710
2066.76	4661
2068.22	4637
2069.68	4769
2071.13	4643
2072.59	4663
2074.05	4719
2075.51	4769
2076.96	4728
2078.42	4688
2079.87	4628
2081.33	4720
2082.79	4598
2084.24	4710
2085.7	4722
2087.15	4563
2088.61	4618
2090.06	4571
2091.51	4660
2092.97	4620
2094.42	4576
2095.87	4586
2097.33	4566
2098.78	4486
2100.23	4532
2101.68	4486
2103.14	4547
2104.59	4529
2106.04	4442
2107.49	4509
2108.94	4424
2110.39	4433
2111.84	4555
2113.29	4519
2114.74	4509
2116.19	4477
2117.64	4494
2119.09	4441
2120.54	4436
2121.99	4490
2123.43	4413
2124.88	4425
2126.33	4462
2127.78	4525
2129.22	4434
2130.67	4428
2132.12	4460
2133.56	4365
2135.01	4490
2136.46	4548
2137.9	4451
2139.35	4426
2140.79	4405
2142.23	4474
2143.68	4443
2145.12	4358
2146.57	4359
2148.01	4484
2149.45	4441
2150.9	4476
2152.34	4431
2153.78	4526
2155.22	4473
2156.67	4493
2158.11	4453
2159.55	4425
2160.99	4451
2162.43	4461
2163.87	4488
2165.31	4438
2166.76	4492
2168.19	4499
2169.63	4476
2171.07	4513
2172.51	4423
2173.95	4482
2175.39	4527
2176.83	4465
2178.27	4495
2179.71	4533
2181.14	4588
2182.58	4533
2184.02	4496
2185.45	4568
2186.89	4512
2188.33	4529
2189.76	4516
2191.2	4498
2192.63	4485
2194.07	4498
2195.5	4553
2196.94	4506
2198.37	4459
2199.81	4498
2201.24	4539
2202.67	4542
2204.11	4541
2205.54	4436
2206.97	4604
2208.41	4491
2209.84	4393
2211.27	4506
2212.7	4528
2214.13	4516
2215.57	4465
2217	4539
2218.43	4375
2219.86	4449
2221.29	4464
2222.72	4462
2224.15	4424
2225.58	4582
2227.01	4524
2228.44	4443
2229.86	4424
2231.29	4497
2232.72	4387
2234.15	4387
2235.58	4390
2237	4392
2238.43	4380
2239.86	4429
2241.29	4335
2242.71	4443
2244.14	4363
2245.56	4357
2246.99	4288
2248.42	4363
2249.84	4312
2251.27	4369
2252.69	4416
2254.11	4284
2255.54	4375
2256.96	4359
2258.39	4394
2259.81	4325
2261.23	4338
2262.66	4309
2264.08	4296
2265.5	4346
2266.92	4414
2268.34	4346
2269.76	4259
2271.19	4282
2272.61	4268
2274.03	4253
2275.45	4226
2276.87	4231
2278.29	4263
2279.71	4324
2281.13	4287
2282.55	4362
2283.96	4316
2285.38	4281
2286.8	4306
2288.22	4246
2289.64	4295
2291.06	4394
2292.47	4313
2293.89	4200
2295.31	4361
2296.72	4252
2298.14	4356
2299.56	4297
2300.97	4261
2302.39	4213
2303.8	4239
2305.22	4289
2306.63	4299
2308.05	4316
2309.46	4252
2310.88	4313
2312.29	4285
2313.7	4343
2315.12	4275
2316.53	4291
2317.94	4228
2319.35	4240
2320.77	4312
2322.18	4314
2323.59	4267
2325	4213
2326.41	4252
2327.82	4314
2329.24	4215
2330.65	4188
2332.06	4297
2333.47	4244
2334.88	4238
2336.28	4183
2337.69	4217
2339.1	4257
2340.51	4196
2341.92	4192
2343.33	4220
2344.74	4118
2346.14	4158
2347.55	4178
2348.96	4119
2350.37	4154
2351.77	4168
2353.18	4192
2354.58	4155
2355.99	4098
2357.4	4072
2358.8	4081
2360.21	4087
2361.61	4177
2363.02	4129
2364.42	4116
2365.82	4083
2367.23	4141
2368.63	4053
2370.04	4113
2371.44	4097
2372.84	4089
2374.25	4092
2375.65	3998
2377.05	4047
2378.45	4141
2379.85	3994
2381.25	4107
2382.66	4124
2384.06	4148
2385.46	4050
2386.86	4038
2388.26	3993
2389.66	4040
2391.06	4060
2392.46	4082
2393.85	4072
2395.25	4084
2396.65	4005
2398.05	4074
2399.45	4078
2400.85	4037
2402.24	4068
2403.64	4128
2405.04	4023
2406.44	4068
2407.83	4112
2409.23	4157
2410.62	4064
2412.02	4079
2413.41	4042
2414.81	4017
2416.21	4094
2417.6	4088
2419	4131
2420.39	4091
2421.78	4146
2423.18	4117
2424.57	4147
2425.96	4071
2427.36	4149
2428.75	4166
2430.14	4115
2431.53	4121
2432.93	4052
2434.32	4150
2435.71	4152
2437.1	4111
2438.49	4055
2439.88	4186
2441.27	4121
2442.66	4121
2444.05	4189
2445.44	4097
2446.83	4143
2448.22	4137
2449.61	4137
2451	4200
2452.39	4179
2453.78	4061
2455.16	4136
2456.55	4157
2457.94	4101
2459.33	4012
2460.72	4165
2462.1	4200
2463.49	4182
2464.87	4184
2466.26	4144
2467.65	4150
2469.03	4182
2470.42	4080
2471.8	4142
2473.19	4177
2474.57	4200
2475.96	4109
2477.34	4142
2478.72	4163
2480.11	4142
2481.49	4097
2482.87	4112
2484.26	4207
2485.64	4110
2487.02	4147
2488.4	4104
2489.79	4132
2491.17	4137
2492.55	4097
2493.93	4137
2495.31	4113
2496.69	4211
2498.07	4110
2499.45	4153
2500.83	4165
2502.21	4050
2503.59	4051
2504.97	4128
2506.35	3980
2507.73	4091
2509.1	4058
2510.48	4084
2511.86	4055
2513.24	4097
2514.62	4025
2515.99	4071
2517.37	4032
2518.75	4032
2520.12	3997
2521.5	4061
2522.88	4061
2524.25	4032
2525.63	3997
2527	4050
2528.38	4050
2529.75	4080
2531.13	4078
2532.5	3999
2533.87	4030
2535.25	3989
2536.62	4115
2537.99	4094
2539.37	3991
2540.74	4062
2542.11	3951
2543.48	4065
2544.86	4001
2546.23	4087
2547.6	4113
2548.97	4012
2550.34	4022
2551.71	4099
2553.08	4077
2554.45	4072
2555.82	3987
2557.19	4046
2558.56	4039
2559.93	4112
2561.3	4096
2562.67	4010
2564.04	4031
2565.41	4012
2566.78	4078
2568.14	4061
2569.51	4099
2570.88	4034
2572.25	4119
2573.61	4102
2574.98	4113
2576.34	4043
2577.71	4072
2579.08	4067
2580.44	4021
2581.81	4085
2583.17	4037
2584.54	4107
2585.9	4061
2587.27	4042
2588.63	4052
2589.99	4126
2591.36	4069
2592.72	4051
2594.08	4033
2595.45	4146
2596.81	4132
2598.17	4151
2599.54	4119
2600.9	4080
2602.26	3994
2603.62	4138
2604.98	4060
2606.34	4063
2607.7	4065
2609.06	4043
2610.42	4022
2611.78	4128
2613.14	4016
2614.5	4048
2615.86	4030
2617.22	4040
2618.58	4008
2619.94	3995
2621.3	4078
2622.66	4036
2624.01	3973
2625.37	3978
2626.73	4025
2628.09	4039
2629.44	3942
2630.8	3955
2632.16	3921
2633.51	3943
2634.87	3950
2636.22	3924
2637.58	4026
2638.93	3984
2640.29	3966
2641.64	3971
2643	4028
2644.35	3944
2645.71	3905
2647.06	3961
2648.42	3916
2649.77	3936
2651.12	3911
2652.47	3880
2653.83	3937
2655.18	3888
2656.53	3922
2657.88	3902
2659.23	3909
2660.59	3877
2661.94	3929
2663.29	3936.5
2664.64	3944
2665.99	3923
2667.34	3962
2668.69	3896
2670.04	3866
2671.39	3917
2672.74	3913
2674.09	3998
2675.43	3941
2676.78	3943
2678.13	3924
2679.48	3911
2680.83	3885
2682.18	3853
2683.52	3948
2684.87	3837
2686.22	3936
2687.56	3855
2688.91	3877
2690.25	3811
2691.6	3902
2692.95	3913
2694.29	4043
2695.64	3878
2696.98	3887
2698.33	3819
2699.67	3884
2701.02	3912
2702.36	3833
2703.7	3919
2705.05	3909
2706.39	3887
2707.73	3927
2709.08	3884
2710.42	3929
2711.76	3895
2713.1	3947
2714.44	3984
2715.78	3897
2717.13	3928
2718.47	3825
2719.81	3879
2721.15	3976
2722.49	3857
2723.83	3994
2725.17	3900
2726.51	3932
2727.85	3885
2729.19	3843
2730.53	3894
2731.87	3834
2733.2	3935
2734.54	3861
2735.88	3892
2737.22	3896
2738.56	3782
2739.89	3872
2741.23	3788
2742.57	3825
2743.9	3778
2745.24	3844
2746.58	3818
2747.91	3856
2749.25	3839
2750.58	3786
2751.92	3855
2753.25	3791
2754.59	3829
2755.92	3861
2757.26	3816
2758.59	3796
2759.92	3744
2761.26	3791
2762.59	3737
2763.92	3844
2765.26	3704
2766.59	3772
2767.92	3773
2769.25	3755
2770.59	3778
2771.92	3810
2773.25	3765
2774.58	3710
2775.91	3720
2777.24	3776
2778.57	3733
2779.9	3761
2781.23	3752
2782.56	3765
2783.89	3698
2785.22	3724
2786.55	3710
2787.88	3794
2789.21	3680
2790.54	3647
2791.86	3673
2793.19	3697
2794.52	3635
2795.85	3665
2797.17	3727
2798.5	3691
2799.83	3712
2801.16	3612
2802.48	3618
2803.81	3626
2805.13	3666
2806.46	3696
2807.78	3606
2809.11	3650
2810.43	3695
2811.76	3674
2813.08	3619
2814.41	3612
2815.73	3652
2817.05	3635
2818.38	3659
2819.7	3653
2821.02	3658
2822.35	3660
2823.67	3702
2824.99	3627
2826.31	3626
2827.63	3635
2828.96	3586
2830.28	3630
2831.6	3642
2832.92	3558
2834.24	3610
2835.56	3601
2836.88	3595
2838.2	3632
2839.52	3609
2840.84	3675
2842.16	3636
2843.48	3579
2844.8	3570
2846.12	3667
2847.43	3673
2848.75	3568
2850.07	3604
2851.39	3655
2852.71	3686
2854.02	3568
2855.34	3647
2856.66	3585
2857.97	3609
2859.29	3634
2860.6	3591
2861.92	3551
2863.24	3619
2864.55	3558
2865.87	3578
2867.18	3562
2868.5	3589
2869.81	3458
2871.12	3606
2872.44	3639
2873.75	3555
2875.07	3522
2876.38	3601
2877.69	3539
2879.01	3566
2880.32	3566
2881.63	3504
2882.94	3587
2884.25	3535
2885.57	3511
2886.88	3592
2888.19	3563
2889.5	3472
2890.81	3587
2892.12	3576
2893.43	3582
2894.74	3545
2896.05	3521
2897.36	3481
2898.67	3621
2899.98	3553
2901.29	3593
2902.6	3556
2903.9	3509
2905.21	3548
2906.52	3476
2907.83	3503
2909.14	3489
2910.44	3514
2911.75	3560
2913.06	3541
2914.36	3506
2915.67	3487
2916.98	3518
2918.28	3441
2919.59	3489
2920.89	3577
2922.2	3528
2923.5	3492
2924.81	3525
2926.11	3511
2927.42	3527
2928.72	3479
2930.02	3501
2931.33	3454
2932.63	3470
2933.93	3453
2935.24	3548
2936.54	3463
2937.84	3450
2939.14	3457
2940.45	3446
2941.75	3455
2943.05	3427
2944.35	3368
2945.65	3463
2946.95	3410
2948.25	3386
2949.55	3364
2950.85	3410
2952.15	3483.54
2953.45	3369.37
2954.75	3392.9
2956.05	3367.88
2957.35	3393.29
2958.65	3407.08
2959.95	3460.25
2961.25	3389.34
2962.55	3450
2963.84	3412.23
2965.14	3382.44
2966.44	3335.77
2967.74	3449.74
2969.03	3369.12
2970.33	3337.4
2971.63	3385.75
2972.92	3406.81
2974.22	3428.16
2975.51	3402.71
2976.81	3408.16
2978.11	3384.67
2979.4	3415.76
2980.7	3431.17
2981.99	3431.12
2983.29	3440.88
2984.58	3421.38
2985.87	3389.53
2987.17	3386.61
2988.46	3418.04
2989.75	3366.1
2991.05	3456.35
2992.34	3378.59
2993.63	3368.96
2994.93	3449.45
2996.22	3470.88
2997.51	3480.21
2998.8	3404.26
3000.09	3461.65
3001.39	3395.94
3002.68	3449.49
3003.97	3466.72
3005.26	3379.26
3006.55	3453.57
3007.84	3429.03
3009.13	3404.49
3010.42	3436.49
3011.71	3452.74
3013	3407.78
3014.29	3425.58
3015.57	3429.96
3016.86	3424.37
3018.15	3473.31
3019.44	3475.32
3020.73	3443.56
3022.02	3456.73
3023.3	3484.62
3024.59	3428.58
3025.88	3409.85
3027.17	3447.29
3028.45	3477.22
3029.74	3490.22
3031.02	3445.83
3032.31	3454.42
3033.59	3448.62
3034.88	3449.73
3036.17	3478.06
3037.45	3439.56
3038.74	3444.94
3040.02	3462.72
3041.31	3521.15
3042.59	3480.39
3043.87	3454.75
3045.16	3438.33
3046.44	3425.73
3047.72	3402.75
3049.01	3475.44
3050.29	3405.97
3051.57	3416.96
3052.85	3423.47
3054.14	3393.81
3055.42	3392.4
3056.7	3442.58
3057.98	3404.55
3059.26	3392.76
3060.54	3357.37
3061.83	3429.64
3063.11	3407.85
3064.39	3374.64
3065.67	3431.39
3066.95	3402.16
3068.23	3365.25
3069.51	3376.04
3070.79	3366.62
3072.06	3355.02
3073.34	3372.13
3074.62	3432.43
3075.9	3347.4
3077.18	3337.71
3078.46	3329.94
3079.73	3375.02
3081.01	3334.02
3082.21	3356
3083.5	3382
3084.78	3320
3086.06	3464
3087.34	3389
3088.63	3383
3089.91	3413
3091.19	3410
3092.47	3369
3093.75	3334
3095.03	3350
3096.31	3367
3097.59	3245
3098.88	3301
3100.16	3371
3101.44	3376
3102.72	3357
3104	3327
3105.27	3271
3106.55	3286
3107.83	3240
3109.11	3270
3110.39	3245
3111.67	3288
3112.95	3286
3114.22	3326
3115.5	3269
3116.78	3343
3118.06	3260
3119.33	3254
3120.61	3306
3121.88	3263
3123.16	3233
3124.44	3306
3125.71	3292
3126.99	3228
3128.26	3273
3129.54	3295
3130.81	3199
3132.09	3231
3133.36	3209
3134.64	3312
3135.91	3217
3137.19	3254
3138.46	3279
3139.73	3212
3141.01	3197
3142.28	3248
3143.55	3266
3144.82	3284
3146.1	3180
3147.37	3177
3148.64	3095
3149.91	3253
3151.18	3196
3152.45	3192
3153.73	3166
3155	3163
3156.27	3206
3157.54	3159
3158.81	3170.5
3160.08	3182
3161.35	3170
3162.62	3193
3163.89	3159
3165.15	3150
3166.42	3133
3167.69	3155
3168.96	3191
3170.23	3104
3171.5	3093
3172.76	3080
3174.03	3129
3175.3	3125
3176.57	3111
3177.83	3045
3179.1	3114
3180.37	3129
3181.63	3077
3182.9	3122
3184.16	3053
3185.43	3107
3186.69	3111
3187.96	3059
3189.22	3031
3190.49	3065
3191.75	3100
3193.02	3019
3194.28	3083
3195.55	3069
3196.81	2996
3198.07	3020
3199.34	3020
3200.6	3013
3201.86	3038
3203.12	3041
3204.39	3080
3205.65	2990
3206.91	3019
3208.17	3053
3209.43	3032
3210.69	2979
3211.96	3018
3213.22	3025
3214.48	2940
3215.74	3037
3217	2994
3218.26	2983
3219.52	3025
3220.78	3045
3222.04	3003
3223.3	2967
3224.55	2946
3225.81	2927
3227.07	2901
3228.33	2985
3229.59	3001
3230.84	3006
3232.1	2914
3233.36	2899
3234.62	2972
3235.87	2956
3237.13	2987
3238.39	2905
3239.64	2895
3240.9	2986
3242.15	2904
3243.41	2942
3244.67	3016
3245.92	2888
3247.18	2904
3248.43	2929
3249.69	2937
3250.94	2876
3252.19	2915
3253.45	2888
3254.7	2890
3255.95	2869
3257.21	2816
3258.46	2894
3259.72	2873
3260.97	2850
3262.22	2932
3263.47	2885
3264.72	2903
3265.98	2952
3267.23	2816
3268.48	2799
3269.73	2868
3270.98	2803
3272.23	2833
3273.48	2837
3274.73	2766
3275.98	2822
3277.23	2801
3278.48	2856
3279.73	2788
3280.98	2826
3282.23	2798
3283.48	2869
3284.73	2799
3285.98	2772
3287.22	2778
3288.47	2753
3289.72	2795
3290.97	2769
3292.21	2872
3293.46	2767
3294.71	2753
3295.96	2722
3297.2	2734
3298.45	2760
3299.69	2708
3300.94	2753
3302.19	2705
3303.43	2746
3304.68	2747
3305.92	2749
3307.17	2704
3308.41	2701
3309.66	2747
3310.9	2680
3312.14	2723
3313.39	2653
3314.63	2662
3315.87	2681
3317.12	2711
3318.36	2684
3319.6	2649
3320.84	2686
3322.09	2679
3323.33	2656
3324.57	2648
3325.81	2640
3327.05	2589
3328.29	2636
3329.54	2626
3330.78	2531
3332.02	2630
3333.26	2655
3334.5	2604
3335.74	2627
3336.98	2605
3338.22	2664
3339.46	2537
3340.69	2621
3341.93	2604
3343.17	2619
3344.41	2601
3345.65	2621
3346.89	2556
3348.12	2593
3349.36	2556
3350.6	2648
3351.84	2563
3353.07	2569
3354.31	2534
3355.55	2546
3356.78	2561
3358.02	2565
3359.26	2571
3360.49	2534
3361.73	2554
3362.96	2588
3364.2	2511
3365.43	2529
3366.67	2529
3367.9	2493
3369.14	2504
3370.37	2453
3371.6	2501
3372.84	2528
3374.07	2479
3375.3	2536
3376.54	2507
3377.77	2490
3379	2526
3380.24	2552
3381.47	2500
3382.7	2555
3383.93	2455
3385.16	2452
3386.39	2457
3387.62	2455
3388.86	2554
3390.09	2437
3391.32	2460
3392.55	2462
3393.78	2459
3395.01	2522
3396.24	2465
3397.47	2483
3398.7	2473
3399.93	2422
3401.15	2442
3402.38	2496
3403.61	2440
3404.84	2420
3406.07	2444
3407.29	2422
3408.52	2450
3409.75	2431
3410.98	2373
3412.2	2387
3413.43	2380
3414.66	2487
3415.88	2397
3417.11	2374
3418.34	2419
3419.56	2415
3420.79	2378
3422.01	2405
3423.24	2386
3424.46	2381
3425.69	2333
3426.91	2326
3428.14	2333
3429.36	2390
3430.58	2329
3431.81	2360
3433.03	2366
3434.25	2432
3435.48	2379
3436.7	2282
3437.92	2324
3439.15	2307
3440.37	2316
3441.59	2352
3442.81	2327
3444.03	2305
3445.25	2361
3446.48	2289
3447.7	2354
3448.92	2328
3450.14	2292
3451.36	2345
3452.58	2244
3453.8	2324
3455.02	2291
3456.24	2198
3457.46	2308
3458.68	2294
3459.89	2279
3461.11	2310
3462.33	2318
3463.55	2250
3464.77	2248
3465.99	2253
3467.2	2268
3468.42	2242
3469.64	2243
3470.86	2222
3472.07	2212
3473.29	2239
3474.51	2228
3475.72	2218
3476.94	2250
3478.15	2221
3479.37	2215
3480.59	2214
3481.8	2196
3483.02	2157
3484.23	2206
3485.45	2267
3486.66	2217
3487.87	2185
3489.09	2270
3490.3	2184
3491.52	2230
3492.73	2161
3493.94	2134
3495.15	2177
3496.37	2164
3497.58	2133
3498.79	2192
3500	2096
3501.22	2180
3502.43	2129
3503.64	2110
3504.85	2100
3506.06	2112
3507.27	2100
3508.48	2091
3509.69	2178
3510.91	2204
3512.12	2152
3513.32	2119
3514.53	2104
3515.74	2160
3516.95	2112
3518.16	2100
3519.37	2132
3520.58	2114
3521.79	2114
3523	2079
3524.21	2062
3525.41	2145
3526.62	2073
3527.83	2092
3529.04	2118
3530.24	2073
3531.45	2050
3532.66	2064
3533.86	2075
3535.07	2106
3536.27	2083
3537.48	2126
3538.69	2077
3539.89	2112
3541.1	2047
3542.3	2098
3543.51	2068
3544.71	2069
3545.92	2091
3547.12	2009
3548.32	2093
3549.53	2025
3550.73	2062
3551.94	2046
3553.14	2077
3554.34	2122
3555.54	2012
3556.75	2010
3557.95	2044
3559.15	2018
3560.35	2024
3561.56	2015
3562.76	2058
3563.96	2067
3565.16	2033
3566.36	2037
3567.56	2083
3568.76	2021
3569.96	1998
3571.16	1941
3572.36	2017
3573.56	2030
3574.76	1959
3575.96	1976
3577.16	1952
3578.36	1960
3579.56	2034
3580.76	2002
3581.96	1997
3583.15	2026
3584.35	2007
3585.55	1978
3586.75	1970
3587.95	1942
3589.14	1979
3590.34	2013
3591.54	2009
3592.73	1950
3593.93	1989
3595.13	1933
3596.32	1921
3597.52	1933
3598.71	1907
3599.91	1836
3601.1	1930
3602.3	1963
3603.49	1988
3604.69	1886
3605.88	1904
3607.08	1958
3608.27	1897
3609.46	1892
3610.66	1901
3611.85	1946
3613.04	1851
3614.24	1868
3615.43	1897
3616.62	1894
3617.81	1953
3619.01	1876
3620.2	1880
3621.39	1872
3622.58	1926
3623.77	1911
3624.97	1867
3626.16	1858
3627.35	1919
3628.54	1846
3629.73	1858
3630.92	1897
3632.11	1847
3633.3	1918
3634.49	1808
3635.68	1840
3636.87	1841
3638.06	1881
3639.24	1838
3640.43	1800
3641.62	1881
3642.81	1812
3644	1799
3645.19	1827
3646.37	1820
3647.56	1863
3648.75	1788
3649.94	1814
3651.12	1797
3652.31	1798
3653.5	1799
3654.68	1817
3655.87	1791
3657.05	1784
3658.24	1827
3659.42	1823
3660.61	1801
3661.79	1780
3662.98	1793
3664.16	1812
3665.35	1758
3666.53	1833
3667.72	1796
3668.9	1813
3670.08	1797
3671.27	1791
3672.45	1761
3673.63	1768
3674.82	1778
3676	1761
3677.18	1806
3678.36	1810
3679.55	1778
3680.73	1735
3681.91	1739
3683.09	1761
3684.27	1755
3685.45	1731
3686.63	1767
3687.82	1748
3689	1747
3690.18	1748
3691.36	1753
3692.54	1779
3693.72	1719
3694.9	1761
3696.07	1760
3697.25	1761
3698.43	1739
3699.61	1679
3700.79	1708
3701.97	1729
3703.15	1664
3704.32	1732
3705.5	1691
3706.68	1720
3707.86	1705
3709.03	1679
3710.21	1646
3711.39	1682
3712.57	1691
3713.74	1694
3714.92	1686
3716.09	1679
3717.27	1642
3718.45	1661
3719.62	1683
3720.8	1702
3721.97	1661
3723.15	1694
3724.32	1699
3725.49	1682
3726.67	1650
3727.84	1636
3729.02	1613
3730.19	1634
3731.36	1715
3732.54	1657
3733.71	1633
3734.88	1667
3736.06	1601
3737.23	1629
3738.4	1599
3739.57	1619
3740.75	1623
3741.92	1598
3743.09	1625
3744.26	1622
3745.43	1669
3746.6	1610
3747.77	1610
3748.94	1597
3750.11	1591
3751.28	1596
3752.45	1600
3753.62	1619
3754.79	1591
3755.96	1596
3757.13	1550
3758.3	1559
3759.47	1560.5
3760.64	1562
3761.81	1542
3762.97	1609
3764.14	1589
3765.31	1539
3766.48	1590
3767.65	1613
3768.81	1589
3769.98	1499
3771.15	1539
3772.31	1569
3773.48	1547
3774.65	1538
3775.81	1504
3776.98	1524
3778.14	1535
3779.31	1503
3780.48	1505
3781.64	1547
3782.8	1512
3783.97	1532
3785.13	1514
3786.3	1495
3787.46	1486
3788.63	1532
3789.79	1506
3790.95	1537
3792.12	1488
3793.28	1457
3794.44	1497
3795.61	1517
3796.77	1514
3797.93	1501
3799.09	1461
3800.26	1490
3801.42	1507
3802.58	1452
3803.74	1474
3804.9	1477
3806.06	1497
3807.22	1411
3808.38	1487
3809.55	1450
3810.71	1501
3811.87	1488
3813.03	1433
3814.18	1509
3815.34	1448
3816.5	1505
3817.66	1427
3818.82	1419
3819.98	1445.5
3821.14	1472
3822.3	1473
3823.46	1451
3824.61	1404
3825.77	1397
3826.93	1417
3828.09	1433
3829.24	1415
3830.4	1463
3831.56	1445
3832.71	1464
3833.87	1409
3835.03	1415
3836.18	1446
3837.34	1447
3838.5	1377
3839.65	1427
3840.81	1394
3841.96	1434
3843.12	1355
3844.27	1341
3845.43	1341
3846.58	1435
3847.73	1408
3848.89	1403
3850.04	1404
3851.2	1353
3852.35	1390
3853.5	1425
3854.66	1417
3855.81	1440
3856.96	1400
3858.11	1369
3859.27	1389
3860.42	1365
3861.57	1332
3862.72	1351
3863.87	1399
3865.02	1339
3866.18	1330
3867.33	1350
3868.48	1314
3869.63	1361
3870.78	1408
3871.93	1309
3873.08	1360
3874.23	1356
3875.38	1346
3876.53	1338
3877.68	1328
3878.83	1334
3879.97	1333
3881.12	1347
3882.27	1349
3883.42	1304
3884.57	1363
3885.72	1284
3886.86	1285
3888.01	1241
3889.16	1284
3890.31	1283
3891.45	1244
3892.6	1302
3893.75	1309
3894.89	1237
3896.04	1266
3897.18	1302
3898.33	1312
3899.48	1312
3900.62	1257
3901.77	1274
3902.91	1270
3904.06	1269
3905.2	1258
3906.35	1317
3907.49	1256
3908.63	1272
3909.78	1285
3910.92	1282
3912.07	1253
3913.21	1306
3914.35	1259
3915.5	1238
3916.64	1224
3917.78	1216
3918.92	1264
3920.07	1250
3921.21	1258
3922.35	1254
3923.49	1229
3924.63	1224
3925.77	1222
3926.92	1289
3928.06	1228
3929.2	1205
3930.34	1261
3931.48	1213
3932.62	1242
3933.76	1204
3934.9	1224
3936.04	1192
3937.18	1255
3938.32	1211
3939.46	1227
3940.59	1250
3941.73	1200
3942.87	1237
3944.01	1239
3945.15	1174
3946.29	1204
3947.42	1187
3948.56	1176
3949.7	1189
3950.84	1191
3951.97	1147
3953.11	1182
3954.25	1178
3955.38	1211
3956.52	1174
3957.66	1179
3958.79	1155
3959.93	1199
3961.06	1198
3962.2	1189
3963.33	1153
3964.47	1163
3965.6	1182
3966.74	1162
3967.87	1153
3969.01	1152
3970.14	1181
3971.27	1170
3972.41	1162
3973.54	1195
3974.68	1162
3975.81	1196
3976.94	1151
3978.07	1145
3979.21	1146
3980.34	1108
3981.47	1157
3982.6	1127
3983.73	1111
3984.87	1124
3986	1121
3987.13	1142
3988.26	1155
3989.39	1114
3990.52	1125
3991.65	1121
3992.78	1139
3993.91	1099
3995.04	1135
3996.17	1145
3997.3	1144
3998.43	1126
3999.56	1114
